0 0.105152 0.346049 0.107029 0.334788 0.114536 0.323996 0.131428 0.321650 0.143159 0.326342 0.144097 0.346518 0.137059 0.357780 0.114067 0.358249
0 0.106560 0.262528 0.107967 0.249390 0.118290 0.241413 0.131428 0.240475 0.143159 0.249859 0.139874 0.270974 0.126267 0.277543 0.112190 0.275666
0 0.107029 0.181353 0.107029 0.170092 0.113129 0.160708 0.128613 0.156015 0.142220 0.163054 0.141282 0.181822 0.137997 0.189330 0.125798 0.191676 0.115475 0.190738
0 0.195711 0.258774 0.198527 0.247982 0.209319 0.239067 0.229964 0.242352 0.235595 0.254551 0.231841 0.271913 0.216357 0.279420 0.200873 0.273789
0 0.197119 0.174784 0.202750 0.162584 0.216357 0.156954 0.228557 0.161646 0.234187 0.173846 0.227618 0.188861 0.213542 0.194491 0.198527 0.188392
0 0.195002 0.086662 0.200176 0.074762 0.217767 0.071140 0.232771 0.079418 0.232254 0.098044 0.218284 0.106840 0.201728 0.102701
0 0.336483 0.346566 0.338299 0.328852 0.355560 0.315225 0.372820 0.316134 0.385084 0.326581 0.386446 0.346112 0.371911 0.359284 0.349655 0.361101
0 0.336488 0.244641 0.335988 0.231120 0.349008 0.217598 0.374549 0.216096 0.387570 0.232622 0.380058 0.256661 0.358524 0.261669
0 0.339994 0.145483 0.339994 0.130960 0.351512 0.118940 0.368540 0.114934 0.384565 0.125952 0.385567 0.140976 0.379056 0.154998 0.368039 0.160507 0.349008 0.158003
0 0.748773 0.887639 0.748773 0.858842 0.762639 0.833778 0.790902 0.818846 0.829298 0.824712 0.851163 0.848176 0.851163 0.884439 0.830365 0.910036 0.800501 0.918035 0.762105 0.908970
0 0.743566 0.685892 0.744141 0.652574 0.771714 0.623277 0.810202 0.614085 0.848690 0.632468 0.857307 0.670381 0.845244 0.707721 0.807904 0.726677 0.769416 0.713465
0 0.764821 0.489430 0.765395 0.456112 0.784352 0.434283 0.819393 0.427964 0.842946 0.441751 0.851563 0.473920 0.837201 0.507238 0.806181 0.519876 0.783203 0.511834
0 0.578331 0.112549 0.575858 0.095234 0.584515 0.077919 0.608839 0.066375 0.633163 0.072147 0.647592 0.092761 0.641821 0.122032 0.616260 0.137286 0.591524 0.129453
