0 0.595202 0.345302 0.594702 0.332782 0.600711 0.323267 0.615735 0.316256 0.631761 0.318760 0.639774 0.330278 0.638772 0.347306 0.626753 0.360327 0.606220 0.357322
0 0.596204 0.244141 0.597206 0.229117 0.605218 0.220603 0.620242 0.214593 0.635767 0.218099 0.644281 0.236629 0.636769 0.254157 0.620242 0.263672 0.605218 0.257662
0 0.597206 0.147486 0.597706 0.131460 0.611228 0.116436 0.632262 0.117939 0.643279 0.134465 0.631260 0.156500 0.612730 0.161508
0 0.712390 0.143480 0.712390 0.130459 0.719401 0.120443 0.735427 0.115935 0.751953 0.122947 0.757963 0.138472 0.751953 0.155499 0.737931 0.162510 0.718399 0.158003
0 0.713892 0.241136 0.713892 0.227113 0.725411 0.215595 0.746444 0.218099 0.757963 0.231621 0.752955 0.252153 0.738932 0.261168 0.720403 0.257161
0 0.713892 0.342798 0.713391 0.330278 0.717899 0.318760 0.733924 0.314754 0.748948 0.317758 0.757462 0.335787 0.754457 0.347806 0.746945 0.356320 0.732422 0.359826 0.717899 0.355819
0 0.855152 0.346049 0.857029 0.334788 0.864536 0.323996 0.881428 0.321650 0.893159 0.326342 0.894097 0.346518 0.887059 0.357780 0.864067 0.358249
0 0.856560 0.262528 0.857967 0.249390 0.868290 0.241413 0.881428 0.240475 0.893159 0.249859 0.889874 0.270974 0.876267 0.277543 0.862190 0.275666
0 0.857029 0.181353 0.857029 0.170092 0.863129 0.160708 0.878613 0.156015 0.892220 0.163054 0.891282 0.181822 0.887997 0.189330 0.875798 0.191676 0.865475 0.190738
0 0.945711 0.258774 0.948527 0.247982 0.959319 0.239067 0.979964 0.242352 0.985595 0.254551 0.981841 0.271913 0.966357 0.279420 0.950873 0.273789
0 0.947119 0.174784 0.952750 0.162584 0.966357 0.156954 0.978557 0.161646 0.984187 0.173846 0.977618 0.188861 0.963542 0.194491 0.948527 0.188392
0 0.945002 0.086662 0.950176 0.074762 0.967767 0.071140 0.982771 0.079418 0.982254 0.098044 0.968284 0.106840 0.951728 0.102701
0 0.711806 0.044549 0.716064 0.025550 0.727201 0.017361 0.740632 0.016378 0.748493 0.021292 0.754717 0.032757 0.754717 0.045860 0.747183 0.056342 0.732115 0.061583 0.719012 0.057324
