0 0.459994 0.827158 0.443547 0.803454 0.439677 0.771527 0.448384 0.745404 0.475474 0.729441 0.514174 0.730408 0.543682 0.755563 0.544650 0.796198 0.528202 0.824255 0.486116 0.833446
0 0.259438 0.831298 0.233661 0.815435 0.219781 0.781726 0.227316 0.750793 0.249921 0.730964 0.287595 0.726999 0.320907 0.746034 0.335581 0.773794 0.326459 0.808693 0.295923 0.832487
0 0.453063 0.624875 0.437500 0.589392 0.443103 0.551419 0.471738 0.529631 0.525896 0.535857 0.550174 0.570095 0.537724 0.618650 0.502241 0.637948
0 0.297217 0.633668 0.245324 0.627395 0.224224 0.597172 0.224224 0.556683 0.249316 0.530452 0.302349 0.532733 0.328581 0.557824 0.335995 0.591469 0.318887 0.625114
0 0.208307 0.484534 0.198740 0.478954 0.196349 0.462612 0.197545 0.450654 0.208307 0.443479 0.226642 0.442682 0.239796 0.454241 0.238999 0.473772 0.229831 0.487325
0 0.320711 0.488122 0.298788 0.481744 0.292809 0.463409 0.300383 0.446269 0.315928 0.442682 0.335459 0.445871 0.349011 0.459024 0.344228 0.480150
0 0.327089 0.403221 0.304767 0.397640 0.290418 0.377710 0.300781 0.360172 0.321907 0.353396 0.343033 0.363361 0.349410 0.382892
0 0.286853 0.258840 0.255727 0.247012 0.243899 0.225224 0.252615 0.202191 0.282495 0.188496 0.309885 0.198456 0.321713 0.222734 0.306150 0.251370
0 0.420373 0.255208 0.388936 0.254270 0.371575 0.235032 0.372982 0.202187 0.398320 0.189048 0.424596 0.194679 0.443365 0.212040 0.444773 0.236440
0 0.296500 0.124296 0.259901 0.122419 0.243947 0.096143 0.247232 0.070336 0.267877 0.056259 0.298846 0.056729 0.319961 0.083005 0.312453 0.110689
0 0.399728 0.130396 0.378144 0.116789 0.367821 0.085820 0.378613 0.064236 0.401136 0.053913 0.430227 0.063298 0.446650 0.089105 0.438204 0.113973 0.412397 0.130865
0 0.567969 0.158594 0.540885 0.161198 0.522135 0.147656 0.519010 0.124219 0.533594 0.107031 0.557552 0.103385 0.575781 0.113802 0.582552 0.143490
0 0.552057 0.086814 0.537251 0.085645 0.525561 0.071228 0.520496 0.053304 0.525951 0.042004 0.542316 0.029536 0.562968 0.032263 0.582060 0.038108 0.587516 0.055642 0.584009 0.076683
