0 0.019716 0.844286 0.005633 0.862393 0.010998 0.889217 0.029104 0.902629 0.057269 0.894582 0.074034 0.868428 0.052575 0.842275
0 0.245888 0.906661 0.230674 0.885280 0.231086 0.852796 0.252056 0.829770 0.281250 0.825247 0.316201 0.841694 0.327303 0.875822 0.307566 0.908306 0.273438 0.918174
0 0.280678 0.726877 0.236607 0.717720 0.221154 0.683379 0.229739 0.638736 0.260073 0.623283 0.307578 0.624428 0.333333 0.653617 0.332189 0.706273
0 0.267514 0.530563 0.228022 0.506525 0.220009 0.457303 0.252060 0.424107 0.305288 0.424679 0.335050 0.457303 0.326465 0.507097 0.295559 0.529418
0 0.290264 0.280306 0.245622 0.275155 0.215573 0.233946 0.236178 0.184152 0.298850 0.173850 0.340917 0.217634 0.331473 0.266569
0 0.447373 0.267428 0.435354 0.223644 0.455100 0.185010 0.499742 0.171274 0.547819 0.201322 0.547819 0.254550 0.507469 0.283740 0.468836 0.282023
0 0.433123 0.949317 0.412990 0.937938 0.409926 0.916929 0.420431 0.901611 0.449317 0.900735 0.458508 0.916054 0.458071 0.935749 0.448004 0.945816
0 0.458071 0.848214 0.429622 0.851278 0.405112 0.839023 0.408176 0.807948 0.425245 0.796131 0.446691 0.797006 0.461572 0.808824 0.465949 0.830270
0 0.537728 0.852153 0.521096 0.841211 0.515844 0.828519 0.517595 0.809261 0.529849 0.798757 0.546919 0.794380 0.570991 0.803571 0.576243 0.827206 0.567927 0.848652
0 0.442909 0.700721 0.436298 0.665865 0.444712 0.643630 0.464543 0.625601 0.494591 0.620793 0.533053 0.636418 0.546274 0.665865 0.542668 0.698918 0.524038 0.717548 0.484976 0.729567 0.457933 0.722356
0 0.466797 0.528564 0.443604 0.503540 0.432007 0.470581 0.447876 0.432129 0.491821 0.419312 0.538818 0.440063 0.547974 0.491943 0.506470 0.530396
0 0.825384 0.964912 0.766447 0.947094 0.724644 0.901179 0.710938 0.845669 0.717791 0.790844 0.750000 0.751096 0.791804 0.725740 0.858279 0.720258 0.920641 0.752467 0.956963 0.820312 0.938459 0.910088 0.869929 0.959430
0 0.837774 0.668576 0.785483 0.657993 0.752490 0.626245 0.738172 0.582047 0.744397 0.535981 0.769298 0.504233 0.800423 0.486803 0.851469 0.484935 0.893177 0.501121 0.921813 0.538471 0.928038 0.586404 0.905627 0.633715 0.870767 0.666086
