0 0.107029 0.931353 0.107029 0.920092 0.113129 0.910708 0.128613 0.906015 0.142220 0.913054 0.141282 0.931822 0.137997 0.939330 0.125798 0.941676 0.115475 0.940738
0 0.197119 0.924784 0.202750 0.912584 0.216357 0.906954 0.228557 0.911646 0.234187 0.923846 0.227618 0.938861 0.213542 0.944491 0.198527 0.938392
0 0.195002 0.836662 0.200176 0.824762 0.217767 0.821140 0.232771 0.829418 0.232254 0.848044 0.218284 0.856840 0.201728 0.852701
0 0.106799 0.758585 0.106799 0.745421 0.118246 0.736264 0.138278 0.736836 0.143429 0.758013 0.133700 0.773466 0.115385 0.771177
0 0.198375 0.759730 0.197230 0.748855 0.204670 0.737981 0.218407 0.734547 0.232715 0.743704 0.232715 0.759158 0.225847 0.770032 0.209249 0.772894
0 0.339994 0.895483 0.339994 0.880960 0.351512 0.868940 0.368540 0.864934 0.384565 0.875952 0.385567 0.890976 0.379056 0.904998 0.368039 0.910507 0.349008 0.908003
0 0.314389 0.756383 0.314645 0.746936 0.318985 0.740809 0.328176 0.737490 0.335325 0.739277 0.340176 0.747192 0.338133 0.757149 0.330984 0.763276 0.319240 0.763276
0 0.378472 0.753574 0.378983 0.745404 0.383323 0.738000 0.394046 0.736469 0.403493 0.740554 0.405535 0.750255 0.398386 0.762510 0.385876 0.763531 0.378728 0.760723
0 0.197200 0.669661 0.201628 0.657642 0.210062 0.650894 0.221871 0.651105 0.230305 0.659329 0.231781 0.671559 0.225666 0.681048 0.214912 0.684632 0.201839 0.681469
0 0.179065 0.691380 0.182018 0.684000 0.188554 0.679782 0.198465 0.682734 0.202682 0.688639 0.200784 0.698760 0.192982 0.702767 0.184126 0.700025
0 0.233679 0.693489 0.234733 0.685054 0.239794 0.680626 0.248018 0.681258 0.253922 0.687163 0.254133 0.698549 0.244433 0.701290 0.237475 0.700658
0 0.776864 0.813048 0.761102 0.791804 0.759046 0.767133 0.780976 0.736979 0.813185 0.728070 0.840598 0.741776 0.852933 0.767818 0.845395 0.802769 0.828262 0.821272 0.802220 0.824698
0 0.578331 0.862549 0.575858 0.845234 0.584515 0.827919 0.608839 0.816375 0.633163 0.822147 0.647592 0.842761 0.641821 0.872032 0.616260 0.887286 0.591524 0.879453
0 0.572147 0.735983 0.577919 0.716194 0.599357 0.703826 0.628216 0.705063 0.646356 0.724027 0.644706 0.746702 0.629453 0.767315 0.609251 0.769789 0.578743 0.757833
0 0.579280 0.637506 0.574948 0.621621 0.580436 0.604292 0.598342 0.591006 0.622314 0.588118 0.637910 0.599382 0.646863 0.617866 0.641087 0.641260 0.622314 0.654257 0.594010 0.650503 0.583901 0.645015
0 0.912418 0.629934 0.912418 0.608553 0.928865 0.590872 0.953125 0.587171 0.975329 0.597451 0.982730 0.623355 0.967105 0.649671 0.943668 0.656250 0.922286 0.646793
0 0.775468 0.528049 0.769256 0.508935 0.773557 0.487911 0.790281 0.473576 0.808916 0.468320 0.827552 0.481221 0.836153 0.505591 0.824685 0.531393 0.798882 0.540472
0 0.766867 0.402380 0.765434 0.385656 0.776902 0.364631 0.796015 0.356508 0.813695 0.356508 0.833286 0.374666 0.835675 0.400468 0.823251 0.422448 0.796493 0.426271 0.776424 0.419104
0 0.911868 0.521774 0.908514 0.508917 0.915222 0.484319 0.934230 0.472300 0.954634 0.468946 0.970287 0.477890 0.980629 0.494382 0.979791 0.518700 0.965256 0.535750 0.947367 0.540502 0.926124 0.535471
0 0.912986 0.409129 0.912986 0.382295 0.927801 0.365245 0.942056 0.356859 0.962181 0.356859 0.977275 0.372512 0.981189 0.394874 0.973921 0.415837 0.953796 0.425341 0.929198 0.421148
0 0.588182 0.386674 0.578843 0.373024 0.579921 0.347522 0.597881 0.329562 0.620510 0.326329 0.643858 0.338182 0.648168 0.370869 0.638829 0.393858 0.604346 0.396013
0 0.557187 0.275847 0.552233 0.260987 0.565742 0.238473 0.589607 0.234870 0.605818 0.253782 0.600865 0.280800 0.574298 0.285753
0 0.563040 0.194795 0.554035 0.177684 0.564391 0.154269 0.588707 0.147064 0.606718 0.164175 0.601765 0.194344 0.576099 0.202450
