0 0.597206 0.897486 0.597706 0.881460 0.611228 0.866436 0.632262 0.867939 0.643279 0.884465 0.631260 0.906500 0.612730 0.911508
0 0.712390 0.893480 0.712390 0.880459 0.719401 0.870443 0.735427 0.865935 0.751953 0.872947 0.757963 0.888472 0.751953 0.905499 0.737931 0.912510 0.718399 0.908003
0 0.857029 0.931353 0.857029 0.920092 0.863129 0.910708 0.878613 0.906015 0.892220 0.913054 0.891282 0.931822 0.887997 0.939330 0.875798 0.941676 0.865475 0.940738
0 0.947119 0.924784 0.952750 0.912584 0.966357 0.906954 0.978557 0.911646 0.984187 0.923846 0.977618 0.938861 0.963542 0.944491 0.948527 0.938392
0 0.945002 0.836662 0.950176 0.824762 0.967767 0.821140 0.982771 0.829418 0.982254 0.848044 0.968284 0.856840 0.951728 0.852701
0 0.856799 0.758585 0.856799 0.745421 0.868246 0.736264 0.888278 0.736836 0.893429 0.758013 0.883700 0.773466 0.865385 0.771177
0 0.948375 0.759730 0.947230 0.748855 0.954670 0.737981 0.968407 0.734547 0.982715 0.743704 0.982715 0.759158 0.975847 0.770032 0.959249 0.772894
0 0.711806 0.794549 0.716064 0.775550 0.727201 0.767361 0.740632 0.766378 0.748493 0.771292 0.754717 0.782757 0.754717 0.795860 0.747183 0.806342 0.732115 0.811583 0.719012 0.807324
0 0.711892 0.695449 0.713840 0.676746 0.723971 0.668953 0.741506 0.666225 0.753585 0.675577 0.756702 0.692332 0.747350 0.709087 0.730595 0.709476 0.716178 0.704800
0 0.596166 0.692721 0.598504 0.680642 0.605128 0.670511 0.620324 0.666615 0.632014 0.668953 0.640196 0.680252 0.639417 0.698176 0.629676 0.708307 0.614090 0.711814 0.603959 0.705580
0 0.715009 0.597257 0.714620 0.578943 0.725530 0.569202 0.745792 0.568033 0.756702 0.586347 0.750857 0.605829 0.737219 0.610505 0.723971 0.608557
0 0.947200 0.669661 0.951628 0.657642 0.960062 0.650894 0.971871 0.651105 0.980305 0.659329 0.981781 0.671559 0.975666 0.681048 0.964912 0.684632 0.951839 0.681469
0 0.929065 0.691380 0.932018 0.684000 0.938554 0.679782 0.948465 0.682734 0.952682 0.688639 0.950784 0.698760 0.942982 0.702767 0.934126 0.700025
