0 0.019716 0.094286 0.005633 0.112393 0.010998 0.139217 0.029104 0.152629 0.057269 0.144582 0.074034 0.118428 0.052575 0.092275
0 0.264933 0.607298 0.206586 0.589498 0.181863 0.552907 0.189775 0.497528 0.249110 0.466871 0.304490 0.483683 0.331191 0.538074 0.306468 0.596420
0 0.241199 0.386768 0.224387 0.353145 0.246143 0.317544 0.285700 0.306665 0.324268 0.327433 0.326246 0.378857 0.302512 0.398635 0.263944 0.401602
0 0.245888 0.156661 0.230674 0.135280 0.231086 0.102796 0.252056 0.079770 0.281250 0.075247 0.316201 0.091694 0.327303 0.125822 0.307566 0.158306 0.273438 0.168174
0 0.416650 0.611284 0.401578 0.591690 0.402582 0.556019 0.427703 0.543961 0.462872 0.548985 0.474427 0.574608 0.463877 0.606762 0.431220 0.614801
0 0.531200 0.613294 0.510601 0.597719 0.509596 0.567574 0.523664 0.549488 0.552803 0.543459 0.574407 0.554512 0.583953 0.578125 0.574407 0.604250
0 0.542127 0.465492 0.513923 0.453589 0.506807 0.433478 0.510829 0.407488 0.529394 0.395421 0.559097 0.399134 0.581064 0.415842 0.580755 0.443069 0.567450 0.459777
0 0.433123 0.199317 0.412990 0.187938 0.409926 0.166929 0.420431 0.151611 0.449317 0.150735 0.458508 0.166054 0.458071 0.185749 0.448004 0.195816
0 0.458071 0.098214 0.429622 0.101278 0.405112 0.089023 0.408176 0.057948 0.425245 0.046131 0.446691 0.047006 0.461572 0.058824 0.465949 0.080270
0 0.537728 0.102153 0.521096 0.091211 0.515844 0.078519 0.517595 0.059261 0.529849 0.048757 0.546919 0.044380 0.570991 0.053571 0.576243 0.077206 0.567927 0.098652
0 0.855537 0.493832 0.803454 0.474644 0.771930 0.450658 0.752741 0.404742 0.747944 0.357456 0.763021 0.307429 0.795916 0.271793 0.843887 0.250548 0.903509 0.249178 0.967928 0.292352 0.996711 0.352659 0.980948 0.436266 0.933662 0.484923
