0 0.539614 0.826789 0.530901 0.815172 0.530321 0.796585 0.536129 0.780901 0.547746 0.768123 0.579693 0.768123 0.592472 0.783225 0.595376 0.804717 0.587244 0.823885 0.566334 0.833178
0 0.598862 0.896492 0.590149 0.884875 0.589568 0.866287 0.595376 0.850604 0.606993 0.837825 0.638941 0.837825 0.651719 0.852928 0.654624 0.874419 0.646492 0.893587 0.625581 0.902881
0 0.745818 0.825627 0.737105 0.814010 0.736524 0.795423 0.742333 0.779740 0.753950 0.766961 0.785897 0.766961 0.798676 0.782063 0.801580 0.803555 0.793448 0.822723 0.772537 0.832017
0 0.829461 0.825627 0.820748 0.814010 0.820167 0.795423 0.825976 0.779740 0.837593 0.766961 0.869540 0.766961 0.884923 0.782188 0.888626 0.804404 0.877091 0.822723 0.856180 0.832017
0 0.829461 0.825627 0.820748 0.814010 0.820167 0.795423 0.825976 0.779740 0.837593 0.766961 0.869540 0.766961 0.884923 0.782188 0.888626 0.804404 0.877091 0.822723 0.856180 0.832017
0 0.539400 0.891155 0.532649 0.883922 0.529755 0.865114 0.536507 0.849682 0.550010 0.843412 0.566889 0.843412 0.580392 0.854022 0.580392 0.875241 0.573158 0.892602 0.554832 0.894531
0 0.612703 0.821711 0.605951 0.814477 0.603057 0.795669 0.609809 0.780237 0.623312 0.773968 0.640191 0.773968 0.653694 0.784578 0.659481 0.806761 0.646460 0.823158 0.628135 0.825087
0 0.682629 0.820264 0.675878 0.813030 0.672984 0.794223 0.679736 0.778791 0.693239 0.772521 0.710118 0.772521 0.723621 0.783131 0.729408 0.805314 0.716387 0.821711 0.698061 0.823640
0 0.909062 0.832500 0.899375 0.825000 0.897500 0.806563 0.909275 0.790751 0.922778 0.784482 0.939657 0.784482 0.957500 0.793437 0.960938 0.819688 0.947500 0.835938 0.924687 0.838438
0 0.677605 0.894843 0.668892 0.883225 0.668311 0.864638 0.674120 0.848955 0.685737 0.836176 0.717684 0.836176 0.730463 0.851278 0.733367 0.872770 0.725235 0.891938 0.704324 0.901232
0 0.254334 0.908645 0.239507 0.887546 0.239507 0.849909 0.258896 0.824247 0.294252 0.809991 0.329037 0.824818 0.345005 0.859603 0.338732 0.892678 0.320484 0.915488 0.290260 0.920620
0 0.388344 0.906364 0.373517 0.885265 0.373517 0.847628 0.392906 0.821966 0.428262 0.807710 0.463047 0.822536 0.479015 0.857322 0.472742 0.890397 0.454494 0.913207 0.424270 0.918339
0 0.860605 0.510827 0.847072 0.498524 0.844611 0.476993 0.852608 0.454847 0.869218 0.440699 0.901206 0.439469 0.916585 0.454847 0.930733 0.481914 0.919045 0.507136 0.893209 0.515748
0 0.953207 0.605893 0.942690 0.590869 0.940436 0.564577 0.950202 0.555187 0.974991 0.553685 0.993396 0.563075 0.995274 0.585986 0.985133 0.605893 0.968982 0.608522
0 0.888222 0.604460 0.877705 0.589436 0.875451 0.563144 0.885217 0.553754 0.910007 0.552251 0.928411 0.561641 0.930289 0.584553 0.920148 0.604460 0.903997 0.607089
0 0.860605 0.510827 0.847072 0.498524 0.844611 0.476993 0.852608 0.454847 0.869218 0.440699 0.901206 0.439469 0.916585 0.454847 0.930733 0.481914 0.919045 0.507136 0.893209 0.515748
0 0.796476 0.298672 0.780501 0.292682 0.774511 0.278704 0.775509 0.260234 0.788488 0.238768 0.820937 0.238269 0.841903 0.260733 0.838409 0.281699 0.825929 0.299671
0 0.796476 0.298672 0.780501 0.292682 0.774511 0.278704 0.775509 0.260234 0.788488 0.238768 0.820937 0.238269 0.841903 0.260733 0.838409 0.281699 0.825929 0.299671
0 0.900725 0.198990 0.892930 0.190855 0.891574 0.171197 0.901742 0.158656 0.918689 0.153233 0.937331 0.161029 0.943431 0.180009 0.934619 0.196956 0.918011 0.204752
0 0.840845 0.114783 0.833050 0.106649 0.831694 0.086991 0.841862 0.074450 0.858809 0.069027 0.877450 0.076822 0.883551 0.095803 0.874739 0.112750 0.858131 0.120545
0 0.900258 0.088118 0.892462 0.079983 0.891106 0.060325 0.901274 0.047784 0.918221 0.042361 0.936863 0.050157 0.942964 0.069137 0.934151 0.086084 0.917543 0.093880
