0 0.165756 0.415648 0.144010 0.400345 0.130318 0.370544 0.139178 0.335912 0.171394 0.318193 0.210054 0.324636 0.231800 0.359269 0.223746 0.397928 0.194751 0.421285
0 0.662449 0.558538 0.636887 0.540644 0.626981 0.505176 0.638333 0.471047 0.670549 0.453328 0.709209 0.459771 0.730955 0.494404 0.726355 0.534893 0.699195 0.560135
0 0.477845 0.557935 0.452282 0.540041 0.442377 0.504573 0.453729 0.470444 0.485945 0.452724 0.524605 0.459168 0.546351 0.493801 0.541751 0.534289 0.514591 0.559532
0 0.463969 0.389016 0.438407 0.371122 0.424293 0.333891 0.435454 0.298921 0.472070 0.283806 0.510730 0.290249 0.534412 0.324963 0.530320 0.364769 0.500715 0.390613
0 0.167575 0.638198 0.158634 0.627980 0.154802 0.608396 0.164595 0.597326 0.177793 0.589663 0.200783 0.593069 0.209724 0.610950 0.205041 0.631386 0.193120 0.641604
0 0.168426 0.562841 0.159486 0.552623 0.155654 0.533038 0.165446 0.521969 0.178644 0.514305 0.201635 0.517711 0.210576 0.535593 0.205892 0.556029 0.193971 0.566247
0 0.443232 0.858567 0.417670 0.840674 0.407764 0.805206 0.419116 0.771076 0.451333 0.753357 0.489993 0.759801 0.511739 0.794433 0.507138 0.834922 0.479978 0.860165
0 0.176223 0.964382 0.150660 0.946489 0.140755 0.911021 0.152107 0.876891 0.184323 0.859172 0.222983 0.865616 0.244729 0.900248 0.240129 0.940737 0.212969 0.965980
0 0.300517 0.114812 0.280458 0.102143 0.274124 0.074694 0.281514 0.047772 0.308963 0.029297 0.342219 0.039326 0.360695 0.068359 0.351721 0.098448 0.333245 0.115868
0 0.300517 0.114812 0.280458 0.102143 0.274124 0.074694 0.281514 0.047772 0.308963 0.029297 0.342219 0.039326 0.360695 0.068359 0.351721 0.098448 0.333245 0.115868
