0 0.674612 0.925753 0.648951 0.921191 0.639256 0.908645 0.640397 0.889827 0.651232 0.875570 0.674042 0.868157 0.690009 0.880703 0.696852 0.905794 0.682026 0.924042
0 0.561555 0.791650 0.523736 0.793143 0.501344 0.771248 0.498855 0.745870 0.506817 0.723975 0.525229 0.711535 0.554588 0.711037 0.575488 0.726961 0.587928 0.750846 0.580464 0.779210
0 0.428195 0.792645 0.390376 0.794138 0.367984 0.772243 0.365496 0.746865 0.373457 0.724970 0.391869 0.712530 0.421228 0.712032 0.442128 0.727956 0.454568 0.751841 0.447104 0.780205
0 0.306858 0.912326 0.289931 0.908854 0.281684 0.899740 0.280382 0.888889 0.287326 0.874132 0.303819 0.869792 0.317708 0.875000 0.323351 0.891927 0.318142 0.906684
0 0.224826 0.914497 0.207899 0.911024 0.199653 0.901910 0.198351 0.891059 0.205295 0.876302 0.221788 0.871962 0.235677 0.877170 0.241319 0.894097 0.236111 0.908854
0 0.305122 0.833767 0.288194 0.830295 0.279948 0.821181 0.278646 0.810330 0.285590 0.795573 0.302083 0.791233 0.315972 0.796441 0.321615 0.813368 0.316406 0.828125
0 0.226128 0.753472 0.209201 0.750000 0.200955 0.740885 0.199653 0.730035 0.206597 0.715278 0.223090 0.710938 0.236979 0.716146 0.242622 0.733073 0.237413 0.747830
0 0.305122 0.833767 0.288194 0.830295 0.279948 0.821181 0.278646 0.810330 0.285590 0.795573 0.302083 0.791233 0.315972 0.796441 0.321615 0.813368 0.316406 0.828125
0 0.233507 0.833333 0.217014 0.838108 0.201823 0.830729 0.196181 0.819010 0.197917 0.801649 0.206163 0.792969 0.225260 0.787326 0.239583 0.794705 0.247830 0.810764 0.245226 0.825521
0 0.310764 0.752604 0.294271 0.757378 0.279080 0.750000 0.273438 0.738281 0.275174 0.720920 0.283420 0.712240 0.302517 0.706597 0.316840 0.713976 0.325087 0.730035 0.322483 0.744792
0 0.561555 0.791650 0.523736 0.793143 0.501344 0.771248 0.498855 0.745870 0.506817 0.723975 0.525229 0.711535 0.554588 0.711037 0.575488 0.726961 0.587928 0.750846 0.580464 0.779210
0 0.001934 0.705987 0.011216 0.696318 0.028620 0.690903 0.053759 0.694384 0.070777 0.708694 0.077738 0.735767 0.067683 0.759746 0.054920 0.767868 0.037515 0.772896 0.022045 0.772509 0.000000 0.766263
0 0.036355 0.813119 0.040610 0.801516 0.054920 0.789913 0.083153 0.789527 0.100170 0.798809 0.110226 0.813892 0.108679 0.830136 0.097463 0.846380 0.084313 0.856436 0.062268 0.858369 0.048731 0.853728 0.040223 0.840579 0.037129 0.827816
0 0.001160 0.889310 0.018951 0.886989 0.034808 0.889697 0.044477 0.899366 0.050278 0.912515 0.046798 0.932627 0.039836 0.943069 0.024366 0.950804 0.003868 0.953512
