0 0.079461 0.825627 0.070748 0.814010 0.070167 0.795423 0.075976 0.779740 0.087593 0.766961 0.119540 0.766961 0.134923 0.782188 0.138626 0.804404 0.127091 0.822723 0.106180 0.832017
0 0.079461 0.825627 0.070748 0.814010 0.070167 0.795423 0.075976 0.779740 0.087593 0.766961 0.119540 0.766961 0.134923 0.782188 0.138626 0.804404 0.127091 0.822723 0.106180 0.832017
0 0.159062 0.832500 0.149375 0.825000 0.147500 0.806563 0.159275 0.790751 0.172778 0.784482 0.189657 0.784482 0.207500 0.793437 0.210938 0.819688 0.197500 0.835938 0.174687 0.838438
0 0.906379 0.839797 0.903655 0.818351 0.910123 0.803032 0.925442 0.792139 0.948250 0.791799 0.963568 0.803713 0.969355 0.822095 0.960845 0.842861 0.945186 0.852392 0.926123 0.852052
0 0.906379 0.839797 0.903655 0.818351 0.910123 0.803032 0.925442 0.792139 0.948250 0.791799 0.963568 0.803713 0.969355 0.822095 0.960845 0.842861 0.945186 0.852392 0.926123 0.852052
0 0.410419 0.809833 0.399902 0.794809 0.397649 0.768517 0.407414 0.759127 0.432204 0.757625 0.450608 0.767015 0.452486 0.789926 0.442345 0.809833 0.426194 0.812462
0 0.470891 0.772649 0.457369 0.757625 0.457369 0.730957 0.467135 0.721567 0.491925 0.720065 0.510329 0.729455 0.512207 0.752366 0.502066 0.772273 0.485915 0.774902
0 0.471642 0.841008 0.461125 0.825984 0.458872 0.799692 0.468637 0.790302 0.493427 0.788800 0.511831 0.798190 0.513709 0.821101 0.503568 0.841008 0.487417 0.843637
0 0.110605 0.510827 0.097072 0.498524 0.094611 0.476993 0.102608 0.454847 0.119218 0.440699 0.151206 0.439469 0.166585 0.454847 0.180733 0.481914 0.169045 0.507136 0.143209 0.515748
0 0.207800 0.512057 0.194267 0.499754 0.191806 0.478223 0.199803 0.456078 0.216412 0.441929 0.248401 0.440699 0.263780 0.456078 0.277928 0.483145 0.266240 0.508366 0.240404 0.516978
0 0.274403 0.606371 0.263886 0.591347 0.261633 0.565055 0.271398 0.555665 0.296188 0.554162 0.314592 0.563552 0.316470 0.586464 0.306329 0.606371 0.290178 0.609000
0 0.203207 0.605893 0.192690 0.590869 0.190436 0.564577 0.200202 0.555187 0.224991 0.553685 0.243396 0.563075 0.245274 0.585986 0.235133 0.605893 0.218982 0.608522
0 0.138222 0.604460 0.127705 0.589436 0.125451 0.563144 0.135217 0.553754 0.160007 0.552251 0.178411 0.561641 0.180289 0.584553 0.170148 0.604460 0.153997 0.607089
0 0.373184 0.376816 0.350627 0.351507 0.352278 0.321798 0.361081 0.308594 0.391890 0.299241 0.413347 0.310244 0.423801 0.338303 0.420500 0.366362 0.402894 0.377366
0 0.110605 0.510827 0.097072 0.498524 0.094611 0.476993 0.102608 0.454847 0.119218 0.440699 0.151206 0.439469 0.166585 0.454847 0.180733 0.481914 0.169045 0.507136 0.143209 0.515748
0 0.046476 0.298672 0.030501 0.292682 0.024511 0.278704 0.025509 0.260234 0.038488 0.238768 0.070937 0.238269 0.091903 0.260733 0.088409 0.281699 0.075929 0.299671
0 0.046476 0.298672 0.030501 0.292682 0.024511 0.278704 0.025509 0.260234 0.038488 0.238768 0.070937 0.238269 0.091903 0.260733 0.088409 0.281699 0.075929 0.299671
0 0.150725 0.198990 0.142930 0.190855 0.141574 0.171197 0.151742 0.158656 0.168689 0.153233 0.187331 0.161029 0.193431 0.180009 0.184619 0.196956 0.168011 0.204752
0 0.090845 0.114783 0.083050 0.106649 0.081694 0.086991 0.091862 0.074450 0.108809 0.069027 0.127450 0.076822 0.133551 0.095803 0.124739 0.112750 0.108131 0.120545
0 0.150258 0.088118 0.142462 0.079983 0.141106 0.060325 0.151274 0.047784 0.168221 0.042361 0.186863 0.050157 0.192964 0.069137 0.184151 0.086084 0.167543 0.093880
0 0.274971 0.135076 0.265333 0.126898 0.262704 0.102658 0.273511 0.087763 0.294246 0.082214 0.314690 0.090683 0.322868 0.108791 0.313230 0.132155 0.294539 0.140625
