0 0.084084 0.306012 0.070842 0.298067 0.065281 0.284825 0.064751 0.270524 0.074550 0.258077 0.085143 0.252251 0.104476 0.252251 0.118776 0.259137 0.124868 0.275821 0.116658 0.299921 0.103416 0.310249
0 0.241393 0.296478 0.230005 0.306541 0.210673 0.308395 0.198226 0.298861 0.190281 0.282442 0.190546 0.266817 0.201668 0.253310 0.220736 0.250132 0.237950 0.256224 0.248014 0.270524 0.247749 0.286149
0 0.433478 0.285272 0.430074 0.275062 0.430074 0.262686 0.441213 0.254332 0.455136 0.256188 0.462252 0.263923 0.463490 0.276609 0.455136 0.284963 0.443069 0.289295
0 0.410272 0.318379 0.406869 0.308168 0.406869 0.295792 0.418007 0.287438 0.431931 0.289295 0.439047 0.297030 0.440285 0.309715 0.431931 0.318069 0.419864 0.322401
0 0.410582 0.358292 0.407178 0.348082 0.407178 0.335705 0.418317 0.327351 0.432240 0.329208 0.439356 0.336943 0.440594 0.349629 0.432240 0.357983 0.420173 0.362314
0 0.445235 0.353960 0.441832 0.343750 0.441832 0.331374 0.452970 0.323020 0.466894 0.324876 0.474010 0.332611 0.475248 0.345297 0.466894 0.353651 0.454827 0.357983
0 0.482983 0.311262 0.479579 0.301052 0.479579 0.288676 0.490718 0.280322 0.504641 0.282178 0.511757 0.289913 0.512995 0.302599 0.504641 0.310953 0.492574 0.315285
0 0.481745 0.353032 0.478342 0.342822 0.478342 0.330446 0.489480 0.322092 0.503403 0.323948 0.510520 0.331683 0.511757 0.344369 0.503403 0.352723 0.491337 0.357054
0 0.517327 0.350248 0.513923 0.340037 0.513923 0.327661 0.525062 0.319307 0.538985 0.321163 0.546101 0.328899 0.547339 0.341584 0.538985 0.349938 0.526918 0.354270
0 0.524443 0.312191 0.521040 0.301980 0.521040 0.289604 0.532178 0.281250 0.546101 0.283106 0.553218 0.290842 0.554455 0.303527 0.546101 0.311881 0.534035 0.316213
0 0.565285 0.303218 0.561881 0.293007 0.561881 0.280631 0.573020 0.272277 0.586943 0.274134 0.594059 0.281869 0.595297 0.294554 0.586943 0.302908 0.574876 0.307240
0 0.554765 0.253094 0.551052 0.236696 0.555384 0.226176 0.564356 0.216584 0.580755 0.214109 0.597772 0.224629 0.599319 0.242884 0.592512 0.257116 0.577970 0.262376
0 0.962358 0.310369 0.974195 0.292850 0.976089 0.273911 0.969460 0.256866 0.952415 0.241241 0.931581 0.239820 0.906013 0.248343 0.897491 0.269176 0.902699 0.296638 0.922112 0.318892 0.945313 0.317945
