0 0.537332 0.657181 0.516232 0.640644 0.509389 0.612701 0.516803 0.596734 0.535621 0.578486 0.561853 0.576205 0.587514 0.595024 0.592076 0.634371 0.568126 0.656041
0 0.565521 0.529926 0.544422 0.513389 0.537579 0.485446 0.544992 0.469479 0.563811 0.451231 0.590042 0.448950 0.615704 0.467768 0.620266 0.507116 0.596315 0.528786
0 0.519613 0.379314 0.498513 0.362777 0.491670 0.334834 0.499084 0.318867 0.517902 0.300619 0.544134 0.298338 0.569795 0.317156 0.574357 0.356504 0.550407 0.378174
0 0.359336 0.370455 0.338236 0.353917 0.331393 0.325975 0.338807 0.310008 0.357625 0.291759 0.383857 0.289478 0.409518 0.308297 0.414080 0.347644 0.390130 0.369314
0 0.055695 0.539591 0.034596 0.523054 0.027753 0.495111 0.035166 0.479144 0.053985 0.460896 0.080216 0.458615 0.105878 0.477433 0.110440 0.516781 0.086489 0.538451
0 0.765418 0.622573 0.743672 0.607270 0.729980 0.577470 0.738840 0.542837 0.771056 0.525118 0.809716 0.531562 0.831462 0.566194 0.823408 0.604854 0.794413 0.628211
0 0.206105 0.373309 0.166640 0.363644 0.155364 0.336260 0.157780 0.309681 0.171472 0.285519 0.203689 0.279881 0.233489 0.295184 0.243959 0.319346 0.239127 0.348341 0.223824 0.369282
0 0.359336 0.370455 0.338236 0.353917 0.331393 0.325975 0.338807 0.310008 0.357625 0.291759 0.383857 0.289478 0.409518 0.308297 0.414080 0.347644 0.390130 0.369314
0 0.915756 0.415648 0.894010 0.400345 0.880318 0.370544 0.889178 0.335912 0.921394 0.318193 0.960054 0.324636 0.981800 0.359269 0.973746 0.397928 0.944751 0.421285
0 0.917575 0.638198 0.908634 0.627980 0.904802 0.608396 0.914595 0.597326 0.927793 0.589663 0.950783 0.593069 0.959724 0.610950 0.955041 0.631386 0.943120 0.641604
0 0.918426 0.562841 0.909486 0.552623 0.905654 0.533038 0.915446 0.521969 0.928644 0.514305 0.951635 0.517711 0.960576 0.535593 0.955892 0.556029 0.943971 0.566247
0 0.926223 0.964382 0.900660 0.946489 0.890755 0.911021 0.902107 0.876891 0.934323 0.859172 0.972983 0.865616 0.994729 0.900248 0.990129 0.940737 0.962969 0.965980
0 0.392204 0.676605 0.366641 0.658712 0.356736 0.623244 0.368088 0.589114 0.400304 0.571395 0.438964 0.577839 0.460710 0.612471 0.456110 0.652960 0.428950 0.678203
0 0.519613 0.379314 0.498513 0.362777 0.491670 0.334834 0.499084 0.318867 0.517902 0.300619 0.544134 0.298338 0.569795 0.317156 0.574357 0.356504 0.550407 0.378174
0 0.421770 0.140730 0.390204 0.117056 0.372843 0.091277 0.373369 0.049190 0.400200 0.022885 0.431766 0.010259 0.467014 0.017098 0.495949 0.046033 0.502262 0.088647 0.481218 0.123369 0.451757 0.141256
