0 0.195953 0.798924 0.200564 0.819928 0.194416 0.851178 0.171875 0.873207 0.134477 0.877305 0.102715 0.861936 0.090932 0.834273 0.095031 0.795850 0.120133 0.776895 0.160092 0.770236 0.187244 0.785605
0 0.584834 0.978566 0.578981 0.957853 0.582133 0.934888 0.599244 0.919128 0.628512 0.915526 0.652378 0.924532 0.658682 0.947046 0.651477 0.973613 0.637968 0.988473 0.614103 0.992075
0 0.519092 0.980818 0.490274 0.973613 0.473613 0.949298 0.470911 0.918678 0.484870 0.897514 0.519993 0.883105 0.551513 0.892111 0.571776 0.916877 0.570425 0.949748 0.556016 0.973163
0 0.410714 0.759375 0.381696 0.762054 0.358482 0.751786 0.340179 0.718750 0.347321 0.693304 0.366964 0.670089 0.407589 0.663839 0.432589 0.677232 0.445089 0.701339 0.440179 0.735714
0 0.320437 0.645585 0.332217 0.658606 0.328497 0.689608 0.315489 0.701709 0.290321 0.708263 0.267775 0.700398 0.257812 0.681785 0.257812 0.665006 0.265677 0.646917 0.281932 0.639052 0.304478 0.637741
0 0.833669 0.856002 0.820487 0.849023 0.807692 0.823046 0.814671 0.798232 0.838322 0.783111 0.869339 0.788539 0.881746 0.797069 0.888337 0.827699 0.873604 0.849798 0.853443 0.857553
0 0.775900 0.845533 0.745658 0.848635 0.717742 0.839330 0.699907 0.820332 0.699907 0.797069 0.706498 0.770704 0.732475 0.754032 0.772022 0.754808 0.794122 0.770704 0.803427 0.799783 0.796061 0.823434
0 0.647021 0.532545 0.671308 0.552785 0.676975 0.577882 0.675356 0.598527 0.650664 0.626052 0.602898 0.629696 0.576587 0.608646 0.570515 0.580716 0.580635 0.551975 0.602089 0.534974 0.628400 0.530117
0 0.644187 0.461707 0.646616 0.481137 0.640139 0.505019 0.610589 0.520402 0.575777 0.511496 0.565657 0.489637 0.566062 0.471422 0.579016 0.451182 0.596017 0.440253 0.617471 0.441467 0.638925 0.449563
0 0.751696 0.451066 0.771076 0.465601 0.771681 0.497699 0.748062 0.518895 0.717781 0.518895 0.705669 0.508600 0.696584 0.486797 0.703246 0.467418 0.714147 0.449855 0.734738 0.448038
0 0.897192 0.422554 0.901721 0.440670 0.895380 0.467844 0.876359 0.491848 0.845562 0.496377 0.818388 0.485507 0.801178 0.461504 0.803895 0.438859 0.810236 0.418025 0.831975 0.401268 0.861866 0.399909 0.884511 0.408062
0 0.738495 0.230155 0.711867 0.223121 0.705336 0.193981 0.717393 0.175392 0.744021 0.171373 0.761103 0.178909 0.767635 0.196996 0.762611 0.218097
0 0.261866 0.365345 0.280292 0.396300 0.268499 0.436837 0.241229 0.464844 0.198482 0.467055 0.161630 0.444207 0.154260 0.411778 0.166790 0.366082 0.191848 0.349867 0.229437 0.345445
0 0.149213 0.046930 0.150875 0.086824 0.132591 0.117298 0.101008 0.128934 0.062777 0.127826 0.038952 0.107879 0.030641 0.074080 0.043938 0.038065 0.065547 0.017564 0.095468 0.016456 0.127050 0.022551
