0 0.871747 0.654856 0.860130 0.645562 0.854902 0.625813 0.861873 0.610130 0.876394 0.600256 0.896724 0.602579 0.914730 0.622328 0.905437 0.650790
0 0.041604 0.590110 0.032191 0.578188 0.035015 0.564383 0.049448 0.551205 0.069842 0.559049 0.074548 0.580698 0.060115 0.593248
0 0.105647 0.473868 0.099207 0.463361 0.097851 0.447092 0.105647 0.437602 0.120899 0.431840 0.135812 0.439296 0.141235 0.457599 0.134456 0.472512 0.116832 0.476241
0 0.107341 0.421333 0.098190 0.411842 0.093784 0.397946 0.100224 0.383711 0.113103 0.376932 0.132423 0.383711 0.139879 0.400319 0.136151 0.412859 0.121577 0.422350
0 0.061924 0.439974 0.048027 0.432518 0.044638 0.417604 0.049044 0.405742 0.061246 0.397268 0.079887 0.398624 0.089717 0.420316 0.080565 0.436924
0 0.074464 0.492509 0.061585 0.494882 0.049044 0.485053 0.046672 0.469801 0.050739 0.457260 0.065652 0.449464 0.080565 0.454887 0.091072 0.467428 0.088700 0.482002
0 0.274029 0.726220 0.243526 0.701942 0.237923 0.678287 0.247883 0.652141 0.276519 0.640936 0.307644 0.649029 0.320095 0.688870 0.307022 0.715015 0.283367 0.726843
0 0.329432 0.708790 0.325075 0.695095 0.320717 0.676419 0.331922 0.650274 0.363048 0.644049 0.385458 0.652764 0.394796 0.668327 0.391683 0.701942 0.376121 0.718750 0.349353 0.719373
0 0.480394 0.551212 0.467918 0.536359 0.464354 0.518536 0.468512 0.505466 0.482177 0.490019 0.511882 0.491801 0.529111 0.512595 0.517229 0.545865 0.495841 0.552400
0 0.418387 0.391137 0.407227 0.381836 0.408157 0.364165 0.420247 0.353004 0.435128 0.351144 0.446289 0.358584 0.450474 0.371605 0.449079 0.386951 0.438849 0.392997
0 0.468610 0.406948 0.462100 0.395322 0.459310 0.377651 0.470006 0.367885 0.490002 0.366490 0.499302 0.379046 0.498372 0.399507 0.485817 0.409273
0 0.511858 0.401832 0.503953 0.388346 0.507208 0.376721 0.513718 0.366955 0.534180 0.365560 0.544410 0.382301 0.539295 0.398577 0.524414 0.406483
0 0.413737 0.335798 0.406762 0.326497 0.406762 0.311151 0.415132 0.299991 0.436988 0.297201 0.448149 0.314872 0.444894 0.334868 0.432338 0.339983
0 0.476516 0.360910 0.467215 0.357654 0.458845 0.342308 0.464890 0.326962 0.476516 0.320917 0.492792 0.325567 0.498837 0.346029 0.490932 0.358584
0 0.515578 0.361375 0.505813 0.353004 0.502558 0.341378 0.506278 0.331148 0.511393 0.323707 0.521159 0.320452 0.537435 0.325567 0.543015 0.340448 0.535575 0.355794
0 0.561616 0.357654 0.552781 0.345564 0.551386 0.324172 0.565802 0.311151 0.591378 0.312081 0.601144 0.332078 0.588123 0.355794
0 0.563477 0.303246 0.552781 0.292550 0.551386 0.277204 0.557431 0.262788 0.574172 0.258603 0.592308 0.265578 0.597889 0.283715 0.595099 0.296270 0.579753 0.306501
0 0.515113 0.313477 0.506743 0.310221 0.503488 0.297666 0.506743 0.287435 0.509998 0.279529 0.523019 0.275809 0.537435 0.282320 0.543015 0.297666 0.536970 0.311151
0 0.485352 0.317197 0.463960 0.313012 0.456055 0.298596 0.462100 0.283250 0.480236 0.274879 0.496512 0.285110 0.496512 0.301851
0 0.559756 0.254883 0.549061 0.241862 0.549061 0.224656 0.558826 0.211170 0.576497 0.206520 0.593703 0.218145 0.592773 0.242792 0.575567 0.257208
0 0.523019 0.269764 0.509533 0.268834 0.500233 0.257673 0.501163 0.246512 0.510928 0.235817 0.523019 0.230236 0.534180 0.234422 0.541155 0.253953
0 0.483185 0.272506 0.462490 0.268885 0.455246 0.254398 0.457316 0.245085 0.467663 0.233185 0.481633 0.233185 0.490428 0.239911 0.496120 0.248189 0.493015 0.265263
0 0.507502 0.228011 0.497154 0.209903 0.501293 0.195416 0.514745 0.185586 0.533889 0.190760 0.540615 0.204212 0.532337 0.225942
0 0.481633 0.227494 0.460420 0.221285 0.453694 0.204212 0.461972 0.190760 0.475942 0.186620 0.490946 0.192829 0.496637 0.207316
0 0.438690 0.269402 0.418512 0.266815 0.416442 0.251293 0.424203 0.239911 0.442312 0.243533 0.447486 0.256985
0 0.394195 0.276645 0.380743 0.266815 0.377639 0.249741 0.392125 0.242498 0.409716 0.250776 0.408682 0.265780
0 0.347113 0.297858 0.325900 0.288545 0.319174 0.270954 0.328487 0.255433 0.345561 0.250776 0.363152 0.262159 0.364704 0.282337
0 0.339352 0.237841 0.327452 0.233185 0.321761 0.215077 0.327970 0.200072 0.347113 0.191277 0.364704 0.205246 0.361600 0.222837 0.352804 0.236807
0 0.380226 0.231115 0.374736 0.219014 0.381491 0.201686 0.394120 0.199043 0.406162 0.206091 0.407337 0.220777 0.398232 0.229588
0 0.418791 0.226357 0.413504 0.211378 0.422903 0.199924 0.439938 0.199630 0.448455 0.211672 0.439938 0.227532 0.422316 0.227825
0 0.108226 0.195427 0.092142 0.183364 0.082376 0.162109 0.086397 0.138557 0.103631 0.121324 0.138097 0.117302 0.158778 0.131664 0.164522 0.160960 0.146140 0.186811 0.124885 0.197725
0 0.148706 0.238380 0.138337 0.226938 0.140482 0.211563 0.149063 0.199049 0.165868 0.194758 0.185176 0.205842 0.185176 0.221217 0.181600 0.235877 0.164438 0.242670
0 0.119386 0.280571 0.101151 0.264838 0.100794 0.247676 0.112235 0.235519 0.132258 0.233374 0.149421 0.249821 0.145488 0.270917 0.127610 0.280928
