0 0.233082 0.786269 0.227390 0.776956 0.229460 0.759365 0.239290 0.752639 0.256364 0.752639 0.265159 0.763504 0.265159 0.782130 0.251707 0.790408
0 0.274472 0.770747 0.268264 0.763504 0.267746 0.750569 0.276024 0.740221 0.291546 0.736082 0.302411 0.742291 0.307067 0.758847 0.294133 0.776956
0 0.314311 0.757812 0.307585 0.744878 0.311207 0.729874 0.318450 0.723665 0.337076 0.721078 0.345354 0.732978 0.348976 0.747982 0.344319 0.758330
0 0.362031 0.742199 0.354374 0.731193 0.353895 0.718989 0.362749 0.708222 0.377106 0.705590 0.390505 0.715639 0.391702 0.730714 0.384045 0.743396
0 0.403905 0.727843 0.397444 0.719468 0.395291 0.708700 0.398880 0.699129 0.408691 0.691951 0.423526 0.692190 0.432379 0.704872 0.433337 0.717793 0.426158 0.725689 0.416587 0.729518
0 0.448890 0.711093 0.441951 0.703197 0.441233 0.690515 0.443147 0.681901 0.452958 0.675680 0.466596 0.675201 0.476646 0.684772 0.478082 0.700086 0.470904 0.711572 0.458700 0.714443
0 0.491340 0.698356 0.483183 0.689571 0.481928 0.679217 0.484752 0.669177 0.493537 0.663215 0.503577 0.661019 0.515499 0.667608 0.519578 0.677962 0.517696 0.691140 0.510479 0.698356
0 0.532442 0.680472 0.525226 0.668235 0.525226 0.656627 0.537149 0.645018 0.554405 0.645959 0.561935 0.655058 0.566955 0.672314 0.549699 0.683609
0 0.574799 0.667608 0.567269 0.655371 0.567583 0.643135 0.575740 0.632781 0.588291 0.629644 0.602410 0.635605 0.607116 0.657568 0.594880 0.670118
0 0.618725 0.651920 0.612764 0.642508 0.611822 0.626506 0.622176 0.615525 0.635668 0.614897 0.646335 0.621172 0.651042 0.634664 0.646022 0.649096 0.636609 0.654430
0 0.663278 0.637174 0.655748 0.629957 0.653865 0.617407 0.657317 0.606739 0.667043 0.600151 0.683986 0.601719 0.690889 0.610818 0.691830 0.628075 0.681476 0.639056
0 0.704694 0.620545 0.698732 0.609877 0.699987 0.593562 0.708773 0.586345 0.722892 0.584463 0.732304 0.590110 0.736697 0.603288 0.731363 0.618035 0.719440 0.622741
0 0.744541 0.605171 0.739521 0.592307 0.743286 0.576619 0.756777 0.569403 0.770896 0.573795 0.778112 0.586032 0.774975 0.601092 0.764621 0.608308
0 0.791604 0.590110 0.782191 0.578188 0.785015 0.564383 0.799448 0.551205 0.819842 0.559049 0.824548 0.580698 0.810115 0.593248
0 0.855647 0.473868 0.849207 0.463361 0.847851 0.447092 0.855647 0.437602 0.870899 0.431840 0.885812 0.439296 0.891235 0.457599 0.884456 0.472512 0.866832 0.476241
0 0.857341 0.421333 0.848190 0.411842 0.843784 0.397946 0.850224 0.383711 0.863103 0.376932 0.882423 0.383711 0.889879 0.400319 0.886151 0.412859 0.871577 0.422350
0 0.811924 0.439974 0.798027 0.432518 0.794638 0.417604 0.799044 0.405742 0.811246 0.397268 0.829887 0.398624 0.839717 0.420316 0.830565 0.436924
0 0.824464 0.492509 0.811585 0.494882 0.799044 0.485053 0.796672 0.469801 0.800739 0.457260 0.815652 0.449464 0.830565 0.454887 0.841072 0.467428 0.838700 0.482002
0 0.753330 0.454150 0.746670 0.446465 0.745645 0.436732 0.748207 0.424436 0.756916 0.417520 0.768186 0.414447 0.778689 0.417777 0.785348 0.425717 0.788934 0.440318 0.783555 0.449027 0.776639 0.456199 0.766393 0.458504
0 0.754355 0.508965 0.748207 0.498975 0.746414 0.485143 0.753074 0.474641 0.765369 0.469262 0.779201 0.473105 0.786885 0.480533 0.787654 0.491803 0.784068 0.503842 0.772797 0.511014
0 0.706503 0.474830 0.695929 0.462494 0.695342 0.445459 0.708559 0.434005 0.724125 0.434005 0.735579 0.444285 0.737929 0.456914 0.734111 0.467781 0.722069 0.476886
0 0.705915 0.528577 0.696810 0.514186 0.697104 0.501557 0.705328 0.489221 0.724125 0.486284 0.736460 0.495389 0.740278 0.508312 0.736460 0.522116 0.724125 0.528284
0 0.656510 0.490158 0.649193 0.482605 0.646596 0.471512 0.648485 0.461362 0.657454 0.452393 0.669019 0.449797 0.680584 0.455226 0.687665 0.465847 0.685541 0.480953 0.677280 0.490158 0.667131 0.492518
0 0.655566 0.543972 0.648249 0.532643 0.647541 0.519189 0.653205 0.508332 0.662646 0.502903 0.676336 0.504555 0.686957 0.512108 0.688845 0.523674 0.688373 0.537127 0.678460 0.544444 0.666895 0.546332
0 0.606937 0.509780 0.598714 0.501557 0.595483 0.488927 0.598420 0.476886 0.610755 0.467193 0.625734 0.468368 0.635133 0.477767 0.639245 0.490983 0.629552 0.505081 0.618979 0.511543
0 0.607818 0.562353 0.599595 0.555011 0.596658 0.540325 0.601357 0.528871 0.611049 0.522116 0.625441 0.521822 0.636601 0.529752 0.638657 0.542088 0.636601 0.554423 0.626615 0.562647
0 0.565231 0.529458 0.549959 0.521235 0.545553 0.508312 0.546434 0.495389 0.562001 0.483641 0.575217 0.485697 0.584322 0.495976 0.586378 0.514186 0.579917 0.523878
0 0.558938 0.581457 0.548215 0.573032 0.546684 0.560011 0.552428 0.543926 0.568130 0.537416 0.584214 0.542777 0.589576 0.558096 0.586895 0.571117 0.574257 0.580691
0 0.513748 0.598690 0.501494 0.592563 0.495366 0.579925 0.501877 0.563457 0.516812 0.556181 0.533663 0.564223 0.540939 0.577244 0.533663 0.596775
0 0.513290 0.546610 0.502456 0.540351 0.496678 0.528794 0.497881 0.515553 0.505586 0.505682 0.522438 0.502070 0.537365 0.516997 0.536643 0.529998 0.528939 0.541795
0 0.457732 0.614440 0.448861 0.607858 0.448289 0.594122 0.452295 0.582389 0.465173 0.574948 0.477764 0.577238 0.487208 0.588112 0.488353 0.600132 0.486063 0.610720 0.467462 0.619305
0 0.460308 0.563788 0.448575 0.554630 0.445999 0.538891 0.449720 0.528589 0.462597 0.521434 0.480626 0.524582 0.486636 0.536029 0.487494 0.549193 0.476906 0.561785
0 0.425332 0.578940 0.406503 0.581188 0.396386 0.566856 0.396667 0.548589 0.407065 0.540721 0.417744 0.536786 0.430109 0.542688 0.437416 0.552243 0.439102 0.565732 0.434324 0.571914
0 0.409412 0.633743 0.398996 0.625930 0.396763 0.611421 0.403460 0.598400 0.419085 0.592076 0.432106 0.597284 0.441406 0.612165 0.437686 0.629650 0.421689 0.637091
0 0.364397 0.597656 0.352493 0.596168 0.345796 0.581287 0.346540 0.567894 0.356957 0.558966 0.376674 0.555990 0.385603 0.567522 0.385603 0.586124 0.374814 0.594308
0 0.360863 0.652199 0.350529 0.646412 0.345982 0.630704 0.350529 0.617477 0.365410 0.610863 0.383598 0.614583 0.391038 0.628638 0.384838 0.646412 0.368304 0.651372
0 0.311597 0.670882 0.301662 0.665161 0.297447 0.652216 0.298952 0.638668 0.308887 0.631142 0.325145 0.628131 0.338090 0.639270 0.340499 0.655527 0.329961 0.667269
0 0.314736 0.616902 0.301073 0.612430 0.295111 0.597277 0.299334 0.580882 0.311755 0.574424 0.328895 0.575914 0.338831 0.588335 0.336596 0.604233 0.330386 0.612430
0 0.263944 0.617724 0.255827 0.614535 0.249739 0.605259 0.249739 0.593373 0.254957 0.586996 0.268292 0.582357 0.279888 0.587865 0.282786 0.596562 0.282497 0.606418 0.278148 0.613665
0 0.225388 0.626131 0.217272 0.623232 0.208865 0.617144 0.205676 0.606998 0.210024 0.598011 0.216692 0.591344 0.230027 0.589894 0.238433 0.597432 0.240173 0.610477 0.236114 0.621782
0 0.182485 0.630769 0.171759 0.631059 0.165961 0.620333 0.165092 0.611926 0.170020 0.600620 0.181905 0.596562 0.194660 0.602070 0.198429 0.615695 0.194660 0.625551
0 0.276903 0.680318 0.263987 0.677482 0.259577 0.667087 0.263042 0.656061 0.275328 0.651651 0.283518 0.655431 0.288558 0.668347
0 0.269618 0.714063 0.262326 0.708160 0.259896 0.696701 0.265451 0.688021 0.273090 0.683507 0.283854 0.686632 0.288368 0.694965 0.289410 0.706771 0.281771 0.712674
0 0.237905 0.730751 0.232257 0.722280 0.232728 0.707690 0.241670 0.701572 0.252965 0.703454 0.262378 0.715220 0.254377 0.730751
0 0.243340 0.693989 0.233094 0.686732 0.229679 0.675205 0.232240 0.664959 0.247182 0.662398 0.258282 0.672643 0.254440 0.687158
0 0.217725 0.745219 0.200649 0.739242 0.191684 0.726008 0.194245 0.712773 0.201503 0.708931 0.216018 0.706796 0.225837 0.712773 0.230533 0.730277
0 0.202502 0.703892 0.197709 0.700537 0.194354 0.691191 0.193875 0.683282 0.202262 0.676572 0.214005 0.675853 0.220955 0.684241 0.222153 0.695744 0.214964 0.701256
0 0.858226 0.195427 0.842142 0.183364 0.832376 0.162109 0.836397 0.138557 0.853631 0.121324 0.888097 0.117302 0.908778 0.131664 0.914522 0.160960 0.896140 0.186811 0.874885 0.197725
0 0.898706 0.238380 0.888337 0.226938 0.890482 0.211563 0.899063 0.199049 0.915868 0.194758 0.935176 0.205842 0.935176 0.221217 0.931600 0.235877 0.914438 0.242670
0 0.869386 0.280571 0.851151 0.264838 0.850794 0.247676 0.862235 0.235519 0.882258 0.233374 0.899421 0.249821 0.895488 0.270917 0.877610 0.280928
0 0.741025 0.269299 0.724284 0.271624 0.709403 0.258138 0.711263 0.245582 0.718703 0.231166 0.737770 0.230236 0.753581 0.242792 0.749395 0.262788
0 0.700667 0.221032 0.684867 0.214712 0.678897 0.202774 0.685569 0.189080 0.701018 0.184515 0.709445 0.191187 0.713308 0.201369 0.709796 0.211201
