0 0.219161 0.922286 0.209704 0.954359 0.182977 0.971217 0.142270 0.962171 0.129523 0.932566 0.138158 0.899671 0.166530 0.884046 0.202303 0.891859
0 0.776526 0.630693 0.786216 0.668847 0.765019 0.713057 0.724443 0.723353 0.693556 0.712452 0.675388 0.688832 0.674782 0.655523 0.683866 0.630087 0.712330 0.610102 0.746245 0.610102
0 0.809835 0.696705 0.803173 0.665819 0.811652 0.636749 0.834060 0.613130 0.873425 0.610102 0.910974 0.630693 0.921269 0.668241 0.907340 0.697917 0.871003 0.721536 0.827398 0.717902
0 0.783794 0.518047 0.781977 0.550751 0.758963 0.583454 0.723232 0.591328 0.685683 0.572553 0.671754 0.539850 0.675388 0.505329 0.702641 0.482922 0.737766 0.475654 0.765625 0.488978
0 0.844356 0.587694 0.814680 0.570131 0.801962 0.532582 0.812258 0.498062 0.840722 0.475048 0.881298 0.481710 0.913396 0.506541 0.918241 0.538033 0.900678 0.565891 0.874031 0.584666
0 0.837088 0.450824 0.811652 0.433866 0.798934 0.391473 0.809230 0.367854 0.835877 0.344840 0.887960 0.347868 0.910974 0.375727 0.912185 0.416909 0.887960 0.446584 0.860707 0.456274
0 0.780766 0.381177 0.778949 0.420543 0.754118 0.450218 0.709908 0.456880 0.678416 0.438106 0.669937 0.396318 0.674782 0.371487 0.707485 0.347263 0.753513 0.349079
0 0.589995 0.490795 0.596051 0.518653 0.570615 0.544695 0.545785 0.547117 0.520954 0.529554 0.518532 0.505329 0.526405 0.485950 0.551235 0.473837
0 0.586967 0.402374 0.589995 0.430838 0.566982 0.459302 0.536095 0.455669 0.514293 0.432049 0.517926 0.409036 0.531856 0.391473 0.564559 0.387234
0 0.588178 0.313953 0.588178 0.347263 0.562742 0.372699 0.520349 0.359375 0.512476 0.339995 0.518532 0.309109 0.553052 0.294574
0 0.589995 0.240068 0.578488 0.272166 0.546391 0.279433 0.514898 0.263687 0.511870 0.236434 0.529433 0.209787 0.566376 0.212209
