0 0.278230 0.918921 0.276917 0.905462 0.284795 0.890034 0.305475 0.885767 0.321232 0.899882 0.316964 0.920234 0.300880 0.931394 0.282826 0.926471
0 0.251970 0.900538 0.248687 0.921218 0.235228 0.928112 0.214220 0.921547 0.212251 0.906775 0.219472 0.891675 0.239496 0.888721
0 0.415090 0.980648 0.399321 0.962013 0.393588 0.931909 0.406489 0.900851 0.437070 0.889860 0.474818 0.890338 0.495365 0.919486 0.496321 0.957234 0.478163 0.981604 0.452838 0.991160
0 0.054688 0.793977 0.042717 0.785156 0.038936 0.764995 0.050277 0.749874 0.074849 0.747354 0.089340 0.763735 0.086820 0.783896 0.077369 0.793977
0 0.211568 0.771925 0.203377 0.752394 0.212198 0.735383 0.231099 0.727193 0.248740 0.734123 0.253150 0.749874 0.246850 0.767515 0.234879 0.778226
0 0.277092 0.768145 0.270161 0.750504 0.280242 0.729083 0.309224 0.727823 0.321825 0.741683 0.314894 0.770665 0.297883 0.778856
0 0.281112 0.654314 0.261062 0.636338 0.250000 0.601079 0.263827 0.556831 0.299087 0.529176 0.353014 0.534015 0.391731 0.575498 0.378595 0.646709 0.338496 0.666067 0.301853 0.666759
0 0.418695 0.775996 0.409015 0.746958 0.410398 0.710315 0.441510 0.686809 0.488523 0.689574 0.514104 0.721377 0.510647 0.762860 0.485066 0.791897 0.450498 0.794663
0 0.598654 0.810921 0.572889 0.780170 0.567071 0.746925 0.587018 0.713680 0.634392 0.702045 0.668467 0.722822 0.682596 0.761885 0.659325 0.804272 0.631067 0.816739
0 0.735724 0.778878 0.718052 0.753302 0.717587 0.724470 0.735724 0.693778 0.764090 0.684012 0.804548 0.690988 0.823149 0.713774 0.825474 0.740281 0.822684 0.768183 0.791527 0.786784 0.752000 0.790969
0 0.626907 0.666341 0.603655 0.642160 0.603655 0.612863 0.611561 0.588681 0.644113 0.568220 0.683640 0.568685 0.712472 0.608677 0.701311 0.655645 0.671084 0.674247
0 0.771066 0.605887 0.758045 0.560779 0.781762 0.523112 0.818034 0.511486 0.856631 0.533343 0.866397 0.577520 0.845471 0.611003 0.802688 0.623558
0 0.623186 0.516137 0.605515 0.494280 0.601795 0.456148 0.619466 0.429641 0.653878 0.414760 0.695266 0.431966 0.712007 0.472889 0.700846 0.503581 0.673410 0.522182 0.650623 0.524972
0 0.789006 0.460244 0.769522 0.425397 0.774018 0.392798 0.803245 0.367693 0.845211 0.368817 0.867319 0.387552 0.881932 0.413781 0.870691 0.443008 0.853080 0.464741 0.831722 0.471860
0 0.693726 0.293213 0.686401 0.279785 0.689453 0.257202 0.710815 0.244385 0.734619 0.252930 0.744385 0.276733 0.732788 0.301147 0.705933 0.301758
0 0.601563 0.306571 0.585494 0.295490 0.581616 0.276097 0.594359 0.256150 0.619293 0.256150 0.630375 0.263907 0.638132 0.279422 0.633699 0.297152 0.618739 0.306571
0 0.591698 0.211648 0.583807 0.203230 0.583281 0.185343 0.594329 0.171138 0.613268 0.169034 0.628525 0.179030 0.626420 0.199548 0.615899 0.213226
0 0.593277 0.093277 0.579072 0.073285 0.578020 0.039615 0.592750 0.013310 0.620633 0.001736 0.655356 0.004893 0.674821 0.026989 0.680082 0.068550 0.659564 0.104851 0.609585 0.104324
