0 0.645379 0.935717 0.645379 0.948651 0.639437 0.961235 0.626853 0.967177 0.613919 0.963681 0.607278 0.957390 0.605180 0.944806 0.606579 0.931872 0.622308 0.924182
0 0.404232 0.886745 0.403197 0.905888 0.384572 0.920892 0.366463 0.919857 0.353529 0.910027 0.349907 0.895540 0.356115 0.876397 0.379398 0.868636
0 0.299721 0.895023 0.300755 0.921409 0.276956 0.934344 0.252121 0.930722 0.244878 0.912096 0.246947 0.892953 0.266608 0.878984 0.288338 0.884158
0 0.731360 0.693257 0.732045 0.723410 0.719595 0.749155 0.685389 0.764780 0.658361 0.761824 0.636824 0.740287 0.629645 0.706081 0.642736 0.680321 0.670186 0.665118 0.701014 0.663851
0 0.570946 0.705236 0.567568 0.733108 0.548564 0.756757 0.520270 0.763514 0.489020 0.755912 0.472128 0.729730 0.471706 0.690878 0.494088 0.668074 0.532517 0.660895 0.561233 0.681588
0 0.713233 0.522023 0.712769 0.547060 0.697468 0.573025 0.673822 0.583689 0.643685 0.576734 0.624212 0.554015 0.623284 0.530833 0.631167 0.509505 0.661304 0.492813 0.695150 0.499768
0 0.565430 0.528134 0.561709 0.563477 0.543108 0.582078 0.510091 0.591843 0.479864 0.578823 0.467308 0.560221 0.463588 0.536505 0.469169 0.515578 0.482189 0.499767 0.517067 0.491862 0.545898 0.496977
0 0.334650 0.642943 0.343235 0.652816 0.340659 0.667840 0.326065 0.674708 0.312758 0.673850 0.306748 0.660972 0.309323 0.648094 0.317909 0.641226
0 0.337225 0.601305 0.339801 0.618475 0.330357 0.630065 0.320913 0.630065 0.306748 0.625343 0.305031 0.610319 0.315333 0.597442 0.330786 0.598729
0 0.396892 0.629207 0.404619 0.642514 0.396463 0.653245 0.382297 0.656250 0.371137 0.651099 0.370707 0.635646 0.380151 0.627060
