0 0.712071 0.200859 0.705510 0.236045 0.683445 0.258707 0.638717 0.265267 0.607705 0.242009 0.604127 0.215768 0.609494 0.189528 0.635138 0.163287 0.679270 0.159113 0.705510 0.177004
0 0.817032 0.327886 0.821803 0.293297 0.807490 0.268249 0.774094 0.255725 0.735329 0.261689 0.715052 0.294490 0.719227 0.336832 0.750239 0.355916 0.793774 0.353531
0 0.592199 0.287333 0.596970 0.326097 0.584447 0.358898 0.539719 0.375596 0.503936 0.365458 0.477099 0.336832 0.474714 0.306417 0.492009 0.271827 0.526002 0.253340 0.570730 0.256322
0 0.823074 0.429977 0.823074 0.456808 0.805713 0.482586 0.775726 0.489952 0.747317 0.483112 0.733638 0.451547 0.738899 0.424716 0.762574 0.404198 0.802557 0.403672
0 0.697338 0.438920 0.695760 0.465225 0.670507 0.488899 0.639468 0.492582 0.614215 0.480482 0.605798 0.446812 0.615793 0.423138 0.647359 0.406303 0.679977 0.413668
0 0.577915 0.439973 0.575284 0.468382 0.560027 0.487847 0.524779 0.498369 0.492687 0.481008 0.488479 0.444707 0.503735 0.419981 0.544245 0.407355 0.568445 0.424190
0 0.823601 0.546244 0.827809 0.578335 0.809922 0.602536 0.768887 0.610427 0.744686 0.594118 0.735743 0.572022 0.739426 0.544665 0.767309 0.522569 0.803083 0.526778
0 0.699442 0.556766 0.697864 0.586753 0.681029 0.608849 0.635259 0.612005 0.616846 0.597275 0.606850 0.564657 0.620528 0.536248 0.659985 0.523622 0.686816 0.537826
0 0.582649 0.562027 0.580019 0.589910 0.561080 0.609901 0.532670 0.618845 0.500579 0.607271 0.491109 0.582544 0.490057 0.554135 0.515835 0.530987 0.553188 0.529409
0 0.816761 0.684606 0.833596 0.709333 0.829914 0.735112 0.798348 0.761416 0.767309 0.763521 0.738899 0.735638 0.742056 0.700389 0.760469 0.678819 0.795191 0.674611
0 0.715225 0.709333 0.715225 0.737216 0.694707 0.764573 0.653146 0.771412 0.625263 0.751420 0.622633 0.711963 0.644729 0.687763 0.689973 0.684080
0 0.572128 0.694076 0.580019 0.724064 0.572654 0.754051 0.528988 0.770360 0.491109 0.765625 0.474800 0.731429 0.476904 0.702494 0.500579 0.680398 0.541088 0.675137
0 0.738311 0.856870 0.735926 0.881322 0.715052 0.905773 0.686427 0.914719 0.649451 0.898020 0.639313 0.875358 0.649451 0.841961 0.681656 0.822281 0.715052 0.827648
0 0.835520 0.898020 0.841484 0.927839 0.817629 0.962428 0.778865 0.968989 0.745468 0.951097 0.745468 0.911737 0.763955 0.885496 0.800334 0.883111
0 0.538897 0.884188 0.534496 0.872084 0.536697 0.855579 0.549901 0.845676 0.570257 0.846226 0.582912 0.863281 0.580161 0.884738 0.571358 0.896292 0.554302 0.895191
0 0.524043 0.865482 0.523493 0.882537 0.508638 0.897392 0.482229 0.897942 0.466824 0.885288 0.464624 0.865482 0.476728 0.848426 0.499835 0.848977
0 0.589014 0.924485 0.591624 0.940148 0.578945 0.958793 0.556571 0.960285 0.542400 0.956183 0.537925 0.947233 0.535688 0.930825 0.544638 0.917400 0.562910 0.909942 0.579691 0.912552
0 0.525619 0.931571 0.523382 0.948352 0.513686 0.960285 0.489074 0.962149 0.472666 0.954691 0.469309 0.936419 0.476768 0.919265 0.505855 0.911061
0 0.192814 0.612532 0.214383 0.626210 0.209122 0.655145 0.188079 0.669350 0.163352 0.657776 0.157565 0.633575 0.167561 0.618845
0 0.137048 0.577809 0.128104 0.560448 0.133891 0.539404 0.150726 0.529409 0.173348 0.533617 0.183870 0.554661 0.176505 0.576757 0.155987 0.588331
0 0.217014 0.587805 0.199127 0.569392 0.195970 0.547822 0.209122 0.525726 0.237005 0.520465 0.260154 0.526778 0.271202 0.552031 0.262784 0.574127
