0 0.738311 0.106870 0.735926 0.131322 0.715052 0.155773 0.686427 0.164719 0.649451 0.148020 0.639313 0.125358 0.649451 0.091961 0.681656 0.072281 0.715052 0.077648
0 0.835520 0.148020 0.841484 0.177839 0.817629 0.212428 0.778865 0.218989 0.745468 0.201097 0.745468 0.161737 0.763955 0.135496 0.800334 0.133111
0 0.538897 0.134188 0.534496 0.122084 0.536697 0.105579 0.549901 0.095676 0.570257 0.096226 0.582912 0.113281 0.580161 0.134738 0.571358 0.146292 0.554302 0.145191
0 0.524043 0.115482 0.523493 0.132537 0.508638 0.147392 0.482229 0.147942 0.466824 0.135288 0.464624 0.115482 0.476728 0.098426 0.499835 0.098977
0 0.589014 0.174485 0.591624 0.190148 0.578945 0.208793 0.556571 0.210285 0.542400 0.206183 0.537925 0.197233 0.535688 0.180825 0.544638 0.167400 0.562910 0.159942 0.579691 0.162552
0 0.525619 0.181571 0.523382 0.198352 0.513686 0.210285 0.489074 0.212149 0.472666 0.204691 0.469309 0.186419 0.476768 0.169265 0.505855 0.161061
0 0.591518 0.242411 0.589286 0.263839 0.578125 0.276786 0.558036 0.279464 0.541518 0.270982 0.535268 0.252232 0.542411 0.236607 0.560714 0.225000 0.581250 0.231696
0 0.528125 0.246429 0.525893 0.262946 0.509375 0.280357 0.479018 0.278571 0.470089 0.262054 0.472768 0.243750 0.483036 0.232589 0.504911 0.226786
0 0.593750 0.309375 0.594643 0.334821 0.572321 0.347321 0.545536 0.344643 0.535714 0.323214 0.541071 0.307143 0.557589 0.294643 0.582589 0.296875
0 0.528571 0.310714 0.529911 0.333036 0.507589 0.347321 0.484375 0.346875 0.473214 0.329464 0.472768 0.311161 0.486161 0.298661 0.507143 0.295536
0 0.217401 0.841750 0.226237 0.863142 0.215076 0.879883 0.188570 0.890113 0.169038 0.884068 0.162063 0.863607 0.167643 0.844076 0.185779 0.834775
0 0.220192 0.784552 0.224377 0.800828 0.214611 0.819894 0.193220 0.824079 0.170898 0.821289 0.164388 0.805013 0.166713 0.783622 0.180199 0.770136 0.205311 0.770136
0 0.159738 0.693871 0.174619 0.707822 0.178804 0.727818 0.169038 0.743164 0.152762 0.750605 0.135091 0.746884 0.124395 0.729213 0.127651 0.705032 0.143927 0.695266
0 0.167178 0.682710 0.182059 0.699451 0.211356 0.691546 0.222052 0.664574 0.212751 0.645973 0.190430 0.644113 0.167643 0.662714
0 0.169038 0.646903 0.146717 0.653413 0.126256 0.642253 0.122070 0.622256 0.129976 0.607375 0.150437 0.599470 0.175549 0.605980 0.182989 0.620396 0.177874 0.639462
0 0.157413 0.524135 0.168573 0.535296 0.169968 0.558082 0.155087 0.573428 0.128581 0.569708 0.120210 0.558082 0.118815 0.537156 0.133696 0.521345
0 0.185779 0.530645 0.168573 0.518090 0.163923 0.498093 0.175549 0.481352 0.196940 0.475307 0.218331 0.482282 0.226702 0.495768 0.222517 0.513904 0.209961 0.526460
0 0.168108 0.475772 0.142997 0.481817 0.120210 0.473912 0.120675 0.446940 0.137416 0.433919 0.159738 0.434849 0.173689 0.449265
0 0.152297 0.353469 0.169968 0.369745 0.169038 0.392997 0.144857 0.409738 0.120675 0.399507 0.117420 0.382301 0.122070 0.359049
0 0.204381 0.310686 0.219727 0.333473 0.212286 0.357189 0.194150 0.365095 0.173689 0.358584 0.162993 0.342308 0.166248 0.325102 0.178804 0.310221
