0 0.512741 0.481626 0.495306 0.463519 0.490612 0.436025 0.505365 0.411212 0.536212 0.400483 0.569742 0.414565 0.579802 0.444072 0.576448 0.469555 0.556330 0.483637
0 0.461776 0.431330 0.455740 0.468214 0.428916 0.486990 0.388680 0.482967 0.371245 0.458155 0.376609 0.426636 0.391363 0.405848 0.433611 0.401153
0 0.345762 0.438707 0.333691 0.468884 0.307538 0.487661 0.269313 0.482296 0.251878 0.458155 0.251878 0.427307 0.278031 0.403165 0.323632 0.403836
0 0.581143 0.546003 0.581813 0.570815 0.555660 0.606357 0.512071 0.603675 0.495976 0.581545 0.493965 0.550027 0.514753 0.527897 0.551636 0.518509
0 0.465129 0.551368 0.458423 0.590263 0.428246 0.604345 0.390021 0.602334 0.375268 0.570815 0.383986 0.533932 0.420869 0.517838
0 0.347103 0.539297 0.347103 0.568133 0.334362 0.596298 0.307538 0.607028 0.271325 0.600992 0.261266 0.581545 0.257242 0.550697 0.277361 0.524544 0.319608 0.520520
0 0.572425 0.729077 0.583825 0.743160 0.576448 0.764619 0.563707 0.778031 0.542248 0.771325 0.531518 0.755231 0.536883 0.733771 0.552307 0.724383
0 0.506706 0.730418 0.514753 0.745172 0.514083 0.759925 0.501341 0.771996 0.479211 0.773337 0.467811 0.758584 0.468482 0.735113 0.487259 0.725724
0 0.507377 0.666041 0.514753 0.685488 0.504694 0.702253 0.489941 0.710300 0.471835 0.702253 0.463117 0.683476 0.471835 0.666711 0.485917 0.657994
0 0.443670 0.672076 0.444340 0.696218 0.431599 0.708289 0.410139 0.707618 0.402092 0.698230 0.401422 0.678782 0.408128 0.662688 0.429587 0.662017
0 0.446352 0.733101 0.452387 0.751878 0.446352 0.769313 0.424893 0.780043 0.404104 0.771325 0.400751 0.749866 0.410810 0.729077
0 0.378621 0.666711 0.389351 0.684818 0.375939 0.706277 0.342409 0.711642 0.328997 0.689512 0.332350 0.666041 0.352468 0.659335
0 0.380409 0.733173 0.387620 0.747596 0.384615 0.768630 0.364183 0.776442 0.339543 0.772236 0.332332 0.755409 0.335337 0.737981 0.350962 0.724760 0.371995 0.728966
0 0.320312 0.676082 0.314904 0.699519 0.292668 0.712740 0.266226 0.698918 0.261418 0.684495 0.273438 0.663462 0.300481 0.660457
0 0.318510 0.739183 0.322716 0.756010 0.312500 0.774639 0.277043 0.778245 0.265024 0.757812 0.268630 0.738582 0.290865 0.724760
0 0.513181 0.858848 0.523725 0.868913 0.527080 0.890002 0.514139 0.905339 0.491133 0.908694 0.473878 0.899588 0.471482 0.878978 0.479151 0.861724 0.494967 0.855972
0 0.527080 0.929304 0.533790 0.946559 0.530435 0.967168 0.507908 0.975316 0.483944 0.967648 0.477234 0.947997 0.484423 0.933618 0.502157 0.924032
0 0.470523 0.943204 0.462855 0.969086 0.435056 0.976754 0.420197 0.971961 0.409653 0.948955 0.425470 0.926428 0.445600 0.924511
0 0.460938 0.880895 0.454707 0.901505 0.428825 0.910132 0.412529 0.902464 0.403901 0.886168 0.410612 0.866996 0.430263 0.856931 0.449434 0.859327
0 0.394795 0.881854 0.385688 0.905819 0.358848 0.907736 0.343990 0.897191 0.341114 0.878978 0.352138 0.865079 0.371789 0.855972 0.386168 0.866516
0 0.330569 0.881854 0.326256 0.901505 0.308522 0.908694 0.280243 0.903901 0.274971 0.886647 0.280723 0.864120 0.304208 0.857889 0.320984 0.866516
0 0.396712 0.941766 0.395753 0.965730 0.376102 0.978192 0.350700 0.972920 0.345428 0.961417 0.345907 0.938890 0.355493 0.926428 0.378499 0.924990
0 0.332966 0.940807 0.331528 0.962855 0.309001 0.978192 0.282161 0.969086 0.275930 0.947517 0.285516 0.930742 0.306125 0.924032
