0 0.166416 0.897716 0.175828 0.919051 0.170181 0.954192 0.147590 0.978037 0.116842 0.984312 0.077937 0.962977 0.071034 0.931601 0.081074 0.897716 0.107430 0.880146 0.147590 0.878891
0 0.291918 0.853163 0.291918 0.887048 0.268700 0.914659 0.241089 0.923444 0.204066 0.910266 0.189006 0.883283 0.192771 0.843750 0.225402 0.818650 0.264935 0.818022
0 0.169463 0.683230 0.169966 0.715384 0.147860 0.743519 0.120730 0.748543 0.087068 0.738495 0.077020 0.720910 0.075010 0.687249 0.087570 0.668157 0.112691 0.653587 0.149869 0.663635
0 0.291047 0.696292 0.279994 0.729954 0.239299 0.748543 0.203627 0.730959 0.191570 0.694283 0.203627 0.664640 0.240806 0.649066 0.268439 0.654592 0.287028 0.680215
0 0.286525 0.560641 0.286525 0.587771 0.270951 0.613394 0.236787 0.625452 0.207647 0.619423 0.189057 0.584757 0.193579 0.561646 0.205135 0.540545 0.233772 0.527984 0.262410 0.530496
0 0.168459 0.568177 0.161927 0.602844 0.146352 0.617414 0.120730 0.626457 0.085058 0.617414 0.073000 0.590283 0.074508 0.567172 0.091590 0.539540 0.132787 0.530496 0.157406 0.546574
0 0.281501 0.429512 0.278487 0.462671 0.260902 0.485782 0.220709 0.489299 0.193077 0.466690 0.189057 0.432024 0.199106 0.408410 0.238294 0.392333 0.269443 0.406401
0 0.166449 0.441570 0.157406 0.474226 0.130778 0.489801 0.092092 0.487289 0.073000 0.467193 0.070488 0.440062 0.080537 0.416951 0.104150 0.399869 0.139821 0.399367 0.161425 0.420468
0 0.452329 0.650969 0.464627 0.679905 0.456670 0.715350 0.436415 0.736328 0.396629 0.741392 0.366247 0.721861 0.352503 0.680628 0.365524 0.655310 0.380715 0.640119 0.430628 0.636502
0 0.581814 0.660373 0.580367 0.697989 0.557219 0.726201 0.523220 0.727648 0.487052 0.702329 0.486328 0.662543 0.505136 0.635778 0.551432 0.625651
0 0.431365 0.607330 0.400278 0.609784 0.378599 0.598740 0.364692 0.567654 0.371646 0.539840 0.389234 0.523069 0.424002 0.514071 0.458770 0.536567 0.464905 0.559473 0.458770 0.589741
0 0.495991 0.591378 0.485766 0.570517 0.488220 0.545566 0.500082 0.526342 0.523806 0.513253 0.552438 0.514889 0.574526 0.529205 0.582706 0.565200 0.573298 0.590969 0.548348 0.608966 0.518897 0.607330
0 0.570844 0.413858 0.578207 0.444535 0.562664 0.475622 0.537713 0.486666 0.505808 0.480121 0.482902 0.452716 0.486993 0.413449 0.506217 0.396679 0.537713 0.387271
0 0.461633 0.427765 0.459588 0.461715 0.439545 0.482984 0.405187 0.491165 0.372464 0.476440 0.363056 0.446171 0.372055 0.413858 0.393325 0.397906 0.424820 0.392997 0.451407 0.413040
0 0.712418 0.638530 0.722895 0.660395 0.721073 0.689094 0.701941 0.713238 0.679164 0.723260 0.646820 0.718249 0.633610 0.713238 0.620855 0.690461 0.619944 0.655840 0.638621 0.628508 0.668686 0.616664 0.695563 0.623497
0 0.720162 0.538311 0.714240 0.567465 0.693741 0.585231 0.657298 0.589331 0.636798 0.582498 0.618577 0.553344 0.620399 0.516901 0.639532 0.493668 0.669597 0.482280 0.705585 0.496401 0.719251 0.515989
0 0.719707 0.392538 0.718796 0.421693 0.703763 0.445381 0.674608 0.458136 0.636343 0.450847 0.617210 0.431715 0.614022 0.399371 0.626321 0.372039 0.655020 0.354273 0.697841 0.361106
0 0.891645 0.386359 0.891645 0.419742 0.867999 0.448025 0.833689 0.453125 0.804943 0.441997 0.792424 0.413251 0.789178 0.384505 0.810506 0.358077 0.834616 0.348340 0.867999 0.351122 0.888399 0.371523
0 0.817461 0.580629 0.798451 0.561619 0.790569 0.533336 0.796597 0.505517 0.820243 0.486044 0.848989 0.477698 0.886545 0.496708 0.896282 0.528236 0.895354 0.555592 0.877272 0.577383 0.851307 0.587120
0 0.898136 0.648785 0.896282 0.678922 0.887936 0.699787 0.866608 0.717405 0.825343 0.717405 0.802624 0.697468 0.793351 0.665013 0.801697 0.636730 0.826734 0.614475 0.861971 0.616330 0.887936 0.635339
0 0.942308 0.881143 0.932959 0.917201 0.912927 0.934562 0.880876 0.937901 0.850160 0.923210 0.840812 0.886485 0.851496 0.848424 0.880876 0.833734 0.916934 0.833066 0.935630 0.851095
0 0.819444 0.853766 0.819444 0.898504 0.793403 0.922543 0.747329 0.924546 0.723291 0.905182 0.715278 0.870459 0.722623 0.844418 0.743323 0.827724 0.782051 0.822382 0.808093 0.835069
