0 0.419989 0.859914 0.413254 0.915140 0.379580 0.944774 0.327721 0.948141 0.294046 0.923895 0.290005 0.880119 0.300108 0.847117 0.327721 0.817484 0.378906 0.813443
0 0.235176 0.860443 0.231838 0.899840 0.210470 0.938568 0.167735 0.955262 0.115652 0.935230 0.102965 0.906517 0.103632 0.869124 0.120994 0.833734 0.161725 0.817708 0.193777 0.822382 0.221154 0.841079
0 0.073954 0.755354 0.037849 0.741036 0.021041 0.712400 0.022908 0.680030 0.039716 0.655129 0.073954 0.648904 0.105702 0.659487 0.124377 0.683765 0.126245 0.717380 0.108815 0.746638
0 0.174801 0.739791 0.159861 0.718003 0.158616 0.685632 0.174801 0.665090 0.217131 0.661355 0.236429 0.685632 0.240164 0.716135 0.226469 0.736678 0.201569 0.745393
0 0.182103 0.630397 0.166416 0.615964 0.153238 0.578313 0.162651 0.556350 0.191516 0.542545 0.235442 0.554468 0.244854 0.593373 0.226029 0.625377 0.203439 0.631024
0 0.051844 0.599989 0.029207 0.586738 0.014300 0.556371 0.020925 0.526005 0.047979 0.500607 0.091597 0.500055 0.116994 0.524901 0.130797 0.556371 0.114786 0.587290 0.090492 0.604958
0 0.695817 0.752604 0.704217 0.794607 0.668095 0.826529 0.630292 0.818128 0.605931 0.792087 0.611811 0.755964 0.634493 0.737483 0.679856 0.734963
0 0.810064 0.845850 0.783182 0.818128 0.771421 0.779486 0.776462 0.739163 0.797463 0.715642 0.848706 0.702201 0.900790 0.723202 0.920951 0.771085 0.902470 0.823169 0.871388 0.852571
0 0.896589 0.585433 0.874748 0.620716 0.844506 0.636677 0.803343 0.617356 0.791583 0.571993 0.810064 0.545111 0.845346 0.535870 0.876428 0.548471
0 0.723538 0.603075 0.696657 0.653478 0.633653 0.660198 0.588290 0.628276 0.579889 0.589634 0.593330 0.545951 0.629452 0.520749 0.688256 0.526630 0.722698 0.556032
