0 0.525755 0.894830 0.504731 0.891007 0.482273 0.870938 0.480361 0.840835 0.495652 0.816944 0.517632 0.809299 0.536267 0.813599 0.552036 0.824111 0.557769 0.841313 0.561114 0.862815 0.543435 0.886229
0 0.625621 0.892919 0.604119 0.872372 0.597907 0.851825 0.603163 0.833190 0.617498 0.816944 0.641867 0.809299 0.666237 0.818377 0.679138 0.834146 0.681049 0.858037 0.671015 0.885751
0 0.560159 0.729023 0.560159 0.757693 0.549169 0.778240 0.533878 0.786841 0.516198 0.788752 0.491829 0.778718 0.480361 0.763427 0.480839 0.738580 0.489918 0.712777 0.514765 0.703221 0.539612 0.706565
0 0.612720 0.780629 0.599341 0.761516 0.597429 0.735713 0.605075 0.718033 0.621321 0.705132 0.655724 0.703221 0.678182 0.722334 0.682005 0.757215 0.669104 0.782062 0.644256 0.787318
0 0.527666 0.682674 0.500430 0.678851 0.480839 0.661172 0.478450 0.638714 0.488006 0.613389 0.506642 0.598576 0.535789 0.599532 0.555380 0.615778 0.560159 0.640147 0.550602 0.666906
0 0.618454 0.676462 0.603641 0.661172 0.599818 0.634413 0.607464 0.611955 0.624188 0.600487 0.647123 0.598098 0.668626 0.610044 0.681049 0.629635 0.679138 0.658782 0.648079 0.684585
0 0.529100 0.574207 0.492785 0.558916 0.480839 0.534547 0.482273 0.503010 0.502341 0.483419 0.519543 0.475774 0.552991 0.479119 0.571627 0.498710 0.576883 0.532158 0.565415 0.559872 0.543912 0.572773
0 0.641867 0.573729 0.614153 0.559394 0.601252 0.527857 0.612242 0.489631 0.647123 0.474341 0.671971 0.478163 0.694429 0.493932 0.700162 0.527857 0.692995 0.551749 0.675315 0.568951
0 0.742847 0.788147 0.721986 0.772820 0.714748 0.756216 0.716451 0.730671 0.725392 0.714493 0.750511 0.702572 0.781165 0.711512 0.792660 0.729819 0.798195 0.755364 0.784145 0.777078 0.771373 0.786444
0 0.844176 0.778355 0.834384 0.762602 0.831403 0.744721 0.839067 0.719176 0.858225 0.704275 0.873552 0.700869 0.904632 0.712364 0.916979 0.741740 0.910167 0.768988 0.893137 0.785167 0.873127 0.788147
0 0.739016 0.683839 0.717302 0.659571 0.713471 0.641264 0.716877 0.622105 0.729223 0.605926 0.754768 0.595708 0.779036 0.604223 0.793086 0.623382 0.795640 0.651056 0.786700 0.667660 0.767967 0.680858
0 0.861631 0.681284 0.836512 0.660848 0.831403 0.631046 0.846304 0.607629 0.864612 0.596560 0.897820 0.602520 0.915702 0.628065 0.913573 0.655313 0.898672 0.677452
0 0.779462 0.572718 0.755194 0.568886 0.730075 0.548450 0.726669 0.515668 0.738164 0.487994 0.764561 0.472241 0.790957 0.474370 0.818205 0.493103 0.825443 0.527163 0.816928 0.550579
0 0.876107 0.568035 0.853968 0.542064 0.850136 0.516093 0.861206 0.493954 0.878661 0.479053 0.896543 0.472667 0.925494 0.478627 0.946781 0.504598 0.945930 0.539935 0.933583 0.562500 0.898672 0.575272
0 0.532075 0.227325 0.493734 0.226501 0.480541 0.202589 0.479716 0.179090 0.493321 0.153529 0.510224 0.148170 0.533724 0.148170 0.550627 0.164660 0.558872 0.182800 0.554749 0.205063
0 0.590617 0.218668 0.574951 0.191458 0.579898 0.165897 0.601336 0.146108 0.631019 0.148170 0.648747 0.160125 0.659053 0.184861 0.652457 0.211247 0.631019 0.228150 0.607520 0.227325
0 0.687314 0.217743 0.676872 0.202081 0.675380 0.177469 0.687686 0.157704 0.707451 0.148009 0.736911 0.152484 0.749217 0.166281 0.755556 0.192385 0.747725 0.215506 0.725351 0.229303
0 0.783898 0.214387 0.773829 0.190893 0.776812 0.165536 0.802916 0.148009 0.831257 0.149873 0.847666 0.163298 0.855124 0.190148 0.843191 0.216624 0.817833 0.227066
0 0.484077 0.111463 0.476991 0.089089 0.486314 0.061493 0.502349 0.048814 0.528826 0.047322 0.550082 0.063358 0.556049 0.089834 0.543743 0.114447 0.522859 0.126007 0.503095 0.126007
0 0.584390 0.112955 0.577678 0.087970 0.584017 0.062612 0.602663 0.048068 0.624664 0.047322 0.642937 0.057391 0.655243 0.079020 0.653751 0.101395 0.642564 0.120413 0.617579 0.127871 0.597815 0.122278
0 0.679855 0.112955 0.675380 0.084614 0.687686 0.056272 0.708942 0.047695 0.733182 0.052170 0.749217 0.068578 0.754065 0.102513 0.726842 0.128990 0.697009 0.128990
0 0.793593 0.127871 0.780914 0.115938 0.773456 0.094682 0.776812 0.070070 0.788746 0.054408 0.809256 0.047322 0.833122 0.050679 0.847293 0.062612 0.852513 0.086478 0.844682 0.112955 0.832003 0.127126
