0 0.218232 0.867965 0.201200 0.839825 0.201940 0.799837 0.227858 0.776881 0.270809 0.777621 0.306354 0.799837 0.316721 0.836123 0.290062 0.873889 0.256739 0.882035
0 0.326348 0.876851 0.324126 0.847230 0.337456 0.819831 0.377444 0.809464 0.407805 0.824274 0.427059 0.843528 0.423356 0.884257 0.389292 0.908694 0.355228 0.900548
0 0.261182 0.747260 0.216751 0.736893 0.197497 0.712456 0.198238 0.670986 0.219713 0.642847 0.261182 0.639884 0.304132 0.665803 0.308575 0.696905 0.301911 0.730969
0 0.364855 0.788729 0.329310 0.771697 0.318202 0.736152 0.336715 0.704310 0.358931 0.690980 0.401140 0.695424 0.422616 0.720601 0.428540 0.747260 0.406324 0.786508
0 0.180020 0.427028 0.146221 0.415946 0.132923 0.388242 0.137356 0.365525 0.156749 0.343362 0.189993 0.343362 0.220468 0.358876 0.229887 0.383256 0.221022 0.407081 0.211048 0.420933
0 0.294714 0.397662 0.279754 0.376053 0.277538 0.349457 0.295822 0.320645 0.320202 0.307901 0.361758 0.315104 0.385029 0.337821 0.387799 0.371066 0.375609 0.396554 0.345689 0.410960 0.315215 0.408743
0 0.198859 0.318429 0.153424 0.318983 0.135694 0.302914 0.128491 0.272440 0.149546 0.241412 0.192764 0.239750 0.217697 0.256926 0.228779 0.291279
0 0.382812 0.248061 0.372285 0.271886 0.338486 0.290171 0.292498 0.276873 0.276430 0.246398 0.277538 0.216478 0.295268 0.196531 0.320202 0.183788 0.362866 0.197640
0 0.232103 0.161625 0.232103 0.184342 0.219359 0.202626 0.196642 0.215924 0.161181 0.215924 0.134031 0.197640 0.127383 0.169936 0.136248 0.137245 0.160073 0.121177 0.202737 0.123393
0 0.274767 0.123393 0.274767 0.096797 0.294160 0.069648 0.326851 0.061891 0.369515 0.077959 0.386137 0.113420 0.368406 0.152759 0.334054 0.166057 0.298039 0.158854
0 0.221576 0.026430 0.229333 0.059674 0.222130 0.082945 0.198859 0.096797 0.164506 0.102338 0.137356 0.089040 0.121842 0.062445 0.124612 0.034741 0.142897 0.008145 0.188885 0.005375
0 0.734093 0.461530 0.710402 0.450812 0.699120 0.433890 0.696864 0.405686 0.718299 0.385379 0.747631 0.382559 0.776963 0.400045 0.788809 0.428813 0.770758 0.459838
0 0.672044 0.402866 0.673172 0.436146 0.650609 0.458709 0.607175 0.462094 0.580663 0.444043 0.575023 0.419788 0.579535 0.393840 0.602662 0.377482 0.637635 0.378610
0 0.666968 0.300203 0.672608 0.330663 0.650045 0.356611 0.611124 0.359431 0.586868 0.345894 0.577843 0.318818 0.586868 0.294562 0.606611 0.277076 0.647789 0.279332
0 0.775271 0.297383 0.785988 0.322766 0.765117 0.348150 0.733529 0.356047 0.696864 0.340253 0.692351 0.300203 0.722247 0.274819 0.766810 0.285537
0 0.775835 0.191336 0.779219 0.216719 0.770194 0.236462 0.741426 0.252820 0.703633 0.238718 0.692351 0.213335 0.695736 0.183439 0.725068 0.167644 0.760041 0.174413
0 0.665839 0.193028 0.662455 0.234206 0.631431 0.253949 0.597022 0.244923 0.581792 0.217847 0.585176 0.185695 0.615636 0.167644 0.646661 0.173849
0 0.742727 0.093924 0.746903 0.114108 0.736115 0.136379 0.716627 0.140207 0.691572 0.132204 0.681132 0.111672 0.688092 0.091140 0.708971 0.078612 0.730895 0.084180
