0 0.033898 0.964387 0.023829 0.940893 0.026812 0.915536 0.052916 0.898009 0.081257 0.899873 0.097666 0.913298 0.105124 0.940148 0.093191 0.966624 0.067833 0.977066
0 0.043593 0.877871 0.030914 0.865938 0.023456 0.844682 0.026812 0.820070 0.038746 0.804408 0.059256 0.797322 0.083122 0.800679 0.097293 0.812612 0.102513 0.836478 0.094682 0.862955 0.082003 0.877126
0 0.031801 0.731434 0.022610 0.716360 0.020772 0.694301 0.035846 0.673346 0.053860 0.666360 0.075551 0.669669 0.096875 0.687316 0.095037 0.721140 0.079228 0.737316 0.059743 0.745772
0 0.028493 0.631434 0.019301 0.605331 0.024081 0.584743 0.047610 0.563787 0.079596 0.565257 0.099081 0.584743 0.096507 0.623713 0.075184 0.639154 0.046875 0.640257
0 0.095038 0.490900 0.095467 0.513650 0.084306 0.528674 0.069712 0.539835 0.043098 0.540694 0.020347 0.521377 0.019918 0.496051 0.034512 0.470725 0.054688 0.463427 0.072716 0.464715
0 0.162431 0.541123 0.135817 0.539406 0.116071 0.515797 0.116501 0.484461 0.136676 0.464715 0.156851 0.462139 0.180460 0.470725 0.194626 0.501202 0.187328 0.528674
0 0.145690 0.447115 0.124657 0.434238 0.118218 0.414921 0.117788 0.394317 0.128949 0.372424 0.155563 0.364698 0.185182 0.380580 0.193767 0.411058 0.176168 0.438101
0 0.034083 0.438959 0.020776 0.424365 0.019059 0.399038 0.028073 0.381439 0.040093 0.370278 0.065848 0.365556 0.082160 0.372424 0.094609 0.389595 0.094609 0.423935 0.079155 0.439389 0.061556 0.442823
0 0.535206 0.932642 0.491637 0.926132 0.470603 0.903095 0.470102 0.870543 0.478115 0.848007 0.502153 0.831480 0.529698 0.830479 0.556240 0.846504 0.568760 0.879557 0.558243 0.911609
0 0.604818 0.917618 0.591296 0.896585 0.591797 0.859024 0.619842 0.833484 0.649389 0.828476 0.678435 0.843500 0.691456 0.875050 0.687450 0.901593 0.670423 0.924629 0.652394 0.932642 0.625851 0.932141
0 0.615486 0.799660 0.605430 0.791151 0.598082 0.775681 0.605817 0.756730 0.618967 0.746674 0.642172 0.745127 0.659189 0.764078 0.656095 0.792311 0.642172 0.802367 0.623608 0.802754
0 0.890921 0.933723 0.853895 0.914470 0.850193 0.868557 0.867965 0.844120 0.898326 0.833012 0.930169 0.847082 0.946460 0.873741 0.937574 0.915951 0.917580 0.930021
0 0.891415 0.811527 0.862840 0.797544 0.849465 0.770185 0.853721 0.727018 0.884728 0.710603 0.919990 0.712427 0.944309 0.736746 0.949173 0.766537 0.937014 0.794504 0.909047 0.810919
0 0.947957 0.633390 0.938838 0.665005 0.921206 0.683244 0.893847 0.686284 0.862232 0.674125 0.846425 0.651021 0.847641 0.636430 0.851897 0.614543 0.870136 0.592656 0.892631 0.585968 0.927894 0.591440
