0 0.532075 0.977325 0.493734 0.976501 0.480541 0.952589 0.479716 0.929090 0.493321 0.903529 0.510224 0.898170 0.533724 0.898170 0.550627 0.914660 0.558872 0.932800 0.554749 0.955063
0 0.590617 0.968668 0.574951 0.941458 0.579898 0.915897 0.601336 0.896108 0.631019 0.898170 0.648747 0.910125 0.659053 0.934861 0.652457 0.961247 0.631019 0.978150 0.607520 0.977325
0 0.687314 0.967743 0.676872 0.952081 0.675380 0.927469 0.687686 0.907704 0.707451 0.898009 0.736911 0.902484 0.749217 0.916281 0.755556 0.942385 0.747725 0.965506 0.725351 0.979303
0 0.783898 0.964387 0.773829 0.940893 0.776812 0.915536 0.802916 0.898009 0.831257 0.899873 0.847666 0.913298 0.855124 0.940148 0.843191 0.966624 0.817833 0.977066
0 0.484077 0.861463 0.476991 0.839089 0.486314 0.811493 0.502349 0.798814 0.528826 0.797322 0.550082 0.813358 0.556049 0.839834 0.543743 0.864447 0.522859 0.876007 0.503095 0.876007
0 0.584390 0.862955 0.577678 0.837970 0.584017 0.812612 0.602663 0.798068 0.624664 0.797322 0.642937 0.807391 0.655243 0.829020 0.653751 0.851395 0.642564 0.870413 0.617579 0.877871 0.597815 0.872278
0 0.679855 0.862955 0.675380 0.834614 0.687686 0.806272 0.708942 0.797695 0.733182 0.802170 0.749217 0.818578 0.754065 0.852513 0.726842 0.878990 0.697009 0.878990
0 0.793593 0.877871 0.780914 0.865938 0.773456 0.844682 0.776812 0.820070 0.788746 0.804408 0.809256 0.797322 0.833122 0.800679 0.847293 0.812612 0.852513 0.836478 0.844682 0.862955 0.832003 0.877126
0 0.560716 0.691555 0.558013 0.722913 0.536927 0.744539 0.508272 0.744539 0.484483 0.734808 0.475833 0.709397 0.475833 0.686689 0.494215 0.666685 0.523951 0.658575 0.544496 0.668847
0 0.653860 0.687684 0.657169 0.705331 0.653125 0.722978 0.642831 0.735846 0.615625 0.743934 0.590993 0.734743 0.581434 0.714890 0.580331 0.692463 0.586213 0.679228 0.597978 0.668934 0.616728 0.661213 0.632904 0.666728
0 0.675184 0.713051 0.676654 0.696507 0.685846 0.677022 0.707169 0.665625 0.731434 0.668199 0.749081 0.685846 0.750184 0.721140 0.734375 0.738419 0.713787 0.743566 0.695037 0.739154 0.686213 0.729963
0 0.781801 0.731434 0.772610 0.716360 0.770772 0.694301 0.785846 0.673346 0.803860 0.666360 0.825551 0.669669 0.846875 0.687316 0.845037 0.721140 0.829228 0.737316 0.809743 0.745772
0 0.501287 0.638787 0.485478 0.622610 0.479228 0.597243 0.487684 0.575919 0.509007 0.563419 0.536213 0.564890 0.554228 0.579963 0.558272 0.603860 0.547610 0.628125 0.531066 0.640993
0 0.585846 0.624449 0.578125 0.606434 0.582169 0.586213 0.593934 0.570404 0.611213 0.563787 0.635110 0.566360 0.648713 0.578493 0.655699 0.599449 0.652757 0.618199 0.635846 0.635478 0.615257 0.639522 0.598346 0.635478
0 0.681801 0.625184 0.675551 0.600919 0.682904 0.577022 0.704228 0.563787 0.735478 0.567463 0.751654 0.585478 0.749081 0.614890 0.736213 0.636213 0.714522 0.642463 0.691728 0.633640
0 0.778493 0.631434 0.769301 0.605331 0.774081 0.584743 0.797610 0.563787 0.829596 0.565257 0.849081 0.584743 0.846507 0.623713 0.825184 0.639154 0.796875 0.640257
0 0.551425 0.482315 0.557435 0.496909 0.553571 0.517514 0.541981 0.533826 0.515797 0.541123 0.492617 0.533826 0.478880 0.509358 0.483602 0.487895 0.499056 0.468149 0.519660 0.462139 0.541552 0.468578
0 0.653589 0.492617 0.651872 0.514938 0.643286 0.532538 0.629550 0.541552 0.600361 0.539835 0.577610 0.522236 0.578039 0.492617 0.588341 0.472871 0.609375 0.462139 0.624399 0.462998 0.645862 0.478022
0 0.747596 0.492617 0.745879 0.521377 0.727850 0.540264 0.693080 0.541552 0.673764 0.514509 0.674622 0.487895 0.693510 0.466861 0.715402 0.462569 0.739440 0.473300
0 0.845038 0.490900 0.845467 0.513650 0.834306 0.528674 0.819712 0.539835 0.793098 0.540694 0.770347 0.521377 0.769918 0.496051 0.784512 0.470725 0.804688 0.463427 0.822716 0.464715
0 0.912431 0.541123 0.885817 0.539406 0.866071 0.515797 0.866501 0.484461 0.886676 0.464715 0.906851 0.462139 0.930460 0.470725 0.944626 0.501202 0.937328 0.528674
0 0.895690 0.447115 0.874657 0.434238 0.868218 0.414921 0.867788 0.394317 0.878949 0.372424 0.905563 0.364698 0.935182 0.380580 0.943767 0.411058 0.926168 0.438101
0 0.784083 0.438959 0.770776 0.424365 0.769059 0.399038 0.778073 0.381439 0.790093 0.370278 0.815848 0.365556 0.832160 0.372424 0.844609 0.389595 0.844609 0.423935 0.829155 0.439389 0.811556 0.442823
0 0.746308 0.387878 0.750172 0.405477 0.744591 0.421789 0.735148 0.434667 0.718407 0.442823 0.684495 0.439818 0.670759 0.413633 0.678056 0.384014 0.696514 0.366844 0.718407 0.363410
0 0.648438 0.387448 0.654018 0.409341 0.645003 0.427370 0.632984 0.440677 0.606370 0.440677 0.587912 0.431233 0.579756 0.412775 0.578468 0.389595 0.590917 0.373283 0.615814 0.364269 0.632126 0.368990
0 0.558723 0.393029 0.556147 0.417926 0.545845 0.438101 0.530391 0.443681 0.505065 0.441535 0.487466 0.430804 0.480168 0.409341 0.483602 0.384873 0.505065 0.370707 0.528245 0.364698
