0 0.232103 0.911625 0.232103 0.934342 0.219359 0.952626 0.196642 0.965924 0.161181 0.965924 0.134031 0.947640 0.127383 0.919936 0.136248 0.887245 0.160073 0.871177 0.202737 0.873393
0 0.274767 0.873393 0.274767 0.846797 0.294160 0.819648 0.326851 0.811891 0.369515 0.827959 0.386137 0.863420 0.368406 0.902759 0.334054 0.916057 0.298039 0.908854
0 0.221576 0.776430 0.229333 0.809674 0.222130 0.832945 0.198859 0.846797 0.164506 0.852338 0.137356 0.839040 0.121842 0.812445 0.124612 0.784741 0.142897 0.758145 0.188885 0.755375
0 0.374501 0.714927 0.382258 0.743185 0.371731 0.774767 0.354000 0.787511 0.322972 0.790836 0.287511 0.779754 0.267010 0.746509 0.278092 0.712156 0.303579 0.690547 0.365082 0.700521
0 0.214373 0.685561 0.219914 0.709386 0.201629 0.732657 0.162844 0.734320 0.139018 0.726008 0.131815 0.700521 0.134031 0.682236 0.151762 0.666722 0.182236 0.657303
0 0.375055 0.594138 0.380596 0.630707 0.356771 0.661181 0.326297 0.668384 0.293606 0.660627 0.264794 0.631815 0.267564 0.596354 0.295268 0.566434 0.337932 0.566988
0 0.213819 0.600233 0.214373 0.628491 0.184453 0.645667 0.144559 0.642343 0.127383 0.613531 0.132369 0.588597 0.151208 0.570867 0.186115 0.568650
0 0.742727 0.843924 0.746903 0.864108 0.736115 0.886379 0.716627 0.890207 0.691572 0.882204 0.681132 0.861672 0.688092 0.841140 0.708971 0.828612 0.730895 0.834180
0 0.724478 0.771732 0.713949 0.760361 0.714791 0.741408 0.724057 0.724983 0.749747 0.724141 0.762382 0.738460 0.765751 0.759097 0.753959 0.773416 0.738797 0.777207
0 0.670569 0.725825 0.681520 0.748989 0.675623 0.771732 0.664252 0.780576 0.646985 0.783103 0.630980 0.779313 0.620030 0.765836 0.618346 0.746462 0.625505 0.728352 0.640667 0.719508
0 0.759855 0.658861 0.762803 0.679077 0.756486 0.692554 0.737534 0.697187 0.723214 0.695502 0.712685 0.681604 0.712685 0.665179 0.719845 0.651701 0.740482 0.644542
0 0.657513 0.701398 0.635613 0.696765 0.624242 0.684552 0.624663 0.666021 0.636034 0.651280 0.657935 0.648753 0.669306 0.658861 0.676044 0.676129 0.668042 0.691712
