0 0.422673 0.642906 0.426095 0.672559 0.407847 0.712477 0.367929 0.734717 0.323449 0.725023 0.297787 0.690807 0.297217 0.654881 0.316036 0.617815 0.351391 0.605269 0.386177 0.608120 0.416401 0.633212
0 0.395744 0.276266 0.409213 0.307247 0.400458 0.357085 0.361395 0.378637 0.308190 0.375943 0.277209 0.341595 0.274515 0.297818 0.300108 0.261449 0.337150 0.248653 0.374192 0.255388
0 0.178206 0.304553 0.179553 0.342942 0.150593 0.352371 0.121633 0.351024 0.106142 0.324758 0.113551 0.297144 0.134429 0.280307 0.158675 0.287042
0 0.419989 0.109914 0.413254 0.165140 0.379580 0.194774 0.327721 0.198141 0.294046 0.173895 0.290005 0.130119 0.300108 0.097117 0.327721 0.067484 0.378906 0.063443
0 0.235176 0.110443 0.231838 0.149840 0.210470 0.188568 0.167735 0.205262 0.115652 0.185230 0.102965 0.156517 0.103632 0.119124 0.120994 0.083734 0.161725 0.067708 0.193777 0.072382 0.221154 0.091079
0 0.644780 0.656882 0.609556 0.650560 0.598717 0.626174 0.598717 0.595466 0.617684 0.573790 0.656521 0.572887 0.675488 0.585531 0.685423 0.616239 0.680907 0.642431
0 0.756774 0.675849 0.732388 0.647850 0.728775 0.610820 0.746839 0.571983 0.773031 0.557533 0.819996 0.555726 0.858833 0.584628 0.864252 0.623465 0.852511 0.662301 0.815480 0.687590
0 0.921092 0.640419 0.912846 0.616507 0.919855 0.583113 0.942117 0.569096 0.977160 0.573631 0.996537 0.600841 0.992827 0.630937 0.971801 0.651550 0.947065 0.653611
0 0.951302 0.449219 0.928385 0.442448 0.914323 0.423698 0.911719 0.400260 0.916406 0.387240 0.941927 0.371615 0.962240 0.374740 0.983073 0.387760 0.988802 0.405990 0.988281 0.428385 0.977865 0.439844
0 0.846615 0.380990 0.855469 0.417969 0.844531 0.455469 0.819010 0.471094 0.784115 0.475260 0.751302 0.459635 0.733594 0.433073 0.734635 0.403906 0.735156 0.384115 0.755990 0.361198 0.802344 0.349740
0 0.682031 0.401823 0.680469 0.430469 0.658073 0.458073 0.625260 0.456510 0.599740 0.439844 0.590885 0.411719 0.601302 0.384115 0.626823 0.370052 0.661719 0.375781
0 0.708594 0.203906 0.711198 0.248698 0.682552 0.278906 0.625260 0.273698 0.603385 0.241927 0.609635 0.209115 0.628385 0.184635 0.672135 0.174740
