0 0.789850 0.359314 0.780766 0.350533 0.779554 0.332364 0.790153 0.320858 0.805596 0.319344 0.820434 0.327217 0.824673 0.342357 0.813166 0.358406 0.802871 0.360828
0 0.773801 0.306323 0.762900 0.297238 0.765928 0.278464 0.776829 0.267563 0.794695 0.267563 0.805596 0.278161 0.807716 0.295724 0.794695 0.309956
0 0.841933 0.288457 0.834666 0.277253 0.834060 0.263324 0.841933 0.253937 0.853440 0.249697 0.873123 0.258479 0.874939 0.277253 0.863130 0.290879
0 0.134940 0.364345 0.119348 0.353950 0.107004 0.330236 0.112201 0.303924 0.133641 0.286383 0.165476 0.287682 0.184641 0.303599 0.188864 0.323415 0.185291 0.345829 0.170673 0.360122 0.151832 0.367594
0 0.264290 0.243326 0.250942 0.254318 0.238379 0.277481 0.245053 0.307710 0.271357 0.320273 0.301979 0.323021 0.323571 0.308103 0.332601 0.287688 0.331815 0.268059 0.317290 0.246859 0.300408 0.237830
0 0.376570 0.202497 0.366363 0.217023 0.362045 0.237830 0.372644 0.259815 0.396592 0.280229 0.430355 0.277874 0.451555 0.255496 0.455873 0.235474 0.449199 0.212704 0.429177 0.196215 0.404837 0.194253
0 0.484793 0.175007 0.472265 0.193103 0.468785 0.218506 0.479573 0.243214 0.509500 0.254002 0.547084 0.244954 0.561004 0.218506 0.557872 0.192059 0.530380 0.169439 0.503932 0.168047
0 0.169417 0.267029 0.156426 0.256145 0.149052 0.230864 0.156777 0.201721 0.183813 0.187676 0.212254 0.189080 0.233673 0.208041 0.237886 0.234726 0.228406 0.261763 0.197507 0.272296
0 0.107971 0.177142 0.087254 0.156074 0.092521 0.120962 0.114993 0.101650 0.142732 0.098841 0.165555 0.106917 0.176440 0.121664 0.179600 0.149052 0.171524 0.170822 0.149754 0.183462
0 0.211480 0.105867 0.204325 0.121792 0.201556 0.146026 0.217250 0.167028 0.244022 0.177414 0.278180 0.167490 0.293875 0.139563 0.286951 0.113483 0.273334 0.098481 0.251639 0.092481
0 0.324550 0.109772 0.317135 0.122484 0.312368 0.143671 0.321107 0.169624 0.343088 0.185514 0.374603 0.185249 0.394465 0.165122 0.398437 0.132018 0.376192 0.105005 0.351562 0.104211
