0 0.602869 0.954192 0.571406 0.939793 0.555941 0.915262 0.556474 0.887532 0.569806 0.865668 0.598603 0.848070 0.632733 0.855002 0.656730 0.877400 0.659396 0.912063 0.643398 0.937127
0 0.848176 0.914729 0.849243 0.946192 0.827912 0.973390 0.799115 0.983522 0.770318 0.976589 0.747920 0.952058 0.745787 0.930727 0.752186 0.901930 0.773517 0.884332 0.819379 0.880066
0 0.699392 0.777144 0.684460 0.785676 0.665262 0.808074 0.665262 0.845936 0.690326 0.872600 0.730322 0.877400 0.759119 0.855535 0.770318 0.828338 0.767118 0.798475 0.745787 0.778210
0 0.668125 0.713125 0.671875 0.738125 0.662500 0.766250 0.643750 0.785625 0.608750 0.786875 0.573125 0.770625 0.566250 0.730625 0.577500 0.701250 0.616875 0.684375 0.651875 0.693750
0 0.817308 0.814014 0.798166 0.800659 0.785702 0.783298 0.784366 0.757924 0.790153 0.740118 0.803508 0.723647 0.831108 0.712518 0.859152 0.718750 0.876068 0.735221 0.884972 0.761040 0.880520 0.790420 0.857372 0.810007 0.839566 0.814459
0 0.793019 0.563251 0.787009 0.578275 0.784505 0.608323 0.805038 0.631861 0.832582 0.638872 0.863131 0.629858 0.880158 0.605819 0.882662 0.575771 0.869141 0.558243 0.845102 0.544722 0.827574 0.541216 0.800531 0.553736
0 0.762470 0.586288 0.759465 0.609325 0.744441 0.634365 0.722907 0.639373 0.692358 0.634866 0.671825 0.617338 0.665315 0.585286 0.680339 0.559746 0.705879 0.547226 0.738932 0.550230 0.759966 0.572766
0 0.724344 0.518776 0.696373 0.518133 0.678691 0.510738 0.667438 0.488233 0.664866 0.462191 0.678369 0.439365 0.699267 0.427148 0.730453 0.427148 0.749421 0.443544 0.759709 0.466692 0.755851 0.494985 0.733668 0.515561
0 0.799576 0.514275 0.784144 0.482124 0.784465 0.449331 0.806327 0.429720 0.824331 0.422647 0.852945 0.428112 0.872235 0.442901 0.879308 0.472801 0.868056 0.506237 0.844264 0.519097
0 0.789082 0.361744 0.782587 0.346844 0.783733 0.321248 0.796340 0.300237 0.817352 0.289158 0.845622 0.289922 0.865869 0.306349 0.876566 0.322777 0.876566 0.356013 0.858993 0.377789 0.838363 0.386958 0.810093 0.382373 0.794048 0.370148
0 0.701979 0.386193 0.680585 0.377407 0.665304 0.357541 0.664158 0.335384 0.667596 0.316664 0.686698 0.296417 0.716878 0.290686 0.745530 0.304439 0.759283 0.326597 0.758901 0.351811 0.745912 0.370148 0.729485 0.382755
