0 0.898282 0.996016 0.875872 0.985433 0.860309 0.968625 0.860309 0.937500 0.881474 0.915090 0.897659 0.910110 0.925672 0.915090 0.944348 0.932520 0.940613 0.963645 0.930030 0.991658
0 0.755727 0.994148 0.728337 0.993526 0.708416 0.966135 0.709039 0.950573 0.716509 0.929407 0.730827 0.916335 0.755105 0.908865 0.768177 0.912600 0.782495 0.926917 0.788720 0.939368 0.791210 0.956798 0.783740 0.970493 0.771912 0.989168
0 0.812375 0.917580 0.788720 0.903884 0.783118 0.883342 0.788098 0.849726 0.817978 0.836653 0.847859 0.837276 0.870269 0.867156 0.865289 0.900149 0.850971 0.915090
0 0.667331 0.920692 0.644298 0.912600 0.632470 0.891434 0.631225 0.859686 0.654880 0.839766 0.676668 0.834163 0.707171 0.848481 0.718999 0.883342 0.707794 0.905129
0 0.745767 0.847236 0.717131 0.829806 0.707794 0.796813 0.721489 0.771290 0.750747 0.756350 0.791210 0.775025 0.796190 0.813621 0.775647 0.834163
0 0.599564 0.841206 0.577156 0.838178 0.560804 0.822432 0.557171 0.799419 0.568072 0.772771 0.587452 0.758842 0.623183 0.761870 0.640141 0.783067 0.644985 0.809109 0.620761 0.836361
0 0.673450 0.766715 0.648619 0.764293 0.635296 0.737040 0.634084 0.715237 0.647408 0.691618 0.677689 0.680111 0.707970 0.694041 0.721899 0.715237 0.710392 0.752786
0 0.168007 0.998144 0.144183 0.978651 0.138923 0.959468 0.142017 0.939666 0.157488 0.922649 0.178218 0.914604 0.204208 0.920173 0.221535 0.942141 0.222153 0.967512 0.208849 0.987005 0.188428 0.997525
0 0.064874 0.704781 0.035060 0.705333 0.014079 0.685457 0.004141 0.662268 0.011318 0.642392 0.027882 0.625828 0.057697 0.620307 0.081990 0.630245 0.093584 0.657851 0.091928 0.677727
0 0.091928 0.569512 0.109044 0.544114 0.128368 0.526999 0.159287 0.531416 0.181371 0.559574 0.175850 0.589388 0.150453 0.611473 0.117878 0.609265 0.099658 0.593253
0 0.175850 0.509331 0.170881 0.489455 0.183028 0.464609 0.208425 0.450254 0.239344 0.457984 0.257564 0.488350 0.251491 0.514852 0.229958 0.533624 0.205113 0.536385 0.185788 0.529759
0 0.255356 0.432034 0.257564 0.417127 0.276888 0.390625 0.312224 0.386208 0.332100 0.399459 0.339830 0.425409 0.334861 0.449702 0.308911 0.467370 0.284618 0.468474 0.266950 0.456327
0 0.358602 0.460744 0.361915 0.438107 0.378478 0.422648 0.396146 0.413262 0.422096 0.418231 0.441972 0.440868 0.441420 0.473995 0.420992 0.494424 0.392833 0.502705 0.370749 0.488902
0 0.435899 0.524790 0.447493 0.502705 0.470682 0.490559 0.498288 0.496080 0.515956 0.517613 0.515404 0.547979 0.497736 0.570064 0.469578 0.573377 0.445837 0.567303 0.433690 0.545219
0 0.506570 0.591597 0.525342 0.570616 0.551292 0.562334 0.582763 0.576689 0.594357 0.603191 0.584971 0.631349 0.562334 0.648465 0.534176 0.647913 0.506018 0.624724
0 0.242657 0.553500 0.259773 0.535280 0.280201 0.526999 0.306703 0.526999 0.323266 0.542458 0.330996 0.572273 0.313328 0.605952 0.279649 0.613682 0.254251 0.597118 0.243761 0.576689
0 0.318849 0.640183 0.334309 0.610921 0.369092 0.602639 0.398355 0.615890 0.408293 0.642392 0.386760 0.678280 0.372957 0.688218 0.341486 0.680488 0.326579 0.663924
0 0.399459 0.702021 0.413262 0.684353 0.437003 0.674415 0.475099 0.690426 0.483933 0.724658 0.462953 0.755576 0.435899 0.763306 0.407189 0.750055 0.399459 0.723001
0 0.194070 0.683249 0.178059 0.667237 0.168673 0.639631 0.184132 0.615338 0.207873 0.600983 0.243761 0.609265 0.257564 0.636318 0.255908 0.660060 0.239896 0.680488 0.216155 0.686561
0 0.243761 0.714720 0.255908 0.692635 0.269159 0.680488 0.298973 0.678280 0.324923 0.695395 0.330444 0.721897 0.321610 0.748951 0.293452 0.764410 0.268054 0.758337 0.248730 0.739565
0 0.319954 0.799194 0.326579 0.777109 0.344247 0.757785 0.367988 0.750607 0.400563 0.767171 0.407741 0.801955 0.386208 0.833977 0.350320 0.840603 0.328788 0.824591
0 0.080886 0.731283 0.090272 0.711407 0.103523 0.696500 0.128920 0.692635 0.154318 0.704229 0.166464 0.724106 0.159839 0.755024 0.146036 0.772692 0.104627 0.773244 0.090272 0.758889
0 0.153765 0.798642 0.173090 0.774901 0.196831 0.764962 0.228302 0.773244 0.243209 0.801955 0.234927 0.834530 0.202904 0.851645 0.172538 0.848333 0.160391 0.826248
0 0.228104 0.878710 0.236988 0.858330 0.262071 0.840562 0.290813 0.845265 0.312761 0.858852 0.320077 0.887594 0.309103 0.917903 0.278271 0.935148 0.243781 0.920516 0.231240 0.898046
