0 0.754913 0.881202 0.747664 0.911002 0.760551 0.959327 0.810486 0.967381 0.851562 0.937581 0.862838 0.894894 0.820957 0.857845 0.786324 0.857845
0 0.163040 0.939763 0.156469 0.913478 0.165961 0.881352 0.187135 0.860178 0.233134 0.860178 0.260879 0.884273 0.261609 0.925891 0.244816 0.952176 0.219261 0.966048 0.190786 0.966048
0 0.329512 0.873321 0.317100 0.904717 0.328782 0.941224 0.377702 0.966779 0.421510 0.941954 0.431002 0.909828 0.422240 0.874051 0.401066 0.857988 0.364559 0.857258
0 0.486492 0.908367 0.492334 0.882082 0.512777 0.858718 0.552935 0.852147 0.579220 0.868940 0.593823 0.897415 0.593823 0.928081 0.569728 0.955096 0.528110 0.964588 0.499635 0.949985
0 0.155739 0.714150 0.150628 0.688595 0.160120 0.664501 0.181294 0.642596 0.221452 0.636755 0.253578 0.658659 0.260879 0.701008 0.236784 0.736784 0.217071 0.745546 0.176183 0.739705
0 0.327322 0.716341 0.320020 0.692246 0.322941 0.663040 0.352147 0.636755 0.392304 0.636755 0.422970 0.661580 0.426621 0.703198 0.407637 0.733864 0.376241 0.744086 0.347036 0.742626
0 0.487953 0.710499 0.486492 0.675453 0.498905 0.649168 0.528110 0.631644 0.571919 0.636025 0.598934 0.673262 0.584331 0.728753 0.550745 0.741895 0.516428 0.738975
0 0.722778 0.675903 0.722778 0.718628 0.742310 0.753418 0.783813 0.771118 0.825928 0.755859 0.849121 0.727173 0.848511 0.677734 0.828369 0.652100 0.796631 0.633789 0.751465 0.643555
0 0.813875 0.485860 0.803422 0.502366 0.799021 0.532075 0.814976 0.566186 0.852938 0.581041 0.887049 0.567837 0.904654 0.534276 0.898052 0.497964 0.882097 0.481459 0.857890 0.472656 0.824879 0.479258
0 0.655986 0.490868 0.647012 0.517261 0.652819 0.554212 0.675517 0.573744 0.706134 0.577967 0.747308 0.560547 0.756810 0.516734 0.747308 0.490868 0.719331 0.469753 0.693993 0.468697
0 0.807364 0.354725 0.798713 0.375811 0.803038 0.409872 0.832234 0.440690 0.869539 0.438527 0.893869 0.422848 0.907385 0.383921 0.894410 0.354725 0.850616 0.332018 0.819258 0.347156
0 0.677031 0.355798 0.692814 0.343697 0.718592 0.337384 0.753840 0.348958 0.769623 0.374211 0.769097 0.413668 0.742266 0.441551 0.703335 0.444181 0.672296 0.432607 0.661774 0.395255 0.668087 0.368950
0 0.538142 0.425242 0.531829 0.405777 0.531303 0.375789 0.549190 0.352641 0.579177 0.337910 0.604430 0.341067 0.629156 0.360006 0.640730 0.383681 0.637048 0.418403 0.608112 0.448390 0.572338 0.452599
0 0.536037 0.271096 0.528146 0.252683 0.528146 0.225852 0.549716 0.196391 0.584438 0.184817 0.618108 0.195339 0.639152 0.226378 0.635469 0.262153 0.614952 0.286353 0.583912 0.297927 0.553925 0.290036
0 0.664404 0.212174 0.656513 0.246896 0.672296 0.280566 0.704914 0.291614 0.737005 0.289510 0.765415 0.264257 0.770149 0.230061 0.760680 0.203756 0.743319 0.187447 0.707018 0.180608 0.675452 0.199548
0 0.808028 0.195865 0.838016 0.182186 0.880629 0.187447 0.903251 0.222696 0.897990 0.263205 0.870107 0.289510 0.840646 0.290562 0.808554 0.275305 0.794350 0.253735 0.792245 0.219539
0 0.405566 0.398411 0.399253 0.383681 0.404514 0.360532 0.416614 0.343171 0.441867 0.336858 0.467645 0.351063 0.473432 0.382102 0.459754 0.403672 0.439762 0.409985 0.417666 0.407355
0 0.412405 0.215856 0.402410 0.234796 0.403988 0.255840 0.421349 0.273201 0.448706 0.275305 0.466593 0.263205 0.472380 0.233218 0.462910 0.215330 0.453441 0.206387 0.435553 0.205861
0 0.244400 0.205202 0.233562 0.217847 0.228143 0.237265 0.234917 0.256232 0.260206 0.267070 0.286398 0.248103 0.291817 0.223266 0.276012 0.203848
0 0.235368 0.284682 0.257045 0.278811 0.272399 0.289198 0.274657 0.307713 0.263819 0.322164 0.246658 0.324874 0.231756 0.312229 0.231304 0.295972
0 0.308074 0.211976 0.319816 0.202041 0.341492 0.205654 0.352330 0.221460 0.345105 0.244039 0.326138 0.249910 0.308526 0.241329 0.303559 0.225975
0 0.304462 0.346550 0.312590 0.337518 0.333815 0.338873 0.345556 0.355130 0.342395 0.374548 0.327944 0.387193 0.299946 0.377258 0.299043 0.361452
0 0.306268 0.411127 0.317558 0.404805 0.335621 0.406611 0.346460 0.421514 0.341492 0.440480 0.327944 0.447254 0.304010 0.446803 0.298139 0.430997
0 0.103744 0.024728 0.094360 0.042089 0.091075 0.076811 0.115475 0.106841 0.160051 0.109657 0.188673 0.089480 0.198057 0.058042 0.190081 0.028951 0.173189 0.009244 0.143628 0.002205
0 0.221187 0.061783 0.223576 0.033591 0.247468 0.009700 0.276615 0.002055 0.306718 0.007789 0.324876 0.030247 0.332043 0.058916 0.318186 0.091409 0.292383 0.107177 0.251768 0.104788 0.228832 0.083763
