0 0.410413 0.757623 0.397437 0.789522 0.407710 0.819258 0.433661 0.837100 0.465019 0.841425 0.500703 0.821962 0.512057 0.790063 0.503947 0.756542 0.483942 0.739241 0.453125 0.732212 0.429336 0.742485
0 0.450473 0.478057 0.443239 0.502652 0.447579 0.530623 0.462047 0.542197 0.488088 0.545091 0.514612 0.537375 0.527151 0.507475 0.516541 0.476128 0.493875 0.464072 0.467351 0.467930
0 0.345824 0.490114 0.341966 0.509886 0.351611 0.533999 0.378617 0.547020 0.406105 0.538821 0.419126 0.511815 0.412375 0.487703 0.398389 0.477575 0.378617 0.472753
0 0.287466 0.482359 0.277050 0.496808 0.280746 0.516297 0.298555 0.527386 0.315692 0.524698 0.329133 0.508905 0.324765 0.486055 0.313676 0.476647 0.301243 0.475302
0 0.215558 0.487063 0.210181 0.505544 0.220598 0.524362 0.242103 0.528730 0.258905 0.515625 0.261929 0.497816 0.258569 0.482359 0.247144 0.473286 0.225302 0.480007
0 0.454123 0.263628 0.450629 0.246156 0.458616 0.214207 0.482578 0.195737 0.527007 0.194239 0.554463 0.215206 0.562949 0.244159 0.550968 0.274611 0.524511 0.291084 0.492562 0.292083 0.469599 0.284095
0 0.455621 0.144319 0.451627 0.114367 0.465106 0.087909 0.491064 0.068440 0.537989 0.073433 0.559954 0.102885 0.555960 0.135333 0.540485 0.158796 0.513029 0.168281 0.485074 0.164786
0 0.333816 0.099391 0.325329 0.120357 0.339307 0.155801 0.375250 0.173273 0.421675 0.157298 0.435653 0.128345 0.430162 0.099391 0.419679 0.080921 0.391723 0.069439 0.361272 0.072434
0 0.362770 0.294579 0.337810 0.274611 0.331320 0.245657 0.343800 0.213708 0.374750 0.195238 0.409694 0.199730 0.436152 0.227187 0.434155 0.262630 0.412690 0.289087
0 0.240465 0.076428 0.216504 0.094399 0.204024 0.123353 0.215006 0.154303 0.243460 0.175270 0.277905 0.168281 0.301368 0.152806 0.307857 0.126348 0.309355 0.101388 0.295877 0.084415 0.272913 0.074431
0 0.229982 0.209215 0.215505 0.228185 0.215006 0.270118 0.245457 0.298073 0.286891 0.289087 0.315345 0.256140 0.303864 0.217202 0.283397 0.197734 0.252446 0.197234
0 0.087593 0.101356 0.079832 0.123086 0.089663 0.157233 0.116049 0.173789 0.158992 0.171720 0.180722 0.142746 0.182274 0.108082 0.166236 0.086869 0.143988 0.077556 0.119154 0.077556 0.097941 0.089456
0 0.079832 0.211558 0.065346 0.235875 0.065346 0.269505 0.083454 0.290201 0.111393 0.301583 0.153818 0.288649 0.169857 0.246223 0.153301 0.215180 0.122775 0.200176 0.094319 0.203280
