0 0.341099 0.823382 0.337612 0.858956 0.311802 0.880580 0.267160 0.884068 0.239955 0.854074 0.235770 0.814314 0.265765 0.782924 0.302037 0.780134 0.336217 0.798270
0 0.071960 0.919219 0.060817 0.914240 0.054889 0.903808 0.057971 0.892427 0.067218 0.883654 0.081919 0.881283 0.093300 0.889582 0.094959 0.904045 0.091166 0.914240
0 0.125071 0.917797 0.118195 0.909024 0.119618 0.891716 0.126257 0.881994 0.133844 0.875830 0.151864 0.876067 0.163956 0.887211 0.167038 0.904519 0.153998 0.920168 0.136926 0.921353
0 0.063176 0.815724 0.057716 0.810004 0.056416 0.797525 0.062396 0.787646 0.074615 0.782966 0.086834 0.786086 0.093334 0.798045 0.090214 0.816504 0.073055 0.821443
0 0.128952 0.820663 0.119332 0.811044 0.117772 0.797005 0.128692 0.781406 0.152350 0.780106 0.161970 0.791805 0.163010 0.806624 0.156250 0.817284 0.145071 0.823263
0 0.064439 0.669708 0.050753 0.657733 0.047901 0.645757 0.051893 0.629790 0.071282 0.618385 0.095233 0.632641 0.094662 0.654881 0.079836 0.669708
0 0.135721 0.667997 0.123745 0.660584 0.114051 0.644617 0.119183 0.628079 0.134010 0.618955 0.155680 0.624658 0.164804 0.644047 0.160242 0.663435
0 0.126026 0.555087 0.100935 0.531136 0.093522 0.491788 0.100365 0.459854 0.127737 0.431341 0.181341 0.423928 0.214986 0.444457 0.232094 0.488367 0.225821 0.524863 0.203581 0.548814 0.173358 0.566492
0 0.269152 0.674422 0.252988 0.654340 0.249069 0.620053 0.262294 0.595562 0.285315 0.580378 0.308826 0.577439 0.333317 0.588215 0.353889 0.614175 0.353399 0.651401 0.333807 0.677361 0.313725 0.687157 0.283356 0.685688
0 0.445054 0.702562 0.426755 0.688016 0.411740 0.657048 0.417370 0.625610 0.434262 0.605903 0.461946 0.594642 0.496199 0.605434 0.519191 0.628425 0.519660 0.674409 0.497138 0.697870 0.479777 0.704908
0 0.569867 0.663617 0.562359 0.646256 0.560482 0.618102 0.575028 0.591826 0.605058 0.576342 0.651042 0.584319 0.666995 0.613410 0.667934 0.653294 0.633211 0.680509 0.594266 0.683324
0 0.443178 0.525197 0.444116 0.508305 0.451623 0.485783 0.471331 0.464668 0.518253 0.460445 0.544998 0.487190 0.550629 0.525666 0.533737 0.556635 0.503707 0.571181 0.467577 0.559450
0 0.613718 0.502708 0.601873 0.478452 0.600181 0.448556 0.619359 0.416403 0.653204 0.406814 0.693818 0.420916 0.707920 0.454761 0.698330 0.500451 0.658281 0.516810
0 0.490749 0.418660 0.460853 0.407942 0.444495 0.376354 0.446751 0.339689 0.469314 0.318254 0.508800 0.308100 0.531927 0.322202 0.548849 0.345894 0.549413 0.384251 0.526286 0.409070
0 0.649819 0.367893 0.614282 0.334612 0.614282 0.288921 0.630641 0.270871 0.665050 0.256205 0.698894 0.267486 0.719201 0.292870 0.719765 0.327843 0.694382 0.359995
0 0.456463 0.201034 0.436290 0.198834 0.426020 0.184162 0.426020 0.166190 0.438124 0.148584 0.460131 0.146750 0.474435 0.155186 0.479937 0.173526 0.476636 0.190031
0 0.551093 0.192965 0.536422 0.183795 0.528352 0.166923 0.535321 0.151518 0.551827 0.139048 0.573834 0.143082 0.587038 0.160688 0.583737 0.182695 0.563930 0.194065
0 0.443992 0.108605 0.431888 0.103470 0.423819 0.084397 0.427854 0.071560 0.442892 0.059822 0.463798 0.064224 0.471134 0.082563 0.467833 0.102369
