0 0.859438 0.412023 0.849398 0.452184 0.867595 0.487952 0.901481 0.503012 0.942897 0.492344 0.963604 0.450301 0.956074 0.417043 0.930974 0.396335 0.892068 0.392570
0 0.107971 0.927142 0.087254 0.906074 0.092521 0.870962 0.114993 0.851650 0.142732 0.848841 0.165555 0.856917 0.176440 0.871664 0.179600 0.899052 0.171524 0.920822 0.149754 0.933462
0 0.211480 0.855867 0.204325 0.871792 0.201556 0.896026 0.217250 0.917028 0.244022 0.927414 0.278180 0.917490 0.293875 0.889563 0.286951 0.863483 0.273334 0.848481 0.251639 0.842481
0 0.324550 0.859772 0.317135 0.872484 0.312368 0.893671 0.321107 0.919624 0.343088 0.935514 0.374603 0.935249 0.394465 0.915122 0.398437 0.882018 0.376192 0.855005 0.351562 0.854211
0 0.365167 0.818185 0.352295 0.803883 0.351223 0.775994 0.362664 0.751680 0.391984 0.740596 0.423806 0.747390 0.442041 0.769201 0.435963 0.807101 0.419158 0.823906 0.384118 0.826051
0 0.288457 0.673032 0.276883 0.687763 0.271622 0.711963 0.291088 0.738268 0.316340 0.751420 0.350537 0.740899 0.365267 0.711963 0.360532 0.685133 0.336332 0.664089 0.308975 0.663563
0 0.215856 0.598327 0.197969 0.611479 0.200600 0.643571 0.224800 0.674085 0.261627 0.675137 0.287931 0.654093 0.290562 0.612005 0.262679 0.592540 0.232165 0.586753
0 0.162195 0.697233 0.148516 0.718803 0.145886 0.754577 0.172191 0.776673 0.206913 0.778777 0.233744 0.754051 0.240583 0.720907 0.203756 0.685659 0.174295 0.691446
0 0.080650 0.600957 0.072759 0.617793 0.073285 0.650936 0.094855 0.679872 0.133786 0.684080 0.168508 0.665141 0.176926 0.634628 0.172191 0.606218 0.140099 0.580966 0.108007 0.582544
0 0.048189 0.718703 0.069773 0.705565 0.112472 0.708380 0.126079 0.729495 0.130302 0.754833 0.115756 0.779232 0.096049 0.787209 0.070242 0.788148 0.046312 0.776886 0.039274 0.752487
0 0.407286 0.608976 0.369021 0.597018 0.340322 0.563536 0.341119 0.515705 0.366629 0.489397 0.417650 0.471859 0.466279 0.490992 0.485411 0.538823 0.467873 0.589047
0 0.498166 0.713409 0.474251 0.687101 0.479831 0.647242 0.505341 0.624920 0.545201 0.621732 0.579480 0.647242 0.565131 0.702248 0.534040 0.718989
