0 0.091018 0.421192 0.082053 0.408811 0.079491 0.379781 0.091872 0.365266 0.111510 0.356728 0.132855 0.361851 0.149932 0.379355 0.145236 0.415642 0.126025 0.428876
0 0.186646 0.498463 0.199027 0.468579 0.222080 0.460895 0.245987 0.471995 0.254952 0.494621 0.241718 0.516393 0.223788 0.522370 0.202442 0.515967
0 0.548234 0.413043 0.556386 0.391304 0.575408 0.375000 0.603261 0.371603 0.622283 0.382473 0.635870 0.402174 0.626359 0.432745 0.610054 0.455163 0.569293 0.455842 0.555027 0.438859
0 0.884940 0.364345 0.869348 0.353950 0.857004 0.330236 0.862201 0.303924 0.883641 0.286383 0.915476 0.287682 0.934641 0.303599 0.938864 0.323415 0.935291 0.345829 0.920673 0.360122 0.901832 0.367594
0 0.747556 0.252157 0.732218 0.234902 0.728863 0.211417 0.732218 0.189849 0.750911 0.163967 0.791651 0.156777 0.823763 0.172115 0.838622 0.205665 0.826639 0.243530 0.794047 0.262222 0.767207 0.262701
0 0.919417 0.267029 0.906426 0.256145 0.899052 0.230864 0.906777 0.201721 0.933813 0.187676 0.962254 0.189080 0.983673 0.208041 0.987886 0.234726 0.978406 0.261763 0.947507 0.272296
0 0.857971 0.177142 0.837254 0.156074 0.842521 0.120962 0.864993 0.101650 0.892732 0.098841 0.915555 0.106917 0.926440 0.121664 0.929600 0.149052 0.921524 0.170822 0.899754 0.183462
0 0.435072 0.318095 0.427330 0.298388 0.432256 0.277273 0.448093 0.255455 0.488211 0.246305 0.516364 0.265308 0.526570 0.287127 0.521291 0.316688 0.501232 0.334987 0.479061 0.342378 0.449148 0.331116
0 0.353183 0.212993 0.325126 0.201867 0.314967 0.186387 0.314000 0.162684 0.330447 0.141399 0.357053 0.130757 0.388980 0.145753 0.396720 0.175745 0.383175 0.203318
0 0.220408 0.099528 0.202321 0.087972 0.192273 0.062349 0.206340 0.030195 0.229451 0.013615 0.265123 0.016127 0.286224 0.034214 0.292755 0.056320 0.281702 0.089480 0.261103 0.104552 0.236485 0.106059
