0 0.308074 0.961976 0.319816 0.952041 0.341492 0.955654 0.352330 0.971460 0.345105 0.994039 0.326138 0.999910 0.308526 0.991329 0.303559 0.975975
0 0.103744 0.774728 0.094360 0.792089 0.091075 0.826811 0.115475 0.856841 0.160051 0.859657 0.188673 0.839480 0.198057 0.808042 0.190081 0.778951 0.173189 0.759244 0.143628 0.752205
0 0.221187 0.811783 0.223576 0.783591 0.247468 0.759700 0.276615 0.752055 0.306718 0.757789 0.324876 0.780247 0.332043 0.808916 0.318186 0.841409 0.292383 0.857177 0.251768 0.854788 0.228832 0.833763
0 0.360266 0.830589 0.352401 0.813286 0.356596 0.786546 0.375472 0.760854 0.405359 0.748270 0.436818 0.755086 0.460413 0.780254 0.460413 0.819578 0.438916 0.846319 0.413748 0.857854 0.379142 0.847368
0 0.090688 0.697226 0.087536 0.673811 0.096992 0.649045 0.115454 0.631484 0.152828 0.625180 0.181196 0.643192 0.194254 0.672911 0.187500 0.708033 0.152828 0.730097 0.124460 0.730998 0.100144 0.717939
0 0.244432 0.723986 0.221991 0.689079 0.221991 0.645861 0.259392 0.620096 0.309259 0.628408 0.328374 0.664146 0.326712 0.704870 0.297623 0.730635
0 0.082942 0.587328 0.062970 0.566573 0.057487 0.531328 0.079026 0.500783 0.102914 0.491385 0.137375 0.493734 0.162046 0.517231 0.167137 0.541118 0.162829 0.565789 0.140508 0.587719 0.110746 0.596335
0 0.040133 0.400465 0.025556 0.379510 0.023734 0.356277 0.030111 0.330312 0.053344 0.312546 0.077943 0.306624 0.107553 0.315279 0.124863 0.343522 0.126230 0.376777 0.111197 0.403198 0.076121 0.409120 0.055621 0.409575
0 0.168698 0.488330 0.143413 0.468880 0.131094 0.441649 0.134984 0.404046 0.155083 0.383947 0.188148 0.374222 0.220565 0.386540 0.240016 0.418957 0.238719 0.447484 0.227697 0.469528 0.205654 0.483143
0 0.284103 0.555757 0.254927 0.536307 0.243257 0.508428 0.251037 0.477308 0.267246 0.459155 0.297070 0.448133 0.329487 0.458506 0.353475 0.492220 0.341805 0.535010 0.315871 0.553812
0 0.408268 0.648039 0.387622 0.627393 0.380584 0.599709 0.393722 0.567802 0.416714 0.552787 0.453313 0.552318 0.477712 0.571087 0.484281 0.603932 0.473020 0.635370 0.447213 0.648508
0 0.504458 0.706222 0.487566 0.689799 0.482873 0.656485 0.497889 0.632554 0.531672 0.617070 0.570148 0.627393 0.587509 0.659769 0.581879 0.696837 0.552787 0.718891 0.532142 0.720298
0 0.631147 0.786458 0.600648 0.761590 0.602055 0.719829 0.624578 0.692145 0.659300 0.682761 0.694491 0.700122 0.708568 0.726398 0.703407 0.759244 0.686984 0.779420 0.655546 0.790681
0 0.744024 0.856076 0.722236 0.836155 0.715388 0.810632 0.718501 0.781997 0.739666 0.758342 0.772659 0.749626 0.808765 0.764567 0.824328 0.794447 0.815613 0.832420 0.795070 0.857321
0 0.837593 0.101356 0.829832 0.123086 0.839663 0.157233 0.866049 0.173789 0.908992 0.171720 0.930722 0.142746 0.932274 0.108082 0.916236 0.086869 0.893988 0.077556 0.869154 0.077556 0.847941 0.089456
0 0.829832 0.211558 0.815346 0.235875 0.815346 0.269505 0.833454 0.290201 0.861393 0.301583 0.903818 0.288649 0.919857 0.246223 0.903301 0.215180 0.872775 0.200176 0.844319 0.203280
0 0.699452 0.226045 0.691691 0.251397 0.699969 0.282957 0.723769 0.297444 0.755329 0.301066 0.783785 0.282440 0.796202 0.247775 0.778611 0.210006 0.747568 0.203798 0.720664 0.208454
0 0.714456 0.104977 0.705660 0.135503 0.722734 0.166029 0.760503 0.181033 0.800859 0.159820 0.812241 0.122568 0.798789 0.089973 0.774990 0.078591 0.748086 0.079108
0 0.590284 0.113773 0.587697 0.143781 0.607875 0.176376 0.655991 0.185172 0.687034 0.154646 0.686000 0.117394 0.677204 0.096699 0.654957 0.078073 0.615635 0.084799
0 0.472801 0.106481 0.464120 0.144097 0.482060 0.178241 0.533565 0.188079 0.554977 0.168981 0.566551 0.134259 0.555556 0.105324 0.526042 0.086227 0.496528 0.085648
