0 0.067308 0.814014 0.048166 0.800659 0.035702 0.783298 0.034366 0.757924 0.040153 0.740118 0.053508 0.723647 0.081108 0.712518 0.109152 0.718750 0.126068 0.735221 0.134972 0.761040 0.130520 0.790420 0.107372 0.810007 0.089566 0.814459
0 0.311027 0.842277 0.318799 0.860275 0.314300 0.885635 0.297938 0.905268 0.266852 0.909359 0.245991 0.900769 0.234130 0.879499 0.234539 0.858230 0.239038 0.842687 0.254990 0.827552 0.278714 0.823053
0 0.340616 0.889774 0.337930 0.875895 0.342855 0.853510 0.363449 0.838736 0.393446 0.836945 0.415831 0.853510 0.424785 0.879029 0.413592 0.904101 0.396580 0.919771 0.370165 0.919771 0.349570 0.910369
0 0.444698 0.898701 0.444698 0.881496 0.452072 0.861482 0.467872 0.848490 0.499473 0.846032 0.524754 0.865344 0.528968 0.896243 0.513869 0.918013 0.495611 0.928195 0.474895 0.927493 0.455583 0.919417
0 0.549505 0.901686 0.551439 0.878868 0.562268 0.854502 0.593209 0.840579 0.624536 0.845993 0.647741 0.868812 0.649288 0.915223 0.621055 0.936494 0.592822 0.941522 0.562268 0.929146
0 0.658957 0.748917 0.661665 0.772896 0.652769 0.799582 0.633818 0.813892 0.603264 0.816986 0.578125 0.807317 0.564202 0.793394 0.562268 0.758586 0.572324 0.733447 0.599010 0.715269 0.633431 0.717976
0 0.715541 0.954753 0.683454 0.940337 0.672759 0.918945 0.674619 0.880348 0.695545 0.858956 0.729027 0.851516 0.759254 0.862212 0.774600 0.893369 0.769020 0.926851 0.750419 0.954753
0 0.749953 0.830125 0.711821 0.827334 0.689035 0.810128 0.683454 0.766416 0.699265 0.739909 0.729957 0.725958 0.766695 0.738514 0.786226 0.766416 0.782971 0.800828
0 0.819708 0.828265 0.809477 0.806873 0.808082 0.779901 0.821103 0.756650 0.837844 0.743629 0.869466 0.741304 0.895973 0.755720 0.907599 0.782692 0.902948 0.817104 0.877837 0.836635 0.851795 0.844076
0 0.797440 0.930221 0.797440 0.898845 0.812500 0.873117 0.844503 0.861822 0.875251 0.868097 0.894704 0.889433 0.898469 0.925201 0.882154 0.955321 0.855798 0.969127 0.823795 0.963479 0.801205 0.944026
0 0.771345 0.581334 0.769252 0.553432 0.777623 0.524135 0.803432 0.505301 0.844587 0.505999 0.869001 0.528320 0.873884 0.566685 0.861328 0.597377 0.825056 0.612026 0.792969 0.605050
0 0.637416 0.579241 0.638114 0.542969 0.655552 0.518555 0.689035 0.507394 0.727400 0.519252 0.745536 0.558315 0.730190 0.598075 0.700893 0.614816 0.666016 0.607840
0 0.643694 0.458566 0.632533 0.433454 0.639509 0.402762 0.670898 0.374860 0.712751 0.376953 0.738560 0.409040 0.738560 0.450893 0.709961 0.479492 0.669503 0.479492
0 0.767857 0.450195 0.765067 0.407645 0.784598 0.380441 0.816685 0.370675 0.856445 0.380441 0.875279 0.420201 0.865513 0.448800 0.838309 0.479492 0.796456 0.474609
0 0.659738 0.342076 0.634626 0.312779 0.631836 0.278599 0.648577 0.255580 0.679269 0.240932 0.724609 0.259068 0.737863 0.305106 0.720424 0.338588 0.685547 0.348354
0 0.789352 0.340856 0.770255 0.318866 0.760995 0.291667 0.767940 0.263310 0.800926 0.239005 0.832176 0.239005 0.861690 0.259838 0.869792 0.290509 0.861111 0.324074 0.839120 0.342014 0.795139 0.341435
0 0.469758 0.598412 0.459677 0.573211 0.465348 0.542969 0.478579 0.524068 0.518271 0.511467 0.551033 0.527848 0.564894 0.554940 0.558594 0.594002 0.534022 0.616053 0.501890 0.619834
0 0.560668 0.410829 0.561813 0.452038 0.544643 0.473787 0.512019 0.482372 0.476534 0.475504 0.461081 0.445169 0.460508 0.415408 0.474245 0.394231 0.498283 0.379922 0.528617 0.379350
0 0.557807 0.281479 0.561813 0.312958 0.538919 0.345009 0.501717 0.353022 0.474817 0.342147 0.461081 0.318681 0.457074 0.288919 0.469093 0.263736 0.495994 0.245421 0.535485 0.250000
0 0.333677 0.593701 0.326798 0.573555 0.338591 0.543583 0.362176 0.524420 0.405415 0.530808 0.427526 0.561763 0.419664 0.596649 0.398536 0.619251 0.371511 0.620725 0.345470 0.614338
0 0.204452 0.605002 0.200029 0.585348 0.206417 0.554393 0.228528 0.535230 0.258992 0.529334 0.290930 0.543583 0.305670 0.575029 0.299774 0.613355 0.263905 0.632518 0.227054 0.629570
0 0.212313 0.471846 0.211331 0.444330 0.227545 0.420254 0.245725 0.408952 0.279137 0.412883 0.299774 0.432537 0.305179 0.458579 0.300265 0.481673 0.279137 0.497396 0.256044 0.504275 0.232950 0.496904
0 0.332203 0.476268 0.325816 0.453174 0.334169 0.426150 0.358245 0.408952 0.379864 0.405513 0.412785 0.418779 0.425069 0.451700 0.417699 0.480199 0.396079 0.499361 0.367581 0.499361 0.345961 0.493465
0 0.416224 0.314613 0.422121 0.335250 0.416224 0.360800 0.396079 0.377015 0.361684 0.378489 0.342030 0.373084 0.330729 0.353430 0.326798 0.334267 0.327781 0.314613 0.343013 0.296924 0.370529 0.283658 0.394114 0.290537
0 0.304687 0.328371 0.298791 0.360800 0.282577 0.376523 0.259483 0.383402 0.227545 0.380454 0.212805 0.361783 0.204943 0.333776 0.213296 0.308225 0.235407 0.293976 0.268819 0.289554 0.295843 0.310191
0 0.043019 0.563251 0.037009 0.578275 0.034505 0.608323 0.055038 0.631861 0.082582 0.638872 0.113131 0.629858 0.130158 0.605819 0.132662 0.575771 0.119141 0.558243 0.095102 0.544722 0.077574 0.541216 0.050531 0.553736
0 0.049576 0.514275 0.034144 0.482124 0.034465 0.449331 0.056327 0.429720 0.074331 0.422647 0.102945 0.428112 0.122235 0.442901 0.129308 0.472801 0.118056 0.506237 0.094264 0.519097
0 0.039082 0.361744 0.032587 0.346844 0.033733 0.321248 0.046340 0.300237 0.067352 0.289158 0.095622 0.289922 0.115869 0.306349 0.126566 0.322777 0.126566 0.356013 0.108993 0.377789 0.088363 0.386958 0.060093 0.382373 0.044048 0.370148
