0 0.857971 0.927142 0.837254 0.906074 0.842521 0.870962 0.864993 0.851650 0.892732 0.848841 0.915555 0.856917 0.926440 0.871664 0.929600 0.899052 0.921524 0.920822 0.899754 0.933462
0 0.912195 0.697233 0.898516 0.718803 0.895886 0.754577 0.922191 0.776673 0.956913 0.778777 0.983744 0.754051 0.990583 0.720907 0.953756 0.685659 0.924295 0.691446
0 0.830650 0.600957 0.822759 0.617793 0.823285 0.650936 0.844855 0.679872 0.883786 0.684080 0.918508 0.665141 0.926926 0.634628 0.922191 0.606218 0.890099 0.580966 0.858007 0.582544
0 0.798189 0.718703 0.819773 0.705565 0.862472 0.708380 0.876079 0.729495 0.880302 0.754833 0.865756 0.779232 0.846049 0.787209 0.820242 0.788148 0.796312 0.776886 0.789274 0.752487
0 0.681983 0.819408 0.667609 0.803181 0.663437 0.769334 0.678273 0.748470 0.703774 0.738733 0.729739 0.744297 0.748284 0.761916 0.751994 0.788344 0.734839 0.817090 0.714902 0.822654
0 0.735969 0.666454 0.713648 0.654974 0.706633 0.623087 0.717474 0.598214 0.732143 0.582270 0.771684 0.585459 0.794005 0.610969 0.787628 0.655612 0.743622 0.667092
0 0.549989 0.834736 0.514478 0.822170 0.499181 0.797585 0.509561 0.767537 0.530321 0.745138 0.566925 0.750055 0.586593 0.768083 0.592056 0.797039 0.579491 0.827087
0 0.639587 0.750601 0.604622 0.740221 0.582769 0.715636 0.596427 0.675208 0.628660 0.661003 0.667450 0.676847 0.678376 0.705256 0.667450 0.737489
0 0.562555 0.676300 0.519395 0.663735 0.506829 0.632594 0.519395 0.603639 0.541248 0.584517 0.572935 0.589980 0.593695 0.604185 0.602437 0.632594 0.592056 0.657179
0 0.658708 0.578507 0.619373 0.561025 0.608446 0.540811 0.614456 0.504207 0.642319 0.487271 0.673459 0.488363 0.698044 0.511309 0.700776 0.545728 0.683840 0.568127
0 0.483778 0.758913 0.443131 0.748098 0.424485 0.724978 0.424485 0.704840 0.440893 0.683957 0.474083 0.671278 0.505034 0.682839 0.518086 0.711553 0.515849 0.735419
0 0.471055 0.548412 0.460809 0.528432 0.471568 0.495133 0.509477 0.479764 0.541752 0.487961 0.555584 0.515113 0.555072 0.547387 0.528945 0.562244 0.501281 0.567367
0 0.575595 0.481908 0.552505 0.469256 0.544899 0.456418 0.547893 0.427682 0.560465 0.415110 0.580819 0.399545 0.611351 0.401940 0.637093 0.428281 0.632902 0.459411 0.616739 0.477371
0 0.635846 0.397610 0.620037 0.379596 0.619301 0.357904 0.633640 0.336581 0.664154 0.323346 0.702022 0.333640 0.713787 0.358272 0.706434 0.389154 0.681801 0.409007
0 0.353183 0.962993 0.325126 0.951867 0.314967 0.936387 0.314000 0.912684 0.330447 0.891399 0.357053 0.880757 0.388980 0.895753 0.396720 0.925745 0.383175 0.953318
0 0.220408 0.849528 0.202321 0.837972 0.192273 0.812349 0.206340 0.780195 0.229451 0.763615 0.265123 0.766127 0.286224 0.784214 0.292755 0.806320 0.281702 0.839480 0.261103 0.854552 0.236485 0.856059
0 0.250000 0.452806 0.251913 0.430485 0.264668 0.403061 0.293367 0.375000 0.340561 0.366071 0.394133 0.401148 0.410077 0.450893 0.380102 0.504464 0.318878 0.526148 0.278699 0.501913
0 0.124585 0.342506 0.108684 0.316233 0.108684 0.284430 0.127351 0.246405 0.168142 0.221515 0.209624 0.223590 0.248341 0.250553 0.258020 0.285122 0.252489 0.324530 0.230365 0.358407 0.187500 0.372235 0.145326 0.368086
0 0.673528 0.120343 0.652494 0.109325 0.641977 0.090294 0.637971 0.072266 0.644982 0.050731 0.666016 0.031701 0.688552 0.023688 0.722105 0.037710 0.735126 0.062250 0.726613 0.096805 0.707081 0.119341
