0 0.456463 0.951034 0.436290 0.948834 0.426020 0.934162 0.426020 0.916190 0.438124 0.898584 0.460131 0.896750 0.474435 0.905186 0.479937 0.923526 0.476636 0.940031
0 0.551093 0.942965 0.536422 0.933795 0.528352 0.916923 0.535321 0.901518 0.551827 0.889048 0.573834 0.893082 0.587038 0.910688 0.583737 0.932695 0.563930 0.944065
0 0.443992 0.858605 0.431888 0.853470 0.423819 0.834397 0.427854 0.821560 0.442892 0.809822 0.463798 0.814224 0.471134 0.832563 0.467833 0.852369
0 0.486801 0.750113 0.436597 0.741652 0.415727 0.712319 0.417983 0.682987 0.429264 0.659296 0.474391 0.638989 0.515005 0.664373 0.524030 0.701602 0.512748 0.732062
0 0.724842 0.747292 0.696074 0.730934 0.680844 0.703294 0.685356 0.673962 0.703407 0.650835 0.733303 0.637297 0.768840 0.648014 0.791403 0.683551 0.785199 0.719653 0.764328 0.741652
0 0.586079 0.671142 0.565208 0.655347 0.554490 0.622631 0.556746 0.598940 0.572541 0.576376 0.609206 0.565659 0.646435 0.570171 0.661101 0.604016 0.653204 0.648014 0.634589 0.672270 0.597924 0.674526
0 0.468186 0.600068 0.437726 0.592171 0.424188 0.576376 0.415727 0.540839 0.421367 0.524481 0.440546 0.501354 0.473263 0.491200 0.502031 0.499097 0.521209 0.527301 0.524030 0.565659 0.505415 0.592735
0 0.599616 0.517712 0.549977 0.506431 0.536440 0.483867 0.535311 0.451715 0.555618 0.420126 0.592283 0.407717 0.634025 0.421255 0.644743 0.453407 0.642486 0.486688 0.624436 0.512071
0 0.702843 0.490072 0.678023 0.465817 0.678588 0.422383 0.700587 0.396435 0.728791 0.386282 0.766020 0.395307 0.782942 0.424639 0.778994 0.461304 0.760943 0.490072 0.731611 0.492329
0 0.513312 0.409409 0.473827 0.420126 0.444495 0.408281 0.424752 0.382897 0.423624 0.360898 0.427008 0.343412 0.449007 0.320848 0.490749 0.310131 0.513876 0.324233 0.530799 0.355257 0.529106 0.390794
0 0.723150 0.337207 0.687613 0.327053 0.668434 0.291516 0.668434 0.260492 0.694946 0.234544 0.736124 0.225519 0.764892 0.244698 0.777866 0.279671 0.769968 0.312387 0.750226 0.331566
0 0.510492 0.259928 0.476083 0.257107 0.437726 0.236801 0.419111 0.196751 0.424188 0.153317 0.449571 0.125677 0.491313 0.108190 0.547157 0.122856 0.573669 0.167983 0.571412 0.206904 0.556182 0.237365
0 0.719078 0.098864 0.706879 0.073057 0.711102 0.040212 0.728463 0.018159 0.763185 0.006428 0.799315 0.020974 0.816207 0.052881 0.813392 0.076342 0.802130 0.101211 0.774446 0.118102 0.731278 0.110595
0 0.853744 0.024728 0.844360 0.042089 0.841075 0.076811 0.865475 0.106841 0.910051 0.109657 0.938673 0.089480 0.948057 0.058042 0.940081 0.028951 0.923189 0.009244 0.893628 0.002205
