0 0.799740 0.980469 0.784115 0.960677 0.780990 0.917448 0.793490 0.895052 0.827865 0.874219 0.864844 0.878385 0.891406 0.903906 0.897135 0.944531 0.878385 0.980469 0.842969 0.995052
0 0.508580 0.728233 0.495033 0.708363 0.500452 0.665914 0.525741 0.642431 0.560965 0.638819 0.590770 0.655076 0.607027 0.691203 0.584447 0.736362 0.546514 0.751716
0 0.382135 0.752619 0.338783 0.731846 0.327944 0.688493 0.345105 0.649657 0.385748 0.635206 0.440842 0.665914 0.435423 0.715589 0.412843 0.745394
0 0.207822 0.752619 0.176210 0.737265 0.159050 0.696622 0.177113 0.659592 0.213241 0.638819 0.258400 0.658689 0.273754 0.702944 0.252980 0.743587
0 0.198790 0.578306 0.168985 0.562952 0.157243 0.528631 0.163566 0.493407 0.194274 0.471730 0.238530 0.471730 0.267431 0.501535 0.262012 0.552113 0.241239 0.579209
0 0.353233 0.571080 0.327944 0.550307 0.325235 0.507858 0.345105 0.480762 0.379426 0.467215 0.420972 0.484375 0.435423 0.528631 0.415553 0.562952 0.395683 0.577402
0 0.515806 0.571983 0.492323 0.541275 0.494129 0.500632 0.506774 0.482569 0.539288 0.467215 0.588060 0.479859 0.605220 0.519599 0.581738 0.567467 0.551030 0.580112
0 0.214144 0.381413 0.177113 0.374187 0.154534 0.336254 0.161759 0.302836 0.182533 0.276644 0.241239 0.275741 0.263819 0.306449 0.265625 0.358833 0.243046 0.376897
0 0.375813 0.382316 0.340589 0.365155 0.323428 0.336254 0.331557 0.299223 0.365878 0.272128 0.414650 0.280257 0.436326 0.319093 0.426391 0.362446 0.402908 0.380509
0 0.542901 0.383219 0.502258 0.365155 0.485098 0.334447 0.494129 0.291998 0.524837 0.269418 0.577222 0.273031 0.597995 0.301030 0.600704 0.333544 0.586254 0.369671
0 0.821090 0.429565 0.765461 0.418112 0.745828 0.387844 0.748282 0.346122 0.779368 0.318308 0.822726 0.312582 0.859539 0.345304 0.865265 0.384571 0.847268 0.417294
0 0.754913 0.131202 0.747664 0.161002 0.760551 0.209327 0.810486 0.217381 0.851562 0.187581 0.862838 0.144894 0.820957 0.107845 0.786324 0.107845
0 0.163040 0.189763 0.156469 0.163478 0.165961 0.131352 0.187135 0.110178 0.233134 0.110178 0.260879 0.134273 0.261609 0.175891 0.244816 0.202176 0.219261 0.216048 0.190786 0.216048
0 0.329512 0.123321 0.317100 0.154717 0.328782 0.191224 0.377702 0.216779 0.421510 0.191954 0.431002 0.159828 0.422240 0.124051 0.401066 0.107988 0.364559 0.107258
0 0.486492 0.158367 0.492334 0.132082 0.512777 0.108718 0.552935 0.102147 0.579220 0.118940 0.593823 0.147415 0.593823 0.178081 0.569728 0.205096 0.528110 0.214588 0.499635 0.199985
