0 0.668599 0.429688 0.678427 0.416079 0.695817 0.404738 0.721522 0.406250 0.739415 0.417591 0.746724 0.443044 0.734627 0.472782 0.715474 0.480091 0.692792 0.479839 0.679183 0.472530 0.671371 0.459677 0.670615 0.446825
0 0.652795 0.368250 0.648012 0.344866 0.652795 0.323076 0.679369 0.308727 0.704879 0.311915 0.720823 0.328391 0.724011 0.353369 0.713382 0.378880 0.683089 0.388977 0.660236 0.382068
0 0.628348 0.276839 0.620376 0.261426 0.626754 0.228476 0.652264 0.216252 0.685746 0.215721 0.701690 0.233259 0.706473 0.255049 0.696907 0.277902 0.678306 0.291720 0.652795 0.291188
0 0.609216 0.189148 0.598055 0.165763 0.599118 0.146099 0.616125 0.124841 0.653858 0.117400 0.673523 0.129092 0.685215 0.149288 0.681494 0.177455 0.664488 0.193931 0.645355 0.198182
0 0.770780 0.455942 0.754305 0.435746 0.752710 0.417145 0.762808 0.395886 0.789381 0.383131 0.822332 0.383663 0.838807 0.411830 0.840402 0.436278 0.819675 0.457536 0.799479 0.461256
0 0.752710 0.359747 0.737298 0.348586 0.730920 0.325202 0.743144 0.298097 0.768123 0.289594 0.792570 0.290657 0.814360 0.306069 0.818080 0.326265 0.810640 0.347523 0.792570 0.363999
0 0.742081 0.269398 0.721886 0.258769 0.713914 0.236979 0.720823 0.213595 0.734109 0.198714 0.767591 0.193931 0.794165 0.214658 0.800011 0.240168 0.776626 0.267273
0 0.722417 0.174267 0.704879 0.167358 0.692124 0.147693 0.697438 0.123246 0.710725 0.108365 0.736767 0.097736 0.764403 0.106239 0.778752 0.132281 0.770249 0.162574 0.748459 0.179581
0 0.818612 0.153540 0.802136 0.146099 0.789381 0.131218 0.786193 0.111554 0.795227 0.098799 0.814360 0.081261 0.853157 0.081261 0.872821 0.103582 0.869632 0.130155 0.853688 0.155134
0 0.844653 0.251329 0.821801 0.245483 0.807983 0.221567 0.812766 0.192336 0.832430 0.176924 0.861660 0.175330 0.889296 0.190742 0.894080 0.217315 0.880793 0.245483
0 0.838276 0.334768 0.827115 0.323076 0.824458 0.292783 0.844122 0.273119 0.875478 0.266210 0.901520 0.279496 0.915869 0.302881 0.907366 0.332111 0.883450 0.345929 0.857940 0.346460
0 0.875478 0.437872 0.860066 0.429900 0.848905 0.409173 0.848374 0.385257 0.864849 0.369845 0.886108 0.361873 0.909492 0.367188 0.929156 0.381537 0.932876 0.410767 0.912681 0.439466
