0 0.712493 0.842972 0.726192 0.833346 0.741373 0.832605 0.760256 0.841491 0.762478 0.860004 0.756554 0.878517 0.739892 0.887033 0.720268 0.882220 0.711382 0.871483 0.708790 0.855932
0 0.696201 0.784471 0.705828 0.770401 0.722860 0.762996 0.742854 0.770772 0.748778 0.788914 0.742854 0.809279 0.730265 0.817424 0.715825 0.818535 0.703977 0.809279 0.696942 0.795949
0 0.693239 0.744113 0.685093 0.730043 0.685834 0.711160 0.697312 0.700052 0.715455 0.698941 0.731006 0.707827 0.737300 0.725230 0.726192 0.746334 0.710271 0.751518
0 0.617706 0.735967 0.615855 0.723008 0.619187 0.709308 0.630295 0.700422 0.649178 0.698201 0.663248 0.706346 0.669542 0.729673 0.659916 0.745224 0.641773 0.752629 0.626962 0.745224
0 0.634368 0.775215 0.645105 0.767069 0.661397 0.764847 0.676948 0.772993 0.682872 0.786693 0.678429 0.805576 0.665469 0.814833 0.647327 0.815203 0.631406 0.804836 0.630295 0.790395
0 0.915885 0.456420 0.911891 0.432458 0.927865 0.407498 0.955821 0.399012 0.981280 0.413488 0.992762 0.434455 0.984275 0.464407 0.961811 0.478884 0.931859 0.477386
0 0.897017 0.338232 0.889368 0.319657 0.891007 0.295618 0.900841 0.279229 0.927611 0.269941 0.957113 0.280868 0.966947 0.309277 0.955474 0.337139 0.935806 0.348066 0.910129 0.347520
0 0.888822 0.190723 0.901934 0.169417 0.926519 0.158490 0.957113 0.167231 0.969132 0.195640 0.960938 0.221318 0.933075 0.234430 0.901934 0.228420 0.889915 0.211484
0 0.877945 0.137430 0.865465 0.122953 0.862969 0.094998 0.876448 0.074032 0.909894 0.068041 0.932358 0.083017 0.938848 0.118460 0.925369 0.139427 0.907897 0.145417
0 0.020780 0.455942 0.004305 0.435746 0.002710 0.417145 0.012808 0.395886 0.039381 0.383131 0.072332 0.383663 0.088807 0.411830 0.090402 0.436278 0.069675 0.457536 0.049479 0.461256
0 0.068612 0.153540 0.052136 0.146099 0.039381 0.131218 0.036193 0.111554 0.045227 0.098799 0.064360 0.081261 0.103157 0.081261 0.122821 0.103582 0.119632 0.130155 0.103688 0.155134
0 0.094653 0.251329 0.071801 0.245483 0.057983 0.221567 0.062766 0.192336 0.082430 0.176924 0.111660 0.175330 0.139296 0.190742 0.144080 0.217315 0.130793 0.245483
0 0.088276 0.334768 0.077115 0.323076 0.074458 0.292783 0.094122 0.273119 0.125478 0.266210 0.151520 0.279496 0.165869 0.302881 0.157366 0.332111 0.133450 0.345929 0.107940 0.346460
0 0.125478 0.437872 0.110066 0.429900 0.098905 0.409173 0.098374 0.385257 0.114849 0.369845 0.136108 0.361873 0.159492 0.367188 0.179156 0.381537 0.182876 0.410767 0.162681 0.439466
0 0.368832 0.365954 0.351974 0.349095 0.348273 0.328125 0.355674 0.306743 0.384457 0.293997 0.410362 0.293586 0.435444 0.314967 0.434622 0.347039 0.415296 0.371299 0.385691 0.374589
0 0.464227 0.348273 0.449836 0.335937 0.440378 0.314145 0.446957 0.291118 0.467928 0.273849 0.498766 0.274260 0.521793 0.288240 0.532072 0.313322 0.519737 0.340049 0.490954 0.353618
0 0.385691 0.275493 0.357319 0.274260 0.339227 0.266859 0.329359 0.254934 0.328947 0.233553 0.337582 0.211760 0.360609 0.198191 0.391859 0.201069 0.409951 0.214638 0.415296 0.232319 0.410362 0.256990 0.394737 0.273026
0 0.443257 0.252878 0.428043 0.243421 0.419408 0.218339 0.428454 0.192845 0.444490 0.182566 0.462171 0.177632 0.488076 0.183388 0.506579 0.197368 0.509457 0.225329 0.501234 0.247122 0.479441 0.256168
0 0.244655 0.193257 0.223684 0.185033 0.210526 0.165707 0.211760 0.138569 0.226151 0.122122 0.252056 0.114309 0.282895 0.124178 0.293586 0.142681 0.296464 0.168997 0.278372 0.190789
0 0.334704 0.182155 0.319079 0.173520 0.303043 0.150082 0.305510 0.129523 0.317845 0.115132 0.335115 0.106908 0.356086 0.104441 0.378701 0.113076 0.393503 0.134457 0.387747 0.163240 0.371299 0.178043
0 0.421758 0.158042 0.410069 0.151418 0.399938 0.137781 0.398379 0.116350 0.409679 0.097257 0.426044 0.087126 0.457216 0.084398 0.482154 0.102322 0.486830 0.131156 0.472413 0.154536 0.454099 0.159211
0 0.227208 0.103543 0.194712 0.096866 0.181357 0.077279 0.183583 0.043892 0.211627 0.022970 0.239672 0.024306 0.263711 0.041667 0.267717 0.069266 0.255698 0.097311
