0 0.575893 0.929209 0.579719 0.911352 0.596939 0.891582 0.625638 0.889031 0.654337 0.903699 0.661990 0.940051 0.640944 0.964286 0.614158 0.977041 0.584184 0.962372
0 0.468750 0.951531 0.447066 0.941964 0.436862 0.924745 0.438138 0.899872 0.458546 0.881378 0.491709 0.873724 0.514668 0.890944 0.519133 0.920281 0.504464 0.947704
0 0.547194 0.889031 0.522321 0.880740 0.508929 0.844388 0.524872 0.820791 0.559311 0.809311 0.587372 0.829082 0.595026 0.857781 0.575255 0.884566
0 0.879761 0.849487 0.891968 0.828735 0.920654 0.822021 0.942017 0.836060 0.946899 0.857422 0.940796 0.880615 0.922485 0.890991 0.898682 0.886108
0 0.833374 0.786011 0.844971 0.770752 0.871216 0.767090 0.893188 0.781738 0.894409 0.809204 0.880981 0.825073 0.852295 0.830566 0.834595 0.814697
0 0.890747 0.727417 0.907837 0.717041 0.931030 0.719482 0.947510 0.734741 0.945068 0.764038 0.925537 0.779297 0.899902 0.778076 0.884033 0.764648 0.884033 0.743286
0 0.759521 0.705444 0.769897 0.690186 0.796753 0.684082 0.816284 0.697510 0.822998 0.723145 0.807739 0.745728 0.782104 0.746338 0.765015 0.736572 0.757690 0.718872
0 0.809570 0.666382 0.815063 0.646240 0.835815 0.634033 0.857178 0.638306 0.874268 0.654175 0.873657 0.681030 0.852905 0.699951 0.830322 0.699951 0.819336 0.690186
0 0.863281 0.616943 0.874268 0.595581 0.895630 0.585205 0.916382 0.595581 0.929199 0.617554 0.916992 0.643188 0.899902 0.652954 0.872437 0.638916
0 0.666773 0.620399 0.675884 0.605822 0.696383 0.602177 0.710049 0.614477 0.714149 0.627232 0.708227 0.644543 0.690917 0.650009 0.676339 0.644087
0 0.708227 0.588056 0.712782 0.574390 0.725993 0.564823 0.747403 0.566645 0.756059 0.577578 0.758336 0.593067 0.746492 0.609011 0.728271 0.609011 0.711871 0.602177
0 0.751048 0.547057 0.759703 0.532935 0.777469 0.525647 0.792957 0.530202 0.802524 0.543868 0.795235 0.564823 0.782024 0.573934 0.760614 0.572112 0.750592 0.563001
0 0.792502 0.501503 0.807990 0.487382 0.834867 0.490115 0.848989 0.512436 0.825301 0.535669 0.807535 0.536124 0.798424 0.526102
0 0.626381 0.575734 0.637493 0.563275 0.658371 0.559570 0.671841 0.569673 0.675209 0.583143 0.671505 0.598970 0.653994 0.606715 0.639850 0.606378 0.632442 0.598970
0 0.670158 0.542396 0.676893 0.525896 0.699454 0.520171 0.715618 0.531620 0.718986 0.547111 0.710567 0.561928 0.695750 0.567652 0.679586 0.561928
0 0.712816 0.505934 0.718750 0.490902 0.732991 0.479826 0.755934 0.487342 0.761867 0.501582 0.757516 0.518196 0.739320 0.530459 0.726266 0.526503
0 0.755934 0.471915 0.759494 0.455301 0.772943 0.445016 0.791139 0.443829 0.803006 0.458070 0.806171 0.470728 0.795886 0.484573 0.781646 0.492484 0.766218 0.488924
0 0.582278 0.528085 0.592168 0.510680 0.607595 0.509098 0.622231 0.512658 0.632911 0.526108 0.632120 0.540348 0.620649 0.553402 0.606804 0.555775 0.592168 0.550237
0 0.543908 0.492880 0.546282 0.480222 0.553402 0.468750 0.577136 0.465585 0.587816 0.472706 0.592959 0.491693 0.583070 0.507911 0.569620 0.512658 0.551028 0.510680
0 0.584256 0.452532 0.590190 0.437500 0.602057 0.427611 0.620253 0.426820 0.632120 0.438687 0.634494 0.454905 0.623813 0.468750 0.609177 0.473497 0.594937 0.472310
0 0.626582 0.413370 0.634494 0.395174 0.649130 0.387658 0.668117 0.393592 0.675633 0.405854 0.674446 0.421677 0.661788 0.433940 0.642009 0.433940 0.631725 0.420886
0 0.670095 0.374604 0.675633 0.357991 0.687500 0.350475 0.705301 0.349288 0.717959 0.362342 0.718750 0.379747 0.710047 0.392405 0.692247 0.395570 0.678402 0.388449
0 0.714794 0.410997 0.721915 0.397943 0.739715 0.392801 0.756725 0.403085 0.761472 0.422073 0.748022 0.437500 0.726661 0.435918 0.714003 0.425237
0 0.420550 0.096014 0.421875 0.075721 0.435611 0.066793 0.453468 0.067823 0.464801 0.082589 0.465144 0.098043 0.451751 0.110749 0.437328 0.109375
0 0.376889 0.123798 0.382727 0.114526 0.392342 0.105598 0.410886 0.107315 0.423935 0.123111 0.415694 0.144402 0.400240 0.153331 0.383757 0.146806 0.376889 0.133757
0 0.288290 0.207933 0.294128 0.193853 0.303400 0.183551 0.324691 0.184238 0.337740 0.197974 0.336367 0.213084 0.326408 0.225446 0.311641 0.228537 0.297218 0.221326
0 0.293609 0.122237 0.294614 0.114449 0.301899 0.104652 0.313455 0.099126 0.331541 0.103648 0.340585 0.115957 0.337822 0.133541 0.326768 0.144092 0.306672 0.146101 0.297126 0.136555
0 0.336240 0.078367 0.343508 0.066860 0.356226 0.060804 0.373183 0.065044 0.383479 0.080790 0.378028 0.099261 0.362282 0.106831 0.346233 0.105015 0.339268 0.092902
0 0.377422 0.048389 0.383479 0.029918 0.398014 0.021742 0.416182 0.024770 0.425266 0.036579 0.426478 0.050509 0.415274 0.063832 0.399528 0.068375 0.386810 0.065346
0 0.841818 0.243430 0.857829 0.228523 0.888196 0.229075 0.903655 0.251712 0.898686 0.279870 0.873841 0.289256 0.856725 0.288152 0.842370 0.281526 0.841265 0.257785
0 0.897582 0.192083 0.909728 0.178832 0.925188 0.171102 0.949481 0.177727 0.962180 0.198156 0.952794 0.224658 0.938439 0.236804 0.912489 0.229627 0.898686 0.214167
0 0.777772 0.188770 0.800961 0.168341 0.830775 0.170550 0.847339 0.191530 0.841818 0.216376 0.824702 0.231835 0.799304 0.231283 0.781084 0.212511
0 0.839609 0.137975 0.855068 0.115890 0.884883 0.112025 0.905311 0.133006 0.901999 0.163372 0.879914 0.181040 0.853964 0.171654 0.841818 0.155091
0 0.903655 0.085523 0.909176 0.072273 0.927396 0.058470 0.957211 0.068408 0.966045 0.094909 0.952242 0.120307 0.923531 0.120307 0.905311 0.114234
0 0.749122 0.071103 0.755442 0.056355 0.770892 0.048631 0.792310 0.055302 0.798631 0.071103 0.793715 0.087254 0.781426 0.097788 0.768083 0.093574 0.758954 0.089712
0 0.793715 0.025456 0.804249 0.013518 0.818996 0.009305 0.838308 0.017732 0.842521 0.032128 0.839010 0.046875 0.822507 0.056355 0.802142 0.049333 0.797226 0.040555
