0 0.622821 0.869420 0.616975 0.847098 0.616975 0.827434 0.639296 0.806176 0.672778 0.805644 0.689254 0.827966 0.688722 0.861979 0.661086 0.882706 0.637702 0.880049
0 0.628136 0.772693 0.616443 0.751966 0.620164 0.725925 0.639296 0.710512 0.665869 0.709449 0.688722 0.727519 0.690848 0.762596 0.670653 0.779602 0.648863 0.784386
0 0.627604 0.679688 0.614318 0.656835 0.618038 0.637170 0.629199 0.618038 0.658429 0.609534 0.685534 0.622290 0.696163 0.653114 0.675967 0.679156 0.656303 0.688722
0 0.525563 0.672778 0.517591 0.655772 0.522375 0.629199 0.540976 0.612723 0.566486 0.611129 0.588276 0.626541 0.594653 0.653646 0.587744 0.675436 0.567017 0.690317 0.532472 0.683939
0 0.520780 0.761001 0.518123 0.738680 0.530878 0.716358 0.551074 0.705729 0.581367 0.713701 0.595185 0.731771 0.596779 0.760470 0.579241 0.780134 0.559577 0.786511 0.541507 0.783854
0 0.524500 0.865699 0.519186 0.844441 0.522906 0.825308 0.534067 0.813085 0.553731 0.803518 0.583493 0.813085 0.597842 0.843378 0.584024 0.874203 0.561703 0.885895 0.536193 0.876329
0 0.423744 0.659908 0.420165 0.637246 0.434876 0.618559 0.455153 0.611403 0.479008 0.614981 0.496104 0.633270 0.493718 0.663486 0.479405 0.682570 0.464297 0.686148 0.442032 0.684160 0.431298 0.669847
0 0.434081 0.772424 0.427322 0.760894 0.422153 0.742207 0.427719 0.724714 0.439647 0.712786 0.458731 0.706425 0.480996 0.713184 0.497296 0.733063 0.496899 0.757713 0.481791 0.778785 0.460321 0.782761 0.446008 0.779978
0 0.427322 0.865856 0.420165 0.849952 0.423346 0.824507 0.441237 0.809001 0.458333 0.804230 0.475032 0.807411 0.491730 0.820134 0.497296 0.840808 0.494116 0.863470 0.479803 0.877385 0.454358 0.886132
0 0.326248 0.673940 0.321556 0.650479 0.326717 0.630302 0.339386 0.616695 0.353932 0.609657 0.376924 0.610595 0.396162 0.627956 0.402262 0.651417 0.388185 0.677693 0.364724 0.690831 0.340325 0.682855
0 0.345017 0.779045 0.331879 0.769191 0.324371 0.742915 0.329533 0.724615 0.350178 0.708193 0.378331 0.709131 0.391939 0.721331 0.399446 0.739630 0.398039 0.763560 0.387716 0.775291 0.371762 0.785145
0 0.343609 0.879458 0.329533 0.862096 0.327656 0.839105 0.334694 0.820805 0.353463 0.804852 0.383024 0.809544 0.397569 0.825028 0.401323 0.846612 0.392877 0.873827 0.373170 0.879927
0 0.229564 0.662977 0.227435 0.645521 0.232544 0.626362 0.250426 0.611461 0.274268 0.608907 0.294278 0.621253 0.301941 0.643818 0.297258 0.668512 0.284486 0.682136 0.259366 0.685967 0.242337 0.677878
0 0.244040 0.777503 0.230841 0.763879 0.225732 0.738760 0.233396 0.723007 0.252554 0.708106 0.282783 0.709384 0.298535 0.726839 0.301516 0.751958 0.290446 0.772394 0.268307 0.782612
0 0.232544 0.864782 0.227435 0.845623 0.233396 0.820504 0.255109 0.806454 0.285763 0.806029 0.301516 0.826890 0.303219 0.853287 0.293852 0.872020 0.270436 0.882238 0.252980 0.878832
0 0.165885 0.456420 0.161891 0.432458 0.177865 0.407498 0.205821 0.399012 0.231280 0.413488 0.242762 0.434455 0.234275 0.464407 0.211811 0.478884 0.181859 0.477386
0 0.221864 0.376475 0.220225 0.358446 0.226781 0.337139 0.245903 0.322389 0.270487 0.321842 0.287970 0.332769 0.297257 0.352437 0.295072 0.380846 0.274312 0.398328 0.242625 0.396143
0 0.147017 0.338232 0.139368 0.319657 0.141007 0.295618 0.150841 0.279229 0.177611 0.269941 0.207113 0.280868 0.216947 0.309277 0.205474 0.337139 0.185806 0.348066 0.160129 0.347520
0 0.222410 0.273765 0.219132 0.255190 0.221864 0.235522 0.243717 0.219132 0.272126 0.218586 0.295618 0.239893 0.292887 0.271034 0.275404 0.292887 0.250819 0.293979 0.233883 0.288516
0 0.138822 0.190723 0.151934 0.169417 0.176519 0.158490 0.207113 0.167231 0.219132 0.195640 0.210938 0.221318 0.183075 0.234430 0.151934 0.228420 0.139915 0.211484
0 0.215805 0.129942 0.216803 0.110473 0.227786 0.091004 0.252246 0.081520 0.283197 0.091004 0.294179 0.113468 0.289687 0.142921 0.272214 0.159395 0.249251 0.162889 0.226288 0.150909
0 0.127945 0.137430 0.115465 0.122953 0.112969 0.094998 0.126448 0.074032 0.159894 0.068041 0.182358 0.083017 0.188848 0.118460 0.175369 0.139427 0.157897 0.145417
