0 0.609216 0.939148 0.598055 0.915763 0.599118 0.896099 0.616125 0.874841 0.653858 0.867400 0.673523 0.879092 0.685215 0.899288 0.681494 0.927455 0.664488 0.943931 0.645355 0.948182
0 0.722417 0.924267 0.704879 0.917358 0.692124 0.897693 0.697438 0.873246 0.710725 0.858365 0.736767 0.847736 0.764403 0.856239 0.778752 0.882281 0.770249 0.912574 0.748459 0.929581
0 0.818612 0.903540 0.802136 0.896099 0.789381 0.881218 0.786193 0.861554 0.795227 0.848799 0.814360 0.831261 0.853157 0.831261 0.872821 0.853582 0.869632 0.880155 0.853688 0.905134
0 0.895892 0.412307 0.895892 0.394751 0.907742 0.375439 0.925298 0.364905 0.957777 0.365783 0.975334 0.375000 0.984989 0.393873 0.985428 0.418890 0.966117 0.441713 0.948999 0.444786 0.930565 0.442152 0.916081 0.434691
0 0.747518 0.751996 0.729994 0.741774 0.724153 0.725711 0.724153 0.707214 0.736322 0.689690 0.742163 0.684823 0.759200 0.678495 0.789379 0.684823 0.802521 0.707701 0.801548 0.732039 0.784511 0.751509 0.765528 0.754430
0 0.671583 0.777307 0.654060 0.774387 0.638970 0.765138 0.628261 0.748102 0.629722 0.727171 0.644324 0.708674 0.668662 0.698452 0.696408 0.704780 0.711011 0.731552 0.712471 0.752482 0.694947 0.770493
0 0.595162 0.791910 0.577151 0.795317 0.549893 0.789963 0.534803 0.769519 0.532856 0.744694 0.547946 0.724737 0.569850 0.716462 0.598569 0.723764 0.615119 0.745181 0.613658 0.769032
0 0.560115 0.699912 0.540158 0.697479 0.523608 0.687743 0.511439 0.668273 0.511439 0.647342 0.527502 0.630306 0.546972 0.623491 0.573257 0.626898 0.591754 0.646369 0.592241 0.678495 0.578125 0.697479
0 0.648218 0.679468 0.625341 0.674114 0.608791 0.660485 0.604897 0.639554 0.611225 0.614729 0.630695 0.603534 0.657954 0.604021 0.682778 0.617163 0.691540 0.647829 0.675477 0.672167
0 0.723666 0.659998 0.706143 0.642961 0.698355 0.626898 0.703222 0.605968 0.716365 0.589418 0.742163 0.580169 0.772829 0.589418 0.784511 0.612782 0.783538 0.639067 0.767961 0.656104 0.740703 0.664866
0 0.846022 0.248947 0.827183 0.232879 0.813331 0.210162 0.825521 0.184120 0.861536 0.164727 0.897551 0.178579 0.909741 0.197418 0.905308 0.233433 0.888132 0.250055
0 0.528620 0.315439 0.518564 0.296101 0.517404 0.280244 0.532101 0.257039 0.557240 0.246210 0.580059 0.252398 0.596689 0.269802 0.598623 0.289527 0.588567 0.315826 0.567683 0.325108
0 0.480662 0.392404 0.452816 0.375774 0.444694 0.352568 0.448561 0.331683 0.464418 0.318147 0.494585 0.312732 0.520885 0.329749 0.526300 0.356049 0.518564 0.380028
0 0.438981 0.447253 0.410897 0.456955 0.382302 0.446742 0.371579 0.419679 0.374132 0.398233 0.392004 0.380872 0.424173 0.374234 0.450725 0.390574 0.456342 0.415084
0 0.328157 0.522976 0.310336 0.515975 0.294743 0.492426 0.297607 0.468559 0.316701 0.450738 0.333248 0.444692 0.356797 0.448511 0.375891 0.467286 0.378755 0.491153 0.369526 0.513111 0.349478 0.524567
0 0.332921 0.416770 0.306621 0.426439 0.281482 0.417543 0.267946 0.402073 0.266785 0.373840 0.281869 0.354502 0.310489 0.346767 0.338722 0.357596 0.351485 0.376934 0.347618 0.406327
0 0.389119 0.345046 0.366347 0.337339 0.353735 0.317019 0.359690 0.284088 0.383513 0.268323 0.412941 0.270425 0.432560 0.284088 0.439917 0.306860 0.432911 0.331033 0.416795 0.345046
0 0.460784 0.274203 0.436275 0.263174 0.425551 0.245098 0.426777 0.224265 0.434436 0.208027 0.458946 0.196691 0.487439 0.200980 0.506127 0.218750 0.510110 0.248162 0.492647 0.271752
0 0.262762 0.329188 0.245991 0.313236 0.236993 0.292785 0.245582 0.266607 0.269306 0.255972 0.302438 0.257199 0.320844 0.275196 0.322480 0.307510 0.310209 0.324689 0.285259 0.334915
0 0.263989 0.242065 0.233312 0.236338 0.218586 0.225704 0.212042 0.204025 0.211633 0.188073 0.219813 0.175802 0.229221 0.168030 0.246810 0.161486 0.270942 0.164758 0.288122 0.178665 0.293848 0.200344 0.287304 0.228567
0 0.310158 0.173560 0.302061 0.166557 0.302718 0.149707 0.308627 0.138984 0.323508 0.133950 0.340577 0.140953 0.344078 0.152552 0.341671 0.168308 0.331823 0.177061
0 0.296591 0.112286 0.288056 0.103094 0.284336 0.089089 0.288712 0.076615 0.295934 0.072676 0.308627 0.070925 0.321319 0.077709 0.325258 0.086900 0.325915 0.096967 0.320663 0.106377 0.309940 0.113599
0 0.205477 0.140220 0.188716 0.125622 0.183851 0.103995 0.189798 0.089398 0.205477 0.074530 0.231699 0.069123 0.252244 0.078855 0.263598 0.088857 0.267923 0.112105 0.259272 0.131569 0.244945 0.143463 0.228455 0.145896
0 0.722111 0.176962 0.708031 0.163336 0.709847 0.137445 0.726199 0.124727 0.746639 0.125636 0.760719 0.142896 0.757540 0.164244 0.739826 0.177416
0 0.605378 0.136083 0.624909 0.128361 0.632631 0.103379 0.614462 0.087028 0.599473 0.088844 0.582213 0.098837 0.583576 0.115189 0.588118 0.127453
0 0.574945 0.087482 0.563136 0.088390 0.549055 0.083848 0.541788 0.073401 0.541788 0.059775 0.551326 0.046602 0.567678 0.042515 0.583121 0.047057 0.590389 0.062046 0.588572 0.078852
0 0.628543 0.074764 0.631722 0.056595 0.640807 0.046602 0.656250 0.042515 0.673056 0.052053 0.678961 0.071130 0.670331 0.086573 0.654433 0.092932 0.638081 0.086573
0 0.695767 0.047057 0.681232 0.034339 0.679415 0.019350 0.692587 0.005269 0.711664 0.004360 0.723928 0.018441 0.725291 0.036610 0.710756 0.049782
0 0.604015 0.049782 0.593568 0.043877 0.589026 0.030705 0.591297 0.014807 0.605378 0.001635 0.623547 0.002089 0.639444 0.016624 0.639444 0.035701 0.623092 0.049782
