0 0.263989 0.992065 0.233312 0.986338 0.218586 0.975704 0.212042 0.954025 0.211633 0.938073 0.219813 0.925802 0.229221 0.918030 0.246810 0.911486 0.270942 0.914758 0.288122 0.928665 0.293848 0.950344 0.287304 0.978567
0 0.310158 0.923560 0.302061 0.916557 0.302718 0.899707 0.308627 0.888984 0.323508 0.883950 0.340577 0.890953 0.344078 0.902552 0.341671 0.918308 0.331823 0.927061
0 0.296591 0.862286 0.288056 0.853094 0.284336 0.839089 0.288712 0.826615 0.295934 0.822676 0.308627 0.820925 0.321319 0.827709 0.325258 0.836900 0.325915 0.846967 0.320663 0.856377 0.309940 0.863599
0 0.205477 0.890220 0.188716 0.875622 0.183851 0.853995 0.189798 0.839398 0.205477 0.824530 0.231699 0.819123 0.252244 0.828855 0.263598 0.838857 0.267923 0.862105 0.259272 0.881569 0.244945 0.893463 0.228455 0.895896
0 0.200918 0.806238 0.181536 0.802660 0.166627 0.785961 0.166925 0.767772 0.181834 0.751073 0.198235 0.744812 0.219108 0.748986 0.231333 0.762405 0.234912 0.783278 0.221792 0.803853
0 0.177362 0.730200 0.160067 0.721553 0.154401 0.705749 0.159470 0.691436 0.178256 0.681894 0.200024 0.689051 0.206584 0.703364 0.203304 0.719764 0.192271 0.726920
0 0.722111 0.926962 0.708031 0.913336 0.709847 0.887445 0.726199 0.874727 0.746639 0.875636 0.760719 0.892896 0.757540 0.914244 0.739826 0.927416
0 0.605378 0.886083 0.624909 0.878361 0.632631 0.853379 0.614462 0.837028 0.599473 0.838844 0.582213 0.848837 0.583576 0.865189 0.588118 0.877453
0 0.574945 0.837482 0.563136 0.838390 0.549055 0.833848 0.541788 0.823401 0.541788 0.809775 0.551326 0.796602 0.567678 0.792515 0.583121 0.797057 0.590389 0.812046 0.588572 0.828852
0 0.628543 0.824764 0.631722 0.806595 0.640807 0.796602 0.656250 0.792515 0.673056 0.802053 0.678961 0.821130 0.670331 0.836573 0.654433 0.842932 0.638081 0.836573
0 0.695767 0.797057 0.681232 0.784339 0.679415 0.769350 0.692587 0.755269 0.711664 0.754360 0.723928 0.768441 0.725291 0.786610 0.710756 0.799782
0 0.604015 0.799782 0.593568 0.793877 0.589026 0.780705 0.591297 0.764807 0.605378 0.751635 0.623547 0.752089 0.639444 0.766624 0.639444 0.785701 0.623092 0.799782
0 0.628089 0.705759 0.645803 0.693950 0.668060 0.703488 0.672602 0.719386 0.664426 0.734375 0.646257 0.741188 0.631722 0.734829 0.627180 0.730287
0 0.500248 0.711558 0.492808 0.696181 0.503224 0.675843 0.528026 0.670387 0.549851 0.685764 0.549851 0.710565 0.535962 0.724950 0.511657 0.722470
0 0.472470 0.675347 0.456101 0.665923 0.451141 0.649554 0.460565 0.627232 0.489335 0.624752 0.510665 0.640129 0.510665 0.658978 0.493304 0.675843
0 0.525546 0.630704 0.507688 0.616319 0.500744 0.600446 0.508681 0.581597 0.531994 0.575149 0.558284 0.584077 0.563244 0.608383 0.553819 0.624256
0 0.462859 0.588940 0.467128 0.604594 0.461436 0.619962 0.445213 0.627078 0.424721 0.624801 0.415329 0.617686 0.408214 0.602032 0.409921 0.589794 0.421306 0.576417 0.436105 0.574425 0.456028 0.577556
0 0.480007 0.578125 0.469242 0.567052 0.465551 0.547982 0.480007 0.531988 0.502768 0.530758 0.516917 0.541831 0.518455 0.560901 0.512918 0.575972 0.492618 0.581508
0 0.355035 0.520833 0.364583 0.507812 0.382378 0.498698 0.398003 0.504774 0.410590 0.524306 0.406250 0.541233 0.388455 0.553819 0.369792 0.547743 0.361545 0.538194
0 0.407986 0.497830 0.405816 0.482205 0.411024 0.463976 0.426649 0.456163 0.449219 0.463976 0.456597 0.479601 0.450087 0.500868 0.431858 0.508681
0 0.270399 0.517795 0.278646 0.502170 0.292101 0.494358 0.307292 0.496094 0.318142 0.507812 0.318142 0.525174 0.307292 0.540799 0.289497 0.541233 0.279080 0.533420
0 0.316406 0.484809 0.321615 0.463542 0.333333 0.454861 0.351997 0.455295 0.361545 0.469184 0.363715 0.484375 0.352865 0.497396 0.338542 0.499132 0.327691 0.496094
0 0.360243 0.437934 0.364583 0.424479 0.376736 0.413628 0.395833 0.416667 0.405816 0.428819 0.406250 0.448351 0.390191 0.459635 0.375000 0.457899 0.365885 0.450087
0 0.213790 0.420756 0.217146 0.406959 0.227588 0.393534 0.247352 0.390923 0.263015 0.402484 0.266744 0.420756 0.257794 0.436419 0.235419 0.441266 0.221994 0.437164
0 0.230198 0.475201 0.238030 0.465133 0.251827 0.461404 0.262642 0.473710 0.264506 0.486762 0.252946 0.497203 0.241759 0.495712 0.230571 0.488999
0 0.264506 0.448352 0.271219 0.437910 0.280541 0.433062 0.293966 0.436419 0.299560 0.449843 0.293593 0.462895 0.279050 0.466251 0.267117 0.461031
0 0.377131 0.239347 0.353456 0.230350 0.345407 0.209044 0.354877 0.185369 0.379498 0.174006 0.405066 0.184422 0.410748 0.209044 0.402225 0.230350
0 0.876290 0.118932 0.885847 0.095996 0.904482 0.083094 0.939364 0.083572 0.957999 0.100774 0.965166 0.131355 0.948920 0.159069 0.925506 0.167192 0.895403 0.161936 0.884891 0.147601
0 0.804138 0.039134 0.811305 0.020021 0.836630 0.001386 0.864344 0.005208 0.884891 0.019543 0.891581 0.047257 0.877246 0.074971 0.850487 0.087395 0.827552 0.084528 0.808438 0.071627
