0 0.888822 0.940723 0.901934 0.919417 0.926519 0.908490 0.957113 0.917231 0.969132 0.945640 0.960938 0.971318 0.933075 0.984430 0.901934 0.978420 0.889915 0.961484
0 0.877945 0.887430 0.865465 0.872953 0.862969 0.844998 0.876448 0.824032 0.909894 0.818041 0.932358 0.833017 0.938848 0.868460 0.925369 0.889427 0.907897 0.895417
0 0.925194 0.805709 0.903748 0.788858 0.898131 0.759242 0.907322 0.739328 0.933364 0.725031 0.962980 0.733711 0.978809 0.762817 0.970129 0.790901 0.949704 0.804177
0 0.820261 0.573121 0.781454 0.542484 0.786560 0.509804 0.810156 0.486198 0.846094 0.489844 0.861719 0.507552 0.862760 0.538281 0.850781 0.557031
0 0.763969 0.387975 0.765073 0.371411 0.778876 0.354295 0.803721 0.347118 0.832984 0.358160 0.842922 0.387975 0.829119 0.416133 0.812003 0.425519 0.781084 0.425519 0.771698 0.406747
0 0.880000 0.394687 0.884063 0.377187 0.891562 0.360000 0.909063 0.349375 0.934063 0.350000 0.953125 0.367812 0.956562 0.391875 0.944687 0.415312 0.926562 0.425000 0.901875 0.421250 0.889062 0.409687
0 0.779486 0.281754 0.753153 0.266519 0.743741 0.244870 0.754095 0.218515 0.774332 0.204866 0.802099 0.204866 0.822336 0.219927 0.830337 0.248635 0.824689 0.269343 0.802570 0.281579
0 0.884930 0.276873 0.873165 0.259460 0.870341 0.235457 0.877871 0.217103 0.911756 0.201101 0.942348 0.208631 0.955055 0.231692 0.953172 0.260401 0.934347 0.276873 0.910815 0.283933
0 0.787880 0.141089 0.761916 0.134598 0.750325 0.116979 0.752179 0.083132 0.774898 0.063659 0.800862 0.062268 0.823118 0.078496 0.828681 0.105388 0.821263 0.126716
0 0.882001 0.126716 0.872264 0.109097 0.873192 0.085451 0.883392 0.067368 0.902402 0.057168 0.927902 0.060877 0.951549 0.080351 0.952940 0.105851 0.942739 0.129034 0.919557 0.139698
0 0.068612 0.903540 0.052136 0.896099 0.039381 0.881218 0.036193 0.861554 0.045227 0.848799 0.064360 0.831261 0.103157 0.831261 0.122821 0.853582 0.119632 0.880155 0.103688 0.905134
0 0.244655 0.943257 0.223684 0.935033 0.210526 0.915707 0.211760 0.888569 0.226151 0.872122 0.252056 0.864309 0.282895 0.874178 0.293586 0.892681 0.296464 0.918997 0.278372 0.940789
0 0.334704 0.932155 0.319079 0.923520 0.303043 0.900082 0.305510 0.879523 0.317845 0.865132 0.335115 0.856908 0.356086 0.854441 0.378701 0.863076 0.393503 0.884457 0.387747 0.913240 0.371299 0.928043
0 0.421758 0.908042 0.410069 0.901418 0.399938 0.887781 0.398379 0.866350 0.409679 0.847257 0.426044 0.837126 0.457216 0.834398 0.482154 0.852322 0.486830 0.881156 0.472413 0.904536 0.454099 0.909211
0 0.227208 0.853543 0.194712 0.846866 0.181357 0.827279 0.183583 0.793892 0.211627 0.772970 0.239672 0.774306 0.263711 0.791667 0.267717 0.819266 0.255698 0.847311
0 0.310452 0.818821 0.281962 0.806802 0.269943 0.791667 0.268608 0.772970 0.275285 0.754719 0.296652 0.741364 0.324252 0.738693 0.348291 0.748486 0.360755 0.778312 0.347400 0.805467
0 0.402600 0.820602 0.384793 0.814815 0.370103 0.800125 0.366542 0.768964 0.391026 0.744035 0.433316 0.744035 0.455128 0.767183 0.454683 0.797454 0.438212 0.815705 0.411503 0.821492
0 0.231771 0.757812 0.212674 0.749566 0.197483 0.737413 0.193142 0.715278 0.203993 0.696181 0.216580 0.682726 0.251302 0.678819 0.270833 0.689236 0.282552 0.713108 0.274740 0.742622 0.249566 0.755642
0 0.349334 0.727125 0.329071 0.717219 0.321416 0.700558 0.327720 0.672190 0.341679 0.659582 0.371848 0.650126 0.397965 0.662734 0.409672 0.684348 0.397965 0.716769 0.375450 0.728927
0 0.145892 0.412307 0.145892 0.394751 0.157742 0.375439 0.175298 0.364905 0.207777 0.365783 0.225334 0.375000 0.234989 0.393873 0.235428 0.418890 0.216117 0.441713 0.198999 0.444786 0.180565 0.442152 0.166081 0.434691
0 0.214040 0.193539 0.199634 0.175255 0.192431 0.157524 0.201297 0.131483 0.226230 0.118739 0.261691 0.118185 0.283300 0.142010 0.279422 0.186891 0.240082 0.204621
0 0.096022 0.248947 0.077183 0.232879 0.063331 0.210162 0.075521 0.184120 0.111536 0.164727 0.147551 0.178579 0.159741 0.197418 0.155308 0.233433 0.138132 0.250055
