0 0.787880 0.891089 0.761916 0.884598 0.750325 0.866979 0.752179 0.833132 0.774898 0.813659 0.800862 0.812268 0.823118 0.828496 0.828681 0.855388 0.821263 0.876716
0 0.882001 0.876716 0.872264 0.859097 0.873192 0.835451 0.883392 0.817368 0.902402 0.807168 0.927902 0.810877 0.951549 0.830351 0.952940 0.855851 0.942739 0.879034 0.919557 0.889698
0 0.678205 0.705738 0.668157 0.695187 0.666650 0.672578 0.680717 0.648965 0.703828 0.637912 0.737490 0.645448 0.750553 0.668559 0.747036 0.700211 0.731461 0.715283 0.709355 0.716791 0.689761 0.713274
0 0.778688 0.703225 0.772659 0.690665 0.772659 0.667554 0.781200 0.649970 0.805316 0.636907 0.841992 0.647458 0.852040 0.680617 0.841489 0.707245 0.810842 0.719805
0 0.875653 0.704733 0.869122 0.680617 0.878668 0.651980 0.899769 0.637410 0.933933 0.643439 0.951517 0.669061 0.948000 0.694182 0.933933 0.710762 0.920870 0.717293 0.895247 0.717293
0 0.723537 0.597106 0.697678 0.597656 0.681723 0.589404 0.670169 0.575099 0.666318 0.549791 0.672920 0.532735 0.704831 0.517331 0.732339 0.522282 0.748845 0.536587 0.753796 0.555843 0.746094 0.580051
0 0.772502 0.581151 0.763149 0.561895 0.771952 0.529434 0.801111 0.514580 0.835772 0.522832 0.853928 0.544289 0.850077 0.569047 0.833022 0.597106 0.798360 0.600957
0 0.872484 0.582049 0.862098 0.565662 0.863483 0.541890 0.876408 0.523888 0.900872 0.514194 0.931107 0.522041 0.946801 0.540043 0.948878 0.564277 0.939646 0.583203 0.920029 0.596589 0.896026 0.595896 0.878023 0.588049
0 0.645727 0.476084 0.640625 0.469707 0.638393 0.455676 0.646046 0.441327 0.659439 0.432079 0.676020 0.436224 0.685587 0.452168 0.684311 0.469069 0.676977 0.480867 0.657526 0.480548
0 0.633610 0.389031 0.637117 0.373406 0.650829 0.356186 0.671237 0.360013 0.681441 0.370217 0.684311 0.386480 0.674426 0.401148 0.658163 0.406569
0 0.646089 0.332223 0.630294 0.326673 0.622182 0.308743 0.623463 0.293801 0.639259 0.284836 0.659751 0.286971 0.670423 0.302339 0.666154 0.322831
0 0.680669 0.311732 0.683231 0.297217 0.696892 0.283982 0.720372 0.287398 0.728911 0.301486 0.720799 0.324539 0.711407 0.329662 0.696892 0.328381
0 0.702442 0.390710 0.701161 0.371926 0.713115 0.359119 0.730618 0.357838 0.745133 0.365096 0.749829 0.378330 0.745987 0.394980 0.734887 0.405652 0.721226 0.405225 0.709699 0.397968
0 0.705857 0.467128 0.703296 0.448770 0.712688 0.436817 0.727630 0.432121 0.745987 0.441086 0.750683 0.461151 0.741291 0.477801 0.725068 0.482923
0 0.737022 0.243852 0.742999 0.229337 0.757514 0.222507 0.778859 0.227630 0.784409 0.245133 0.778432 0.265198 0.762637 0.269467 0.749829 0.264344 0.739156 0.256660
0 0.743426 0.318135 0.741718 0.307036 0.745133 0.293801 0.757941 0.283128 0.774163 0.285263 0.786544 0.297643 0.787824 0.310878 0.781421 0.324966 0.769467 0.330089 0.759221 0.330089
0 0.767760 0.381745 0.771602 0.368511 0.782275 0.357411 0.796790 0.355704 0.812158 0.365523 0.814293 0.386868 0.807462 0.401383 0.777579 0.402664 0.770748 0.394980
0 0.769040 0.464993 0.769467 0.447490 0.779286 0.435963 0.797217 0.432548 0.815574 0.444074 0.815574 0.462859 0.808316 0.475666 0.789105 0.480789
0 0.836122 0.455545 0.843352 0.434399 0.864424 0.430423 0.881123 0.440363 0.882713 0.467001 0.863232 0.479723 0.839377 0.476543
0 0.900604 0.467398 0.902195 0.451495 0.908158 0.435194 0.925254 0.430423 0.939965 0.433604 0.949507 0.446724 0.948314 0.462627 0.940363 0.474952 0.928833 0.478928 0.909749 0.476145
0 0.847328 0.404580 0.835401 0.391460 0.833810 0.375159 0.836594 0.364822 0.852497 0.355677 0.869990 0.355677 0.879532 0.373966 0.878340 0.393448 0.862436 0.402990
0 0.911339 0.401002 0.900207 0.385894 0.898616 0.369195 0.911737 0.356075 0.926447 0.353690 0.941953 0.361244 0.948712 0.376352 0.939965 0.397026
0 0.861624 0.328183 0.836831 0.317228 0.832219 0.298201 0.844903 0.279751 0.870272 0.278021 0.881804 0.296471 0.878344 0.324723
0 0.911785 0.327030 0.900830 0.313768 0.900254 0.293012 0.916398 0.276868 0.938307 0.278598 0.950415 0.299354 0.948109 0.314922 0.934271 0.328183
0 0.214040 0.943539 0.199634 0.925255 0.192431 0.907524 0.201297 0.881483 0.226230 0.868739 0.261691 0.868185 0.283300 0.892010 0.279422 0.936891 0.240082 0.954621
0 0.197487 0.237433 0.191753 0.212108 0.198920 0.185828 0.219945 0.168148 0.250048 0.168626 0.269161 0.181049 0.277762 0.203507 0.272506 0.233610 0.249570 0.249379 0.218511 0.249379
0 0.126290 0.118932 0.135847 0.095996 0.154482 0.083094 0.189364 0.083572 0.207999 0.100774 0.215166 0.131355 0.198920 0.159069 0.175506 0.167192 0.145403 0.161936 0.134891 0.147601
0 0.274895 0.127055 0.282062 0.109853 0.299264 0.095518 0.322200 0.095040 0.342747 0.102208 0.356604 0.122754 0.356126 0.148079 0.344180 0.168148 0.317899 0.176749 0.294964 0.171971 0.281584 0.153335
0 0.210388 0.045824 0.215644 0.026711 0.236669 0.011898 0.257693 0.008553 0.283496 0.021932 0.294008 0.042479 0.287318 0.075449 0.267727 0.093129 0.239536 0.089784 0.217555 0.078794
0 0.359471 0.177705 0.359471 0.162414 0.370461 0.142823 0.387185 0.129922 0.411076 0.126099 0.444046 0.137089 0.456470 0.157636 0.455036 0.188217 0.434968 0.209241 0.412987 0.214019 0.386229 0.212108 0.369505 0.194906
0 0.348958 0.075449 0.351347 0.055380 0.362338 0.035312 0.391485 0.021455 0.425889 0.031489 0.441657 0.054425 0.442135 0.089306 0.420633 0.108419 0.394352 0.112242 0.371894 0.105075 0.355648 0.092173
0 0.054138 0.039134 0.061305 0.020021 0.086630 0.001386 0.114344 0.005208 0.134891 0.019543 0.141581 0.047257 0.127246 0.074971 0.100487 0.087395 0.077552 0.084528 0.058438 0.071627
