0 0.336560 0.136477 0.360066 0.162058 0.367671 0.193169 0.360758 0.224972 0.331029 0.258158 0.301991 0.275442 0.268114 0.276825 0.231471 0.263689 0.208656 0.239491 0.198285 0.186947 0.216261 0.152378 0.248064 0.125415 0.295769 0.122649
0 0.608193 0.931723 0.609178 0.919905 0.618041 0.907432 0.628873 0.902836 0.641675 0.905134 0.654477 0.914982 0.655790 0.931723 0.646271 0.945838 0.633469 0.952731 0.616728 0.947807
0 0.529740 0.964220 0.532038 0.952403 0.542214 0.939601 0.558955 0.936318 0.574383 0.943540 0.583246 0.957983 0.581276 0.977350 0.569787 0.985228 0.551405 0.988511 0.536962 0.981618
0 0.478204 0.968816 0.471639 0.959624 0.468028 0.945509 0.471639 0.936318 0.481815 0.926142 0.497571 0.923845 0.513655 0.932707 0.514640 0.957655 0.504136 0.971113 0.489036 0.971770
0 0.542214 0.890362 0.547138 0.873950 0.554359 0.862789 0.568803 0.855567 0.586528 0.854911 0.599659 0.867056 0.606552 0.881828 0.605567 0.897256 0.594735 0.910386 0.576352 0.915966 0.561253 0.912027 0.553703 0.906775
0 0.486738 0.892660 0.486738 0.880515 0.493632 0.869354 0.506762 0.863117 0.523503 0.868041 0.535649 0.885439 0.527770 0.904477 0.512014 0.911043 0.499540 0.909073 0.491006 0.902180
0 0.524816 0.852285 0.514968 0.848017 0.505777 0.841780 0.503808 0.826681 0.507090 0.815192 0.516938 0.807314 0.527442 0.805016 0.541229 0.809940 0.552390 0.823726 0.548779 0.842765
0 0.619354 0.862789 0.624278 0.853269 0.636095 0.843093 0.649554 0.845391 0.661371 0.850315 0.669905 0.867713 0.660386 0.884782 0.639378 0.892332 0.625919 0.884126 0.620011 0.869354
0 0.653821 0.819459 0.655462 0.806657 0.663997 0.796809 0.678440 0.790244 0.692883 0.794840 0.701090 0.808298 0.697807 0.827665 0.679097 0.838170 0.663012 0.834887
0 0.587841 0.832589 0.579635 0.819787 0.577994 0.801405 0.580291 0.788275 0.594078 0.776786 0.613445 0.774488 0.631171 0.787618 0.640034 0.808627 0.633141 0.827009 0.616071 0.837185 0.599330 0.838498
0 0.529412 0.793855 0.521534 0.784992 0.517266 0.772518 0.519236 0.760045 0.529084 0.750853 0.548122 0.747899 0.561253 0.755777 0.567161 0.769564 0.561909 0.785649 0.548779 0.792214
0 0.556240 0.649513 0.565319 0.634700 0.586821 0.622754 0.611669 0.624188 0.633649 0.638523 0.638905 0.664325 0.628870 0.690606 0.604979 0.705896 0.571053 0.696340 0.557674 0.682483
0 0.468320 0.640434 0.474054 0.626099 0.484088 0.614631 0.507024 0.610331 0.525659 0.618454 0.536172 0.631355 0.537605 0.649990 0.531393 0.670059 0.514192 0.681049 0.486000 0.677227 0.470709 0.663370
0 0.446818 0.619887 0.421971 0.621799 0.404769 0.609375 0.394256 0.595040 0.390912 0.575927 0.398079 0.559203 0.417670 0.542957 0.442039 0.542001 0.460197 0.547735 0.471187 0.572104 0.474532 0.593607 0.464497 0.608419
0 0.660407 0.598863 0.637949 0.598385 0.620269 0.590262 0.612146 0.575449 0.610713 0.552036 0.624092 0.536267 0.638427 0.529100 0.656584 0.527666 0.675220 0.539134 0.682387 0.554903 0.681432 0.580705
0 0.590166 0.531489 0.602112 0.546779 0.604023 0.563981 0.597812 0.585006 0.583955 0.598385 0.563886 0.602208 0.539994 0.599341 0.521359 0.591218 0.516581 0.579750 0.512280 0.562070 0.514192 0.542957 0.527093 0.531489 0.546206 0.520021 0.567231 0.520977
0 0.507502 0.415377 0.527571 0.433534 0.536172 0.458859 0.536172 0.480361 0.526137 0.498041 0.506546 0.513331 0.489344 0.518588 0.465453 0.519065 0.446340 0.511420 0.432005 0.495174 0.421971 0.471282 0.426749 0.450736 0.435828 0.436401 0.448729 0.421110 0.477877 0.413943
0 0.689077 0.434968 0.694333 0.455992 0.686210 0.479406 0.665185 0.498041 0.647028 0.506164 0.613580 0.505686 0.590166 0.495652 0.568664 0.468416 0.570575 0.442613 0.573920 0.427800 0.588255 0.406298 0.615969 0.392919 0.651328 0.392919 0.679520 0.412032
0 0.590166 0.326023 0.585866 0.348958 0.572487 0.369027 0.557196 0.381451 0.531871 0.387185 0.498423 0.382884 0.478832 0.368549 0.471187 0.355648 0.466409 0.329845 0.471187 0.307865 0.485044 0.288752 0.508458 0.274417 0.540950 0.271072 0.562930 0.282062 0.584910 0.306432
0 0.716891 0.398815 0.706436 0.383132 0.698304 0.365706 0.696561 0.347119 0.707598 0.318076 0.723862 0.305297 0.748838 0.298908 0.781366 0.304717 0.796468 0.316914 0.810990 0.334921 0.810990 0.362221 0.806343 0.383132 0.787175 0.401719 0.770911 0.410432 0.747096 0.412175
0 0.673327 0.238499 0.686106 0.259410 0.685525 0.287291 0.668680 0.307621 0.647189 0.311687 0.623954 0.306459 0.609433 0.298908 0.600720 0.281482 0.603044 0.255344 0.614661 0.237337 0.636733 0.230367
0 0.577524 0.213341 0.551683 0.204327 0.534255 0.187500 0.525240 0.161058 0.526442 0.129207 0.553486 0.095553 0.594351 0.087740 0.626202 0.096755 0.649639 0.111178 0.659255 0.131010 0.661058 0.156851 0.650841 0.179087 0.635817 0.200120 0.611779 0.214543
0 0.722373 0.149909 0.743659 0.139040 0.776268 0.140399 0.802083 0.146286 0.816123 0.164402 0.824728 0.190217 0.816576 0.215580 0.803442 0.231431 0.786232 0.244565 0.755888 0.247736 0.728261 0.242301 0.706522 0.221014 0.702899 0.193841 0.706522 0.172101
0 0.692935 0.121830 0.670743 0.112319 0.660326 0.092391 0.662138 0.071558 0.669837 0.060236 0.683877 0.045743 0.709692 0.043025 0.730978 0.047554 0.752264 0.073370 0.749547 0.101449 0.729620 0.119565
0 0.971986 0.963845 0.952518 0.960558 0.943416 0.948422 0.941646 0.937803 0.946450 0.924909 0.956564 0.916818 0.974009 0.916818 0.983111 0.916566 0.992971 0.924909 0.996005 0.935781 0.991454 0.950192
0 0.939324 0.732015 0.934675 0.719858 0.936463 0.705914 0.945044 0.696618 0.958274 0.693400 0.971861 0.693400 0.983302 0.708417 0.978297 0.729512 0.965782 0.739524 0.949693 0.739881
0 0.952972 0.650735 0.954504 0.641544 0.962929 0.630310 0.974673 0.625715 0.988205 0.629289 0.996630 0.641799 0.997141 0.660437 0.979013 0.671415 0.964716 0.668862 0.958333 0.663756
