0 0.753836 0.646773 0.725632 0.639440 0.709273 0.617441 0.709273 0.595442 0.723940 0.575135 0.762297 0.574571 0.784860 0.590366 0.783168 0.626467
0 0.761169 0.535650 0.730708 0.542983 0.710402 0.526060 0.708145 0.500677 0.718863 0.480370 0.749323 0.475857 0.773014 0.488831 0.776399 0.519292
0 0.742554 0.464012 0.719991 0.456679 0.706453 0.442577 0.707581 0.423398 0.716606 0.409860 0.730144 0.400271 0.758348 0.399707 0.773014 0.424526 0.765681 0.456115
0 0.811936 0.445397 0.789937 0.428475 0.782040 0.396886 0.798962 0.372067 0.833371 0.363042 0.864959 0.381656 0.873985 0.412116 0.850293 0.442577
0 0.843524 0.540162 0.818705 0.531701 0.805731 0.515343 0.810808 0.486011 0.829422 0.476421 0.859319 0.479806 0.872856 0.495600 0.875113 0.522112
0 0.827005 0.612563 0.811495 0.603946 0.805463 0.589298 0.807474 0.577522 0.816665 0.568905 0.835622 0.565746 0.848834 0.574650 0.852281 0.595617 0.840504 0.607680
0 0.845387 0.671731 0.830739 0.670582 0.820111 0.655647 0.822122 0.644732 0.832462 0.636690 0.845100 0.637264 0.855727 0.642722 0.857451 0.659094
0 0.907428 0.682933 0.892779 0.689539 0.878992 0.683508 0.872961 0.674316 0.872961 0.662827 0.879567 0.655934 0.884737 0.651051 0.901970 0.653636 0.909725 0.661679 0.912023 0.672593
0 0.889281 0.607695 0.880880 0.609375 0.865087 0.600638 0.862735 0.588878 0.867440 0.577789 0.879536 0.571741 0.894993 0.579133 0.899362 0.592574 0.896673 0.603663
0 0.894136 0.429600 0.886675 0.414677 0.886236 0.395365 0.891503 0.378687 0.907742 0.365520 0.929249 0.362886 0.956461 0.372103 0.972700 0.394487 0.964800 0.428283 0.939343 0.444961 0.901159 0.440133
0 0.968311 0.477001 0.973578 0.498947 0.963044 0.531864 0.938904 0.544154 0.907742 0.542398 0.890625 0.525281 0.887114 0.505530 0.892820 0.484463 0.909937 0.468662 0.933199 0.463834 0.961289 0.471735
0 0.969628 0.573999 0.976650 0.593311 0.954705 0.618329 0.928371 0.620084 0.909059 0.603845 0.909937 0.582777 0.922665 0.563904 0.952949 0.561271
