0 0.226118 0.233168 0.228659 0.251270 0.213415 0.265879 0.194042 0.265879 0.178798 0.257304 0.175940 0.247142 0.181657 0.230628 0.190866 0.223641 0.207381 0.222370
0 0.300432 0.260480 0.291222 0.272866 0.288999 0.290333 0.300432 0.301131 0.317899 0.303989 0.337589 0.292873 0.341400 0.275089 0.334096 0.261433 0.319804 0.256987
0 0.315028 0.242921 0.306938 0.231038 0.305926 0.219660 0.309466 0.207271 0.323625 0.199939 0.350425 0.204237 0.354976 0.225728 0.350425 0.241657 0.326406 0.246208
0 0.250556 0.214604 0.249798 0.200951 0.255107 0.188056 0.274828 0.180977 0.289745 0.187298 0.297077 0.205502 0.291515 0.223453 0.277104 0.228509 0.261934 0.228256 0.253085 0.223453
0 0.221986 0.213845 0.202518 0.210558 0.193416 0.198422 0.191646 0.187803 0.196450 0.174909 0.206564 0.166818 0.224009 0.166818 0.233111 0.166566 0.242971 0.174909 0.246005 0.185781 0.241454 0.200192
0 0.242599 0.142407 0.222039 0.138295 0.210389 0.128015 0.213816 0.110197 0.226151 0.094435 0.243284 0.095121 0.259731 0.112253 0.259731 0.129386
0 0.294682 0.160910 0.272067 0.152001 0.267270 0.137610 0.270011 0.119106 0.284402 0.110883 0.302220 0.111568 0.317982 0.123904 0.316612 0.142407 0.307703 0.155428
0 0.328253 0.161018 0.324421 0.151226 0.327827 0.138028 0.344005 0.127384 0.361035 0.128236 0.374234 0.142285 0.372531 0.167405 0.353798 0.176345 0.340599 0.174642
0 0.259925 0.084169 0.244939 0.083186 0.234621 0.077290 0.227987 0.064760 0.229461 0.053213 0.237077 0.043141 0.249607 0.037490 0.261891 0.039701 0.274420 0.047809 0.276386 0.062058 0.274175 0.071393 0.268524 0.079255
0 0.309924 0.102764 0.294471 0.097184 0.287174 0.085594 0.287603 0.070141 0.297047 0.057692 0.310783 0.054258 0.324948 0.058122 0.333963 0.075292 0.330958 0.089887 0.325807 0.098043
0 0.368304 0.117359 0.350704 0.114354 0.345982 0.100618 0.345124 0.085594 0.350275 0.074863 0.367874 0.071858 0.385045 0.077009 0.389766 0.098043 0.385903 0.113067
