0 0.315028 0.992921 0.306938 0.981038 0.305926 0.969660 0.309466 0.957271 0.323625 0.949939 0.350425 0.954237 0.354976 0.975728 0.350425 0.991657 0.326406 0.996208
0 0.250556 0.964604 0.249798 0.950951 0.255107 0.938056 0.274828 0.930977 0.289745 0.937298 0.297077 0.955502 0.291515 0.973453 0.277104 0.978509 0.261934 0.978256 0.253085 0.973453
0 0.221986 0.963845 0.202518 0.960558 0.193416 0.948422 0.191646 0.937803 0.196450 0.924909 0.206564 0.916818 0.224009 0.916818 0.233111 0.916566 0.242971 0.924909 0.246005 0.935781 0.241454 0.950192
0 0.242599 0.892407 0.222039 0.888295 0.210389 0.878015 0.213816 0.860197 0.226151 0.844435 0.243284 0.845121 0.259731 0.862253 0.259731 0.879386
0 0.294682 0.910910 0.272067 0.902001 0.267270 0.887610 0.270011 0.869106 0.284402 0.860883 0.302220 0.861568 0.317982 0.873904 0.316612 0.892407 0.307703 0.905428
0 0.328253 0.911018 0.324421 0.901226 0.327827 0.888028 0.344005 0.877384 0.361035 0.878236 0.374234 0.892285 0.372531 0.917405 0.353798 0.926345 0.340599 0.924642
0 0.259925 0.834169 0.244939 0.833186 0.234621 0.827290 0.227987 0.814760 0.229461 0.803213 0.237077 0.793141 0.249607 0.787490 0.261891 0.789701 0.274420 0.797809 0.276386 0.812058 0.274175 0.821393 0.268524 0.829255
0 0.309924 0.852764 0.294471 0.847184 0.287174 0.835594 0.287603 0.820141 0.297047 0.807692 0.310783 0.804258 0.324948 0.808122 0.333963 0.825292 0.330958 0.839887 0.325807 0.848043
0 0.368304 0.867359 0.350704 0.864354 0.345982 0.850618 0.345124 0.835594 0.350275 0.824863 0.367874 0.821858 0.385045 0.827009 0.389766 0.848043 0.385903 0.863067
0 0.388808 0.791061 0.359738 0.786216 0.344598 0.771076 0.340359 0.749273 0.351260 0.722020 0.380935 0.714147 0.405766 0.719598 0.418484 0.734133 0.425145 0.757752 0.419089 0.777737
0 0.248952 0.730469 0.249143 0.719417 0.254668 0.703792 0.265530 0.692168 0.279821 0.686261 0.300210 0.687024 0.317931 0.695217 0.330888 0.708556 0.332984 0.729707 0.320789 0.752763 0.301162 0.762862 0.275057 0.759623 0.257717 0.750476
0 0.189324 0.732015 0.184675 0.719858 0.186463 0.705914 0.195044 0.696618 0.208274 0.693400 0.221861 0.693400 0.233302 0.708417 0.228297 0.729512 0.215782 0.739524 0.199693 0.739881
0 0.392893 0.694808 0.378780 0.683720 0.368196 0.659526 0.371220 0.641885 0.383317 0.625756 0.410534 0.617188 0.441784 0.627772 0.453881 0.650958 0.445312 0.683216 0.428679 0.695312
0 0.298964 0.665431 0.282780 0.653072 0.276012 0.637771 0.278661 0.620115 0.285723 0.608934 0.301613 0.595986 0.326919 0.597163 0.348105 0.613642 0.352813 0.640713 0.344868 0.653072 0.324859 0.666314 0.311029 0.668079
0 0.202972 0.650735 0.204504 0.641544 0.212929 0.630310 0.224673 0.625715 0.238205 0.629289 0.246630 0.641799 0.247141 0.660437 0.229013 0.671415 0.214716 0.668862 0.208333 0.663756
0 0.224368 0.613696 0.219364 0.606191 0.217317 0.594592 0.222321 0.581173 0.230509 0.575714 0.243700 0.576169 0.257801 0.582992 0.260985 0.597321 0.255299 0.612332 0.242335 0.619382
0 0.256043 0.529660 0.252465 0.516142 0.253658 0.490299 0.262007 0.475588 0.285464 0.456902 0.309319 0.456504 0.333572 0.461275 0.355439 0.482347 0.357824 0.510973 0.343909 0.536816 0.324427 0.551527 0.284669 0.552719 0.266380 0.543973
0 0.383328 0.575893 0.374313 0.559581 0.370879 0.538977 0.377318 0.515797 0.390196 0.502490 0.414234 0.492188 0.445999 0.496051 0.465316 0.505495 0.476047 0.536830 0.471326 0.563015 0.449004 0.583190 0.418098 0.590488
0 0.309710 0.430657 0.297081 0.420671 0.287095 0.402755 0.285332 0.386895 0.290325 0.365455 0.302955 0.349301 0.323220 0.339609 0.347891 0.338140 0.370506 0.343427 0.389010 0.365161 0.392240 0.390713 0.383136 0.415384 0.362283 0.429188 0.340549 0.437118
0 0.411956 0.422896 0.415096 0.406145 0.424780 0.391227 0.445718 0.385731 0.466394 0.389395 0.479742 0.400911 0.481051 0.430747 0.468750 0.448807 0.449906 0.455350 0.429229 0.450639 0.418499 0.443572
0 0.482482 0.358602 0.481682 0.344470 0.485148 0.330071 0.500080 0.315940 0.523811 0.310874 0.543809 0.320739 0.551808 0.338337 0.548875 0.365001 0.532343 0.378600 0.515278 0.381533 0.499280 0.377266
0 0.428888 0.347936 0.412889 0.340470 0.400891 0.320206 0.401957 0.303674 0.409423 0.289809 0.422488 0.281277 0.440353 0.278344 0.459018 0.285810 0.470217 0.300741 0.472083 0.319939 0.462484 0.338071 0.441420 0.348736
0 0.342643 0.312869 0.326649 0.309486 0.313423 0.294414 0.309117 0.280266 0.311577 0.266732 0.321727 0.252891 0.336799 0.244894 0.355869 0.245509 0.374323 0.258120 0.382936 0.282419 0.374631 0.299336 0.360175 0.311024
0 0.345954 0.186870 0.321159 0.180179 0.311319 0.162075 0.307777 0.144364 0.314074 0.123504 0.328637 0.108942 0.352251 0.106187 0.379408 0.118781 0.392396 0.143183 0.385312 0.167191 0.373504 0.182147
0 0.409713 0.257714 0.386492 0.245907 0.379802 0.227409 0.380982 0.205368 0.392003 0.186477 0.416011 0.177031 0.440412 0.182541 0.460091 0.204188 0.463240 0.228589 0.452613 0.247875 0.436083 0.258108
0 0.513623 0.291869 0.489667 0.282215 0.477510 0.262908 0.476437 0.239309 0.490382 0.218929 0.512908 0.211420 0.537936 0.213566 0.555099 0.233946 0.557602 0.256472 0.552238 0.278640 0.533646 0.289366
0 0.649219 0.553385 0.657552 0.571094 0.657552 0.587760 0.641927 0.598698 0.623698 0.603385 0.608073 0.597135 0.598177 0.582031 0.601823 0.564844 0.614844 0.550260 0.633073 0.547656
0 0.669010 0.492969 0.675260 0.512760 0.670573 0.529427 0.652865 0.536719 0.634115 0.532552 0.620052 0.519531 0.620573 0.499740 0.628906 0.486198 0.645573 0.480469 0.661198 0.484635
0 0.694944 0.399951 0.672857 0.401587 0.657723 0.387271 0.653223 0.369683 0.659768 0.352912 0.676538 0.342687 0.693717 0.341868 0.712124 0.350049 0.720304 0.371728 0.714578 0.393815
0 0.706397 0.331234 0.685128 0.318145 0.683082 0.304238 0.688809 0.286649 0.711306 0.280105 0.730939 0.293603 0.732575 0.315281 0.722759 0.328779
0 0.713871 0.546352 0.735943 0.560293 0.742333 0.591078 0.729554 0.604438 0.706320 0.610827 0.691217 0.605019 0.683086 0.591659 0.676696 0.571910 0.684247 0.558550
0 0.734734 0.532866 0.716056 0.531430 0.703843 0.519217 0.700251 0.502335 0.704562 0.487967 0.717134 0.476473 0.737967 0.472522 0.748384 0.477191 0.761315 0.494432 0.765266 0.515625 0.748743 0.530352
0 0.755845 0.461148 0.732541 0.453507 0.724137 0.442046 0.722991 0.419888 0.735597 0.402697 0.756609 0.398877 0.776475 0.406517 0.785643 0.427911 0.781441 0.447777
0 0.736744 0.359528 0.736744 0.343865 0.747822 0.325527 0.771126 0.318651 0.786789 0.328583 0.798250 0.346921 0.794430 0.371371 0.773036 0.382068 0.752789 0.378629
0 0.795563 0.385735 0.805503 0.376988 0.820611 0.375000 0.838502 0.388915 0.837309 0.406409 0.822201 0.420722 0.797153 0.414361 0.792780 0.398855
