0 0.594078 0.243435 0.595063 0.231618 0.601628 0.218487 0.613774 0.213892 0.633141 0.215533 0.642004 0.225709 0.642988 0.243107 0.631828 0.260832 0.612461 0.262474 0.602285 0.254924
0 0.608193 0.181723 0.609178 0.169905 0.618041 0.157432 0.628873 0.152836 0.641675 0.155134 0.654477 0.164982 0.655790 0.181723 0.646271 0.195838 0.633469 0.202731 0.616728 0.197807
0 0.529740 0.214220 0.532038 0.202403 0.542214 0.189601 0.558955 0.186318 0.574383 0.193540 0.583246 0.207983 0.581276 0.227350 0.569787 0.235228 0.551405 0.238511 0.536962 0.231618
0 0.478204 0.218816 0.471639 0.209624 0.468028 0.195509 0.471639 0.186318 0.481815 0.176142 0.497571 0.173845 0.513655 0.182707 0.514640 0.207655 0.504136 0.221113 0.489036 0.221770
0 0.542214 0.140362 0.547138 0.123950 0.554359 0.112789 0.568803 0.105567 0.586528 0.104911 0.599659 0.117056 0.606552 0.131828 0.605567 0.147256 0.594735 0.160386 0.576352 0.165966 0.561253 0.162027 0.553703 0.156775
0 0.486738 0.142660 0.486738 0.130515 0.493632 0.119354 0.506762 0.113117 0.523503 0.118041 0.535649 0.135439 0.527770 0.154477 0.512014 0.161043 0.499540 0.159073 0.491006 0.152180
0 0.524816 0.102285 0.514968 0.098017 0.505777 0.091780 0.503808 0.076681 0.507090 0.065192 0.516938 0.057314 0.527442 0.055016 0.541229 0.059940 0.552390 0.073726 0.548779 0.092765
0 0.619354 0.112789 0.624278 0.103269 0.636095 0.093093 0.649554 0.095391 0.661371 0.100315 0.669905 0.117713 0.660386 0.134782 0.639378 0.142332 0.625919 0.134126 0.620011 0.119354
0 0.653821 0.069459 0.655462 0.056657 0.663997 0.046809 0.678440 0.040244 0.692883 0.044840 0.701090 0.058298 0.697807 0.077665 0.679097 0.088170 0.663012 0.084887
0 0.587841 0.082589 0.579635 0.069787 0.577994 0.051405 0.580291 0.038275 0.594078 0.026786 0.613445 0.024488 0.631171 0.037618 0.640034 0.058627 0.633141 0.077009 0.616071 0.087185 0.599330 0.088498
0 0.976118 0.233168 0.978659 0.251270 0.963415 0.265879 0.944042 0.265879 0.928798 0.257304 0.925940 0.247142 0.931657 0.230628 0.940866 0.223641 0.957381 0.222370
0 0.971986 0.213845 0.952518 0.210558 0.943416 0.198422 0.941646 0.187803 0.946450 0.174909 0.956564 0.166818 0.974009 0.166818 0.983111 0.166566 0.992971 0.174909 0.996005 0.185781 0.991454 0.200192
