0 0.008605 0.805254 0.003170 0.784420 0.002264 0.759964 0.017210 0.736413 0.039402 0.722373 0.074275 0.723732 0.105525 0.732790 0.123641 0.762228 0.120018 0.794384 0.105978 0.816576 0.080163 0.827446 0.057065 0.831069 0.038043 0.825634
0 0.074977 0.573832 0.060668 0.551511 0.055517 0.516598 0.066392 0.492560 0.087569 0.469666 0.125343 0.456502 0.153961 0.461653 0.182578 0.486264 0.196886 0.512592 0.191163 0.547505 0.177999 0.573832 0.152816 0.592720 0.113897 0.593292 0.091575 0.585852
0 0.186012 0.429602 0.188301 0.411859 0.201465 0.392972 0.235234 0.387248 0.254121 0.403846 0.256410 0.430746 0.246680 0.456502 0.211195 0.459936 0.195742 0.450206
0 0.147092 0.334592 0.132212 0.314560 0.129350 0.289377 0.131639 0.265339 0.142514 0.243017 0.167125 0.221268 0.210050 0.216117 0.246680 0.227564 0.270719 0.259043 0.274725 0.300252 0.248970 0.336310 0.216918 0.352335 0.186584 0.353480
0 0.045883 0.247437 0.035136 0.230489 0.034309 0.210648 0.041749 0.196594 0.053323 0.186260 0.076885 0.183366 0.099620 0.194940 0.102100 0.225529 0.088046 0.249504 0.065311 0.253224
0 0.345954 0.936870 0.321159 0.930179 0.311319 0.912075 0.307777 0.894364 0.314074 0.873504 0.328637 0.858942 0.352251 0.856187 0.379408 0.868781 0.392396 0.893183 0.385312 0.917191 0.373504 0.932147
0 0.690930 0.814405 0.701601 0.780107 0.741997 0.748095 0.796113 0.755716 0.828125 0.783918 0.831174 0.830412 0.800686 0.868521 0.750381 0.881479 0.706936 0.856326
0 0.595655 0.836509 0.543826 0.825838 0.517912 0.788491 0.520198 0.746570 0.546875 0.713796 0.603277 0.706174 0.638338 0.725991 0.656631 0.768674 0.646723 0.807546
0 0.736662 0.619284 0.740473 0.584985 0.753430 0.556784 0.802210 0.533155 0.850229 0.537729 0.883003 0.570503 0.892912 0.621570 0.871570 0.660442 0.820503 0.688643 0.778582 0.680259 0.752668 0.661204
0 0.703887 0.594893 0.683308 0.633003 0.636052 0.646723 0.583460 0.639863 0.559832 0.612424 0.543826 0.572027 0.562119 0.520960 0.602515 0.496570 0.651296 0.492759 0.687881 0.520198 0.709223 0.547637
0 0.511814 0.546113 0.488186 0.568216 0.447790 0.562881 0.428735 0.539253 0.440930 0.506479 0.460747 0.493521 0.498095 0.499619
0 0.625381 0.452363 0.596418 0.464558 0.537729 0.459223 0.512576 0.423399 0.503430 0.379192 0.536966 0.334223 0.582698 0.323552 0.626905 0.344893 0.652058 0.360899 0.659680 0.414253
0 0.786966 0.494284 0.738186 0.488948 0.698552 0.450076 0.692454 0.403582 0.705412 0.370808 0.740473 0.345655 0.809832 0.342607 0.854802 0.409680 0.824314 0.473704
0 0.928648 0.299492 0.884775 0.309498 0.832435 0.291025 0.817811 0.255619 0.810884 0.204818 0.843211 0.170951 0.879387 0.157866 0.929418 0.162485 0.956358 0.184036 0.971752 0.213285 0.973291 0.246382 0.956358 0.277940
0 0.740071 0.100139 0.726216 0.144012 0.684652 0.176339 0.621536 0.166333 0.591518 0.130157 0.591518 0.086284 0.613839 0.052417 0.656943 0.032405 0.711592 0.045490
