0 0.045563 0.385735 0.055503 0.376988 0.070611 0.375000 0.088502 0.388915 0.087309 0.406409 0.072201 0.420722 0.047153 0.414361 0.042780 0.398855
0 0.206077 0.461268 0.213202 0.438874 0.231525 0.419534 0.261553 0.414953 0.294127 0.430222 0.299725 0.461777 0.287510 0.490788 0.267152 0.504021 0.228471 0.503003 0.213711 0.487734
0 0.188798 0.570442 0.196065 0.548640 0.223578 0.528914 0.253167 0.529952 0.280160 0.545525 0.285351 0.570442 0.277045 0.593802 0.252128 0.615085 0.213715 0.614566 0.191912 0.593283
0 0.349201 0.580824 0.307672 0.568366 0.291061 0.538777 0.300924 0.506593 0.317535 0.489981 0.346605 0.484271 0.381385 0.499844 0.393324 0.530471 0.379828 0.564732
0 0.265625 0.657652 0.278603 0.630139 0.301443 0.612490 0.340376 0.613009 0.359583 0.629620 0.370484 0.659728 0.352315 0.688798 0.319093 0.699180 0.293137 0.696584 0.270297 0.672186
0 0.579420 0.551968 0.592800 0.545494 0.610929 0.543336 0.618698 0.551105 0.625173 0.567075 0.623446 0.583909 0.611360 0.590815 0.594095 0.592973 0.578988 0.586499 0.577693 0.572255
0 0.594095 0.619734 0.606181 0.603764 0.619561 0.599448 0.632079 0.602901 0.642438 0.611965 0.644164 0.630093 0.634237 0.644337 0.613519 0.646495 0.600138 0.642610
0 0.651934 0.583477 0.665746 0.568802 0.688191 0.567075 0.703729 0.579161 0.705456 0.600311 0.687759 0.617144 0.662293 0.615849 0.653229 0.600742
0 0.673515 0.660307 0.679126 0.642610 0.696823 0.630956 0.712794 0.633115 0.726174 0.642610 0.728332 0.663760 0.717541 0.682752 0.693370 0.686205 0.676105 0.672825
0 0.647617 0.702607 0.629921 0.703039 0.619993 0.693111 0.616540 0.677573 0.619993 0.667645 0.632079 0.659012 0.650639 0.655559 0.662293 0.661602 0.668336 0.675414 0.666609 0.693974
0 0.660998 0.762604 0.639848 0.756561 0.633805 0.743180 0.638122 0.727642 0.651502 0.715988 0.671789 0.715988 0.686032 0.723325 0.689917 0.739296 0.677831 0.756129
0 0.707614 0.739727 0.695097 0.728073 0.696823 0.709513 0.705456 0.702175 0.723584 0.694406 0.741713 0.710376 0.741713 0.730231 0.732217 0.742749 0.721858 0.744475
0 0.651934 0.789796 0.665746 0.775552 0.686896 0.773394 0.702003 0.788501 0.700276 0.803608 0.695097 0.814831 0.679990 0.820442 0.660998 0.818715 0.655818 0.806630
0 0.712794 0.775984 0.719268 0.759151 0.731785 0.751381 0.751209 0.756129 0.762863 0.771236 0.757251 0.791954 0.749482 0.800155 0.729195 0.800587 0.715383 0.793681
0 0.296113 0.194741 0.291540 0.158918 0.302973 0.122332 0.340320 0.098704 0.391387 0.103277 0.419588 0.133765 0.423399 0.181021 0.404345 0.213034 0.352515 0.226753 0.315930 0.214558
0 0.113948 0.120808 0.123857 0.087271 0.144436 0.060595 0.190930 0.048399 0.228277 0.063643 0.250381 0.093369 0.249619 0.139863 0.219893 0.170351 0.174162 0.178735 0.135290 0.160442
