0 0.296113 0.944741 0.291540 0.908918 0.302973 0.872332 0.340320 0.848704 0.391387 0.853277 0.419588 0.883765 0.423399 0.931021 0.404345 0.963034 0.352515 0.976753 0.315930 0.964558
0 0.113948 0.870808 0.123857 0.837271 0.144436 0.810595 0.190930 0.798399 0.228277 0.813643 0.250381 0.843369 0.249619 0.889863 0.219893 0.920351 0.174162 0.928735 0.135290 0.910442
0 0.386814 0.778582 0.362424 0.755716 0.351753 0.719131 0.362424 0.678735 0.405869 0.642149 0.459985 0.645960 0.493521 0.672637 0.514101 0.722942 0.489710 0.774009 0.443979 0.797637
0 0.192454 0.722942 0.171113 0.687881 0.168064 0.649009 0.185595 0.613948 0.224466 0.591845 0.279345 0.594893 0.316692 0.625381 0.329649 0.668064 0.302210 0.716082 0.264101 0.735899 0.221418 0.734375
0 0.171875 0.539253 0.142149 0.520198 0.123857 0.480564 0.131479 0.432546 0.162729 0.402820 0.211509 0.395960 0.267149 0.414253 0.286204 0.456174 0.270198 0.520198 0.232851 0.546113
0 0.311807 0.523476 0.317195 0.493458 0.338747 0.461130 0.379541 0.443427 0.438808 0.456512 0.471906 0.504233 0.458051 0.560422 0.421875 0.594289 0.371075 0.597368 0.315656 0.564270
0 0.432651 0.321044 0.432651 0.289486 0.454972 0.251001 0.502694 0.240994 0.541949 0.253310 0.561961 0.291025 0.556573 0.327971 0.540409 0.355680 0.500385 0.367226 0.456512 0.354911
0 0.240994 0.297953 0.246382 0.261007 0.268704 0.226370 0.324123 0.205588 0.370305 0.221752 0.400323 0.263316 0.404172 0.313347 0.350292 0.366456 0.281789 0.357220 0.251001 0.325662
0 0.178648 0.299492 0.134775 0.309498 0.082435 0.291025 0.067811 0.255619 0.060884 0.204818 0.093211 0.170951 0.129387 0.157866 0.179418 0.162485 0.206358 0.184036 0.221752 0.213285 0.223291 0.246382 0.206358 0.277940
0 0.395705 0.134006 0.402632 0.095520 0.433421 0.063962 0.483451 0.057805 0.525015 0.071659 0.558113 0.113993 0.544258 0.173260 0.502694 0.207127 0.431111 0.200970 0.402632 0.177109
