0 0.227839 0.611417 0.230562 0.593376 0.248264 0.574312 0.266569 0.570194 0.285451 0.577275 0.298669 0.594269 0.300085 0.624481 0.280259 0.645723 0.255240 0.643835 0.240134 0.635338
0 0.407683 0.587596 0.422859 0.579165 0.448713 0.579727 0.466417 0.592935 0.472038 0.615698 0.466136 0.635651 0.452366 0.648016 0.434381 0.650826 0.411899 0.643520 0.399815 0.629749 0.398971 0.611202
0 0.232388 0.782052 0.231624 0.761041 0.243849 0.745377 0.255692 0.740411 0.278996 0.741175 0.294277 0.755310 0.301154 0.783580 0.290075 0.800390 0.275558 0.809940 0.255310 0.809558 0.244613 0.804592
0 0.400815 0.806159 0.391757 0.794837 0.390399 0.778533 0.400815 0.757699 0.415761 0.749094 0.439764 0.750453 0.455616 0.768569 0.457880 0.785779 0.451540 0.804348 0.436594 0.814312
0 0.940505 0.209564 0.945141 0.201150 0.953898 0.194454 0.966260 0.193080 0.980168 0.200292 0.985491 0.216432 0.983259 0.229138 0.976219 0.237552 0.959907 0.240470 0.945828 0.235663 0.941020 0.224845
0 0.931845 0.298810 0.940476 0.286607 0.960119 0.281250 0.980952 0.285714 0.991964 0.301488 0.989881 0.326786 0.977679 0.341071 0.958631 0.347321 0.935417 0.338690 0.929167 0.323512
0 0.930856 0.384181 0.938201 0.371828 0.955228 0.364817 0.971922 0.366153 0.983607 0.377838 0.987614 0.392194 0.976262 0.411892 0.958233 0.419905 0.942541 0.410891 0.935196 0.398872
0 0.932243 0.462200 0.932660 0.450309 0.943925 0.439878 0.959571 0.439670 0.973757 0.449057 0.973131 0.469710 0.964786 0.478054 0.951227 0.481809 0.939962 0.475759
0 0.842010 0.080206 0.846981 0.071508 0.862823 0.065606 0.876180 0.073683 0.878976 0.091700 0.871832 0.102883 0.858164 0.104747 0.849776 0.099155
0 0.840457 0.136121 0.850087 0.126491 0.865308 0.124317 0.873695 0.134257 0.874006 0.150099 0.857853 0.155691 0.845738 0.153827
0 0.841700 0.178057 0.853193 0.172776 0.865619 0.175572 0.870900 0.185823 0.868725 0.197316 0.858785 0.201976 0.846359 0.199180 0.842632 0.192967
