0 0.364258 0.850519 0.365942 0.832671 0.378064 0.816171 0.399953 0.812130 0.417464 0.818864 0.426556 0.835365 0.426219 0.856580 0.412412 0.872407 0.387157 0.872744 0.371329 0.861631
0 0.454842 0.858600 0.449791 0.836712 0.459220 0.819875 0.481109 0.812130 0.503671 0.814487 0.513436 0.827957 0.516804 0.850855 0.500977 0.868703 0.483466 0.876111 0.463261 0.866682
0 0.538019 0.840079 0.542060 0.825599 0.555529 0.812130 0.570009 0.809099 0.590888 0.817518 0.601327 0.832671 0.600317 0.853886 0.590214 0.868703 0.563611 0.874091 0.546100 0.860958
0 0.629277 0.830314 0.636348 0.817181 0.650155 0.808762 0.674064 0.811119 0.687870 0.828967 0.685850 0.850182 0.679452 0.865335 0.654533 0.875438 0.639716 0.869713 0.629613 0.851529
0 0.460374 0.704838 0.467413 0.698034 0.484070 0.694749 0.495331 0.700380 0.500962 0.715160 0.497912 0.729237 0.483132 0.736745 0.463190 0.733225 0.459201 0.717272
0 0.514100 0.705776 0.518792 0.699442 0.527707 0.694515 0.540846 0.694749 0.549761 0.702492 0.555157 0.712111 0.550699 0.726891 0.545772 0.735572 0.526534 0.736979 0.514804 0.727595 0.511754 0.715395
0 0.570377 0.701172 0.581903 0.693487 0.597432 0.695248 0.606397 0.705174 0.609119 0.717341 0.603195 0.727427 0.589908 0.734151 0.574859 0.730469 0.565734 0.718942 0.567015 0.707896
0 0.622697 0.724671 0.619408 0.714145 0.623355 0.700000 0.633224 0.694079 0.651974 0.696053 0.660526 0.709211 0.658553 0.727632 0.648026 0.733882 0.633882 0.732566
0 0.544278 0.742785 0.553760 0.736189 0.564891 0.733922 0.574579 0.739075 0.580145 0.748557 0.579939 0.762368 0.571900 0.771438 0.560562 0.775973 0.547370 0.771232 0.542629 0.761337
0 0.597339 0.743300 0.602843 0.737079 0.613132 0.733250 0.626531 0.737318 0.632992 0.743300 0.633471 0.755743 0.629642 0.766510 0.618157 0.773449 0.604518 0.771296 0.595425 0.764357 0.594468 0.755264
