0 0.003345 0.326128 0.003345 0.301168 0.017821 0.279203 0.051268 0.266224 0.078225 0.280202 0.091703 0.304163 0.091204 0.328125 0.074231 0.352087 0.044778 0.356579 0.014327 0.346595
0 0.132638 0.319139 0.142123 0.294679 0.162590 0.277706 0.193041 0.276208 0.218001 0.296176 0.219000 0.337111 0.193540 0.361072 0.165086 0.361072 0.141124 0.345098
0 0.134135 0.437949 0.155601 0.416983 0.189048 0.414986 0.208516 0.434455 0.219000 0.464407 0.201528 0.496356 0.168081 0.506839 0.140625 0.489367 0.130641 0.471396
0 0.373358 0.229120 0.372889 0.208474 0.386027 0.177036 0.423095 0.162021 0.463917 0.163429 0.489724 0.194867 0.493478 0.233812 0.472832 0.261496 0.424972 0.276980 0.396819 0.260557
0 0.544563 0.225476 0.555073 0.192545 0.574692 0.170824 0.607623 0.168021 0.640555 0.184137 0.656670 0.219871 0.650364 0.252102 0.619535 0.278027 0.574692 0.275224 0.555774 0.261911
0 0.714126 0.208660 0.735146 0.184137 0.761771 0.175028 0.802410 0.186239 0.817825 0.218470 0.810118 0.262612 0.781390 0.281530 0.736547 0.280830 0.714826 0.262612 0.710622 0.236687
0 0.709221 0.386631 0.712724 0.360006 0.734445 0.329176 0.774383 0.322169 0.800308 0.345291 0.808016 0.380325 0.782091 0.411155 0.739350 0.416760 0.716228 0.401345
0 0.578896 0.366312 0.585202 0.347393 0.599215 0.331278 0.627943 0.325673 0.647562 0.341087 0.656670 0.360706 0.648262 0.392237 0.623038 0.406951 0.595712 0.397141
0 0.471693 0.349496 0.498318 0.324972 0.530549 0.324972 0.547365 0.350897 0.545964 0.378924 0.522141 0.396441 0.492713 0.391536 0.475897 0.380325
0 0.760156 0.488281 0.783594 0.482031 0.813802 0.490885 0.831510 0.518490 0.829427 0.548698 0.802865 0.572135 0.775260 0.578906 0.747656 0.563802 0.738281 0.543490 0.738281 0.518490 0.745052 0.501302
0 0.617100 0.533786 0.618266 0.515421 0.629344 0.491517 0.647126 0.478982 0.674528 0.476358 0.696391 0.487436 0.710675 0.510465 0.713007 0.538450 0.694351 0.562646 0.674236 0.571974 0.648875 0.571974 0.630510 0.555649
0 0.501116 0.501116 0.515625 0.484375 0.540179 0.472098 0.575335 0.481027 0.590960 0.502790 0.591518 0.539062 0.563058 0.565290 0.517857 0.563058 0.501116 0.536272
0 0.428642 0.591384 0.444597 0.569377 0.466604 0.561675 0.496864 0.570478 0.511169 0.597436 0.497414 0.637049 0.466604 0.642551 0.434694 0.631547
