0 0.069366 0.749763 0.069366 0.731771 0.084517 0.709517 0.108665 0.704309 0.129498 0.712358 0.138968 0.732244 0.136600 0.756866 0.117661 0.772491 0.096354 0.775331
0 0.063210 0.847775 0.077888 0.830256 0.096828 0.822680 0.123343 0.828362 0.137074 0.851562 0.130445 0.878551 0.114820 0.891809 0.089725 0.894176 0.072206 0.881392
0 0.383585 0.571772 0.389595 0.555460 0.403331 0.545158 0.421789 0.542582 0.442823 0.554172 0.448832 0.578211 0.438959 0.597098 0.417926 0.608688 0.400326 0.603108 0.388736 0.591518
0 0.489183 0.578640 0.496480 0.563616 0.508929 0.555889 0.530391 0.557606 0.540694 0.571772 0.538118 0.592376 0.528245 0.600962 0.508929 0.602679 0.497339 0.597527
0 0.495622 0.491071 0.497768 0.478194 0.507212 0.465316 0.526528 0.464028 0.536401 0.469179 0.544557 0.488067 0.537689 0.506095 0.523523 0.512534 0.507641 0.509959 0.500773 0.503520
0 0.394746 0.488496 0.398180 0.472613 0.410628 0.461453 0.429945 0.464887 0.438530 0.480340 0.438101 0.493647 0.428657 0.503520 0.413204 0.505237 0.403331 0.500086
0 0.442738 0.777186 0.440029 0.750993 0.450867 0.725253 0.472092 0.711705 0.506864 0.713512 0.528540 0.738349 0.526734 0.773573 0.506413 0.794346 0.475704 0.799314
0 0.431449 0.870665 0.440932 0.848537 0.458092 0.832280 0.489252 0.826861 0.518154 0.845827 0.523121 0.878793 0.509122 0.905437 0.478866 0.917630 0.447254 0.908598
0 0.648551 0.746377 0.653533 0.725543 0.674366 0.703804 0.704710 0.697917 0.733243 0.711051 0.746377 0.738678 0.746830 0.769022 0.716938 0.795743 0.670290 0.792572 0.658062 0.775815
0 0.653533 0.846920 0.677536 0.825634 0.707428 0.824728 0.730978 0.837409 0.744112 0.862772 0.738225 0.889946 0.721920 0.917572 0.683877 0.924819 0.656250 0.913043 0.643569 0.882246
