0 0.149572 0.659148 0.116179 0.648438 0.101689 0.636467 0.097278 0.599294 0.112399 0.574723 0.130670 0.562122 0.167213 0.558342 0.188004 0.574093 0.198085 0.603075 0.190524 0.634577 0.179814 0.653478
0 0.324093 0.655368 0.294481 0.650328 0.281880 0.629536 0.274950 0.606225 0.284400 0.574093 0.305822 0.558342 0.344254 0.558972 0.365045 0.581653 0.376386 0.613785 0.360635 0.638357 0.332913 0.654108
0 0.154612 0.531880 0.114919 0.519909 0.096648 0.495338 0.095388 0.458165 0.104209 0.440524 0.119330 0.428553 0.153982 0.424143 0.176663 0.435484 0.191784 0.459425 0.192414 0.499118 0.178553 0.516759
0 0.319682 0.529360 0.293221 0.514239 0.278100 0.485887 0.278730 0.449975 0.297001 0.430444 0.330393 0.422883 0.366305 0.441784 0.379536 0.480217 0.364415 0.511089
0 0.127012 0.316658 0.102200 0.299893 0.090129 0.273069 0.090129 0.248256 0.106223 0.219421 0.131035 0.210032 0.162554 0.216738 0.187366 0.240880 0.190719 0.274410 0.176636 0.293857 0.163224 0.307269
0 0.328192 0.311964 0.294662 0.306599 0.277226 0.283798 0.269850 0.258315 0.279238 0.229480 0.302709 0.209362 0.348981 0.212715 0.371781 0.247586 0.369099 0.273739 0.356357 0.292516
0 0.747117 0.531250 0.728090 0.512800 0.716559 0.473017 0.721748 0.443035 0.743081 0.410747 0.776522 0.392874 0.811116 0.392297 0.849746 0.409594 0.875115 0.453413 0.874539 0.497809 0.853206 0.526637 0.823224 0.545664 0.786900 0.546241
0 0.676484 0.461421 0.674180 0.483545 0.662196 0.497834 0.631315 0.497373 0.620713 0.489537 0.613800 0.471101 0.620253 0.450820 0.629932 0.439758 0.656204 0.435610 0.672336 0.446211
0 0.674436 0.293887 0.672302 0.313525 0.658641 0.328893 0.636014 0.331028 0.619792 0.325051 0.612107 0.308402 0.608265 0.288337 0.621499 0.271687 0.642845 0.266991 0.668460 0.274676
0 0.734003 0.357515 0.716890 0.331473 0.714658 0.283854 0.725074 0.249628 0.765997 0.222842 0.821801 0.224330 0.859747 0.250372 0.875372 0.293527 0.859747 0.348586 0.825521 0.377604 0.771949 0.374628
