0 0.042655 0.226734 0.023266 0.203923 0.014713 0.174270 0.025547 0.148038 0.050639 0.128079 0.093408 0.126369 0.115648 0.163435 0.115078 0.198791 0.093978 0.222742
0 0.208029 0.175981 0.194913 0.162865 0.187500 0.138914 0.188070 0.114964 0.206318 0.089302 0.229699 0.083029 0.262774 0.092724 0.282733 0.114964 0.291286 0.146328 0.265055 0.179402 0.234261 0.187956
0 0.119194 0.383538 0.113644 0.363046 0.117486 0.338712 0.134136 0.319928 0.160605 0.310536 0.187500 0.316940 0.210980 0.347678 0.206284 0.378842 0.189208 0.403176 0.156762 0.409153 0.134990 0.399334
0 0.390968 0.314475 0.385817 0.282709 0.401271 0.252232 0.430031 0.238496 0.462655 0.245793 0.480683 0.270690 0.485405 0.295587 0.475532 0.323489 0.454928 0.337655 0.425738 0.338513 0.403417 0.330786
0 0.542926 0.523810 0.528617 0.479739 0.536630 0.456845 0.559524 0.433951 0.604167 0.428800 0.636218 0.452839 0.641941 0.511218 0.614469 0.536973 0.580128 0.539835
0 0.438187 0.545559 0.417582 0.535829 0.407853 0.518658 0.408425 0.497482 0.421016 0.482028 0.447917 0.474588 0.467376 0.484318 0.477679 0.512363 0.468521 0.535256
0 0.329626 0.568768 0.314177 0.560381 0.306232 0.543609 0.305791 0.524629 0.320357 0.507415 0.341543 0.503443 0.365819 0.518008 0.369350 0.539195 0.361405 0.561706
0 0.115709 0.636824 0.076295 0.652309 0.047438 0.643159 0.028435 0.607264 0.034769 0.581926 0.057995 0.562218 0.103041 0.560811 0.124859 0.606560
0 0.788876 0.646883 0.778929 0.630305 0.781416 0.609168 0.795922 0.594662 0.827835 0.596320 0.840269 0.627818 0.825763 0.652271 0.805869 0.652686
0 0.728780 0.631963 0.736240 0.656416 0.716346 0.689572 0.687749 0.695789 0.666197 0.683355 0.656664 0.662218 0.659980 0.639838 0.671585 0.621601 0.688992 0.614970
0 0.543097 0.675213 0.549699 0.662742 0.560336 0.654306 0.579042 0.650638 0.598482 0.662742 0.603616 0.690251 0.591879 0.708590 0.572073 0.713358 0.555935 0.707857 0.545665 0.694286
0 0.458003 0.742334 0.445899 0.740867 0.431228 0.733531 0.425359 0.716293 0.424993 0.704189 0.431595 0.690984 0.447000 0.682548 0.468273 0.685483 0.479643 0.701254 0.480010 0.722161 0.472308 0.737199
0 0.322661 0.768980 0.307004 0.754601 0.305726 0.737347 0.310519 0.722648 0.322661 0.713062 0.345987 0.713701 0.355253 0.723607 0.361005 0.737347 0.359726 0.754282 0.349821 0.766743 0.335442 0.769300
0 0.216010 0.806354 0.192313 0.796727 0.184168 0.779695 0.182687 0.761922 0.194535 0.743409 0.224156 0.740447 0.244890 0.764884 0.238966 0.793765
0 0.093824 0.838196 0.070127 0.824126 0.061982 0.800430 0.076792 0.772290 0.111597 0.770809 0.124926 0.793765 0.120483 0.825607
0 0.820638 0.865374 0.796922 0.855608 0.791341 0.837472 0.792736 0.821196 0.804827 0.805850 0.833659 0.804455 0.848540 0.825381 0.850865 0.845378 0.840169 0.859794
0 0.709031 0.843983 0.717401 0.868164 0.704381 0.894671 0.683454 0.900716 0.663923 0.888160 0.658808 0.868629 0.657878 0.855608 0.672294 0.841657 0.689035 0.836542
0 0.565365 0.929948 0.557031 0.911719 0.554948 0.896094 0.570573 0.877865 0.595052 0.877344 0.606510 0.891927 0.608073 0.915885 0.600260 0.933073 0.588802 0.937240
0 0.504427 0.955990 0.485677 0.947135 0.478906 0.935677 0.477865 0.917448 0.487240 0.901823 0.505469 0.897135 0.524219 0.904427 0.532031 0.925260 0.527865 0.943490 0.514323 0.953906
0 0.433407 0.973363 0.414891 0.973363 0.402872 0.961668 0.399298 0.949649 0.403521 0.933082 0.413916 0.923986 0.428859 0.920413 0.446401 0.928534 0.451273 0.949324 0.441853 0.965891
