0 0.761228 0.961951 0.753431 0.974426 0.741267 0.981599 0.722243 0.977233 0.712887 0.961951 0.715694 0.941679 0.728169 0.930763 0.750624 0.932011 0.762475 0.942615
0 0.571962 0.960782 0.532122 0.953934 0.514069 0.936504 0.510334 0.900398 0.535234 0.869273 0.581300 0.874875 0.602465 0.905378 0.601843 0.935259
0 0.395970 0.897615 0.375000 0.884046 0.367188 0.858141 0.370477 0.833059 0.385280 0.815378 0.414885 0.808799 0.439145 0.818257 0.454359 0.840049 0.448191 0.879112 0.431743 0.895148
0 0.453637 0.769364 0.435532 0.755195 0.424118 0.733548 0.424512 0.711902 0.434745 0.693797 0.452456 0.684351 0.477645 0.682384 0.496537 0.694584 0.508737 0.714657 0.507163 0.744569 0.487484 0.765035
0 0.585091 0.820529 0.568955 0.801637 0.564232 0.777236 0.571710 0.756770 0.589814 0.742601 0.614610 0.739452 0.641373 0.754014 0.651999 0.779597 0.644128 0.810296 0.627598 0.824071 0.603589 0.826433
0 0.623724 0.686224 0.614158 0.660714 0.616071 0.632653 0.630740 0.616709 0.658163 0.609056 0.686224 0.621173 0.702168 0.644770 0.697066 0.679847 0.676658 0.696429 0.645408 0.699617
0 0.562500 0.607143 0.556122 0.630740 0.535714 0.644133 0.511480 0.644770 0.486607 0.633929 0.471939 0.609056 0.473852 0.583546 0.485332 0.563138 0.513393 0.554209 0.544643 0.561224 0.565689 0.582270
0 0.891493 0.727431 0.867188 0.730469 0.843316 0.717014 0.828125 0.695312 0.827257 0.667535 0.838542 0.647135 0.854167 0.634549 0.878906 0.631510 0.901476 0.638021 0.920573 0.661458 0.924479 0.695312 0.912326 0.718316
0 0.651591 0.494698 0.643156 0.479434 0.638335 0.456941 0.642352 0.434447 0.653599 0.416372 0.670067 0.403920 0.704210 0.399502 0.733130 0.412355 0.748795 0.443284 0.744377 0.481443 0.721481 0.509158 0.686938 0.513576
0 0.551976 0.444891 0.514621 0.444489 0.486504 0.417979 0.479675 0.389862 0.488111 0.358531 0.512211 0.332825 0.558001 0.335636 0.589332 0.367368 0.588528 0.405527 0.579290 0.430431
0 0.767219 0.333865 0.757653 0.319196 0.752551 0.298788 0.754145 0.280931 0.764668 0.259885 0.784120 0.247768 0.816645 0.244260 0.841199 0.259566 0.852041 0.275510 0.856824 0.296556 0.852360 0.325255 0.832908 0.341518 0.814094 0.348214 0.793048 0.348214
0 0.621926 0.277664 0.602288 0.270406 0.583077 0.251195 0.576673 0.230277 0.577100 0.216615 0.583931 0.192708 0.597592 0.178620 0.618511 0.171790 0.640283 0.170936 0.658641 0.181609 0.674010 0.196977 0.681267 0.227715 0.675717 0.248207 0.663337 0.264857 0.644126 0.272541
0 0.742866 0.137493 0.729990 0.124965 0.720246 0.104433 0.722334 0.074506 0.734514 0.052930 0.763050 0.038314 0.795413 0.045622 0.820121 0.066850 0.824993 0.097822 0.806897 0.129489 0.787758 0.142713 0.766530 0.143757
