0 0.894566 0.943961 0.873030 0.955416 0.836373 0.951292 0.817128 0.926549 0.818503 0.900889 0.834998 0.874771 0.868906 0.866523 0.897315 0.883019 0.906021 0.910511 0.902355 0.933880
0 0.712661 0.905446 0.693704 0.933019 0.672449 0.942785 0.640280 0.943934 0.616153 0.927275 0.604090 0.891085 0.612707 0.860639 0.642004 0.837086 0.676471 0.834789 0.708065 0.857767
0 0.891632 0.819127 0.869867 0.816203 0.855574 0.806458 0.846479 0.790216 0.843555 0.772024 0.848103 0.751559 0.870517 0.735317 0.908199 0.734992 0.925741 0.754483 0.931263 0.777872 0.926715 0.798662 0.911772 0.812305
0 0.798532 0.517756 0.784328 0.501657 0.785275 0.479877 0.793324 0.467566 0.812737 0.464252 0.831203 0.481771 0.827888 0.507812 0.813210 0.519176
0 0.784328 0.424479 0.769176 0.418797 0.761600 0.406013 0.761600 0.386127 0.769650 0.372396 0.788116 0.369555 0.805161 0.378078 0.810369 0.398911 0.802794 0.417377
0 0.755822 0.321552 0.741549 0.314040 0.736666 0.297138 0.741173 0.280987 0.752817 0.272348 0.776104 0.274977 0.785119 0.292631 0.781738 0.312538 0.771597 0.321176
0 0.761228 0.211951 0.753431 0.224426 0.741267 0.231599 0.722243 0.227233 0.712887 0.211951 0.715694 0.191679 0.728169 0.180763 0.750624 0.182011 0.762475 0.192615
0 0.873977 0.253149 0.858234 0.231895 0.852724 0.204739 0.861382 0.179550 0.877912 0.165381 0.904676 0.160264 0.941672 0.174433 0.953479 0.202377 0.938917 0.246064 0.919632 0.260627 0.890901 0.259446
0 0.571962 0.210782 0.532122 0.203934 0.514069 0.186504 0.510334 0.150398 0.535234 0.119273 0.581300 0.124875 0.602465 0.155378 0.601843 0.185259
0 0.395970 0.147615 0.375000 0.134046 0.367188 0.108141 0.370477 0.083059 0.385280 0.065378 0.414885 0.058799 0.439145 0.068257 0.454359 0.090049 0.448191 0.129112 0.431743 0.145148
