0 0.401984 0.692542 0.406970 0.730773 0.388686 0.758477 0.354887 0.765680 0.323305 0.743517 0.322196 0.719692 0.327737 0.698637 0.346022 0.678690 0.381483 0.675920
0 0.725324 0.717725 0.718067 0.739498 0.706967 0.752732 0.690318 0.760844 0.665557 0.759563 0.649761 0.743767 0.637807 0.716445 0.648480 0.693818 0.663422 0.680584 0.688610 0.674607 0.712517 0.685707
0 0.405357 0.330357 0.404464 0.352232 0.383929 0.371429 0.365625 0.377679 0.342857 0.374107 0.326339 0.352679 0.322768 0.332589 0.336161 0.308036 0.351786 0.294643 0.384821 0.300446 0.402232 0.322321
0 0.874963 0.115684 0.870509 0.101952 0.871994 0.087849 0.882386 0.073746 0.901314 0.067065 0.916531 0.072632 0.929149 0.088220 0.926180 0.116427 0.909108 0.125705 0.891664 0.129417
0 0.843787 0.056673 0.837849 0.050364 0.834880 0.034034 0.842674 0.021044 0.857890 0.014363 0.878303 0.019930 0.885355 0.037003 0.872736 0.058529 0.855664 0.061869
0 0.823374 0.129045 0.807787 0.126819 0.790714 0.113829 0.788116 0.096385 0.796281 0.078199 0.804817 0.071148 0.829313 0.070405 0.845643 0.085993 0.847870 0.103808 0.843045 0.119396
0 0.784533 0.059105 0.775904 0.060043 0.763337 0.058167 0.756771 0.051977 0.755271 0.039222 0.755083 0.031907 0.759585 0.023278 0.774591 0.015775 0.789222 0.018776 0.798601 0.028905 0.800852 0.039785 0.798601 0.049539
0 0.746822 0.126348 0.729728 0.127070 0.713839 0.122255 0.706616 0.104921 0.707579 0.091198 0.714079 0.079401 0.726599 0.073623 0.745378 0.072419 0.763675 0.085420 0.767045 0.099384 0.764156 0.112625 0.754045 0.121774
0 0.695418 0.062663 0.682572 0.059627 0.674631 0.050518 0.670427 0.037906 0.674865 0.026462 0.687944 0.016653 0.702658 0.017120 0.715270 0.026462 0.719240 0.044446 0.708964 0.056124
0 0.642888 0.126940 0.630388 0.118750 0.625647 0.106897 0.625000 0.093534 0.632112 0.080603 0.647629 0.072198 0.671552 0.075216 0.681034 0.087931 0.684052 0.099353 0.681034 0.113362 0.671336 0.122845 0.659914 0.128233
0 0.600610 0.103150 0.598323 0.114329 0.586382 0.125762 0.569614 0.129319 0.554624 0.125254 0.547002 0.114837 0.543953 0.101880 0.545732 0.090701 0.552337 0.079014 0.563770 0.071392 0.588923 0.074441 0.601118 0.087652
0 0.514736 0.120427 0.507368 0.126270 0.496951 0.130589 0.482215 0.130589 0.469512 0.124238 0.462907 0.111280 0.460874 0.097561 0.467480 0.081809 0.479421 0.073933 0.497713 0.073425 0.512449 0.082063 0.521341 0.101626
0 0.437547 0.100929 0.431916 0.119229 0.417370 0.133774 0.394848 0.130021 0.384056 0.119698 0.377956 0.099052 0.384525 0.084037 0.400009 0.072776 0.416432 0.072776 0.433324 0.080283
0 0.295373 0.095298 0.290681 0.113129 0.275666 0.117352 0.262528 0.111252 0.254551 0.097645 0.257367 0.086852 0.265343 0.076060 0.288804 0.077937
0 0.273868 0.061516 0.265256 0.059793 0.258612 0.053642 0.257628 0.042569 0.259350 0.034695 0.265994 0.028543 0.278543 0.026821 0.290108 0.037648 0.290846 0.049705 0.286663 0.055856 0.279035 0.061270
0 0.245325 0.090059 0.236220 0.098425 0.223671 0.096949 0.219734 0.092766 0.219242 0.083907 0.219980 0.076772 0.224409 0.072343 0.235482 0.071112 0.241388 0.072589 0.245079 0.081939
0 0.246063 0.046260 0.241634 0.056102 0.234990 0.058317 0.224656 0.058317 0.219980 0.054626 0.216535 0.043553 0.220719 0.034449 0.230561 0.029035 0.244094 0.032480
