0 0.874963 0.865684 0.870509 0.851952 0.871994 0.837849 0.882386 0.823746 0.901314 0.817065 0.916531 0.822632 0.929149 0.838220 0.926180 0.866427 0.909108 0.875705 0.891664 0.879417
0 0.843787 0.806673 0.837849 0.800364 0.834880 0.784034 0.842674 0.771044 0.857890 0.764363 0.878303 0.769930 0.885355 0.787003 0.872736 0.808529 0.855664 0.811869
0 0.823374 0.879045 0.807787 0.876819 0.790714 0.863829 0.788116 0.846385 0.796281 0.828199 0.804817 0.821148 0.829313 0.820405 0.845643 0.835993 0.847870 0.853808 0.843045 0.869396
0 0.784533 0.809105 0.775904 0.810043 0.763337 0.808167 0.756771 0.801977 0.755271 0.789222 0.755083 0.781907 0.759585 0.773278 0.774591 0.765775 0.789222 0.768776 0.798601 0.778905 0.800852 0.789785 0.798601 0.799539
0 0.746822 0.876348 0.729728 0.877070 0.713839 0.872255 0.706616 0.854921 0.707579 0.841198 0.714079 0.829401 0.726599 0.823623 0.745378 0.822419 0.763675 0.835420 0.767045 0.849384 0.764156 0.862625 0.754045 0.871774
0 0.695418 0.812663 0.682572 0.809627 0.674631 0.800518 0.670427 0.787906 0.674865 0.776462 0.687944 0.766653 0.702658 0.767120 0.715270 0.776462 0.719240 0.794446 0.708964 0.806124
0 0.642888 0.876940 0.630388 0.868750 0.625647 0.856897 0.625000 0.843534 0.632112 0.830603 0.647629 0.822198 0.671552 0.825216 0.681034 0.837931 0.684052 0.849353 0.681034 0.863362 0.671336 0.872845 0.659914 0.878233
0 0.600610 0.853150 0.598323 0.864329 0.586382 0.875762 0.569614 0.879319 0.554624 0.875254 0.547002 0.864837 0.543953 0.851880 0.545732 0.840701 0.552337 0.829014 0.563770 0.821392 0.588923 0.824441 0.601118 0.837652
0 0.514736 0.870427 0.507368 0.876270 0.496951 0.880589 0.482215 0.880589 0.469512 0.874238 0.462907 0.861280 0.460874 0.847561 0.467480 0.831809 0.479421 0.823933 0.497713 0.823425 0.512449 0.832063 0.521341 0.851626
0 0.437547 0.850929 0.431916 0.869229 0.417370 0.883774 0.394848 0.880021 0.384056 0.869698 0.377956 0.849052 0.384525 0.834037 0.400009 0.822776 0.416432 0.822776 0.433324 0.830283
0 0.295373 0.845298 0.290681 0.863129 0.275666 0.867352 0.262528 0.861252 0.254551 0.847645 0.257367 0.836852 0.265343 0.826060 0.288804 0.827937
0 0.273868 0.811516 0.265256 0.809793 0.258612 0.803642 0.257628 0.792569 0.259350 0.784695 0.265994 0.778543 0.278543 0.776821 0.290108 0.787648 0.290846 0.799705 0.286663 0.805856 0.279035 0.811270
0 0.245325 0.840059 0.236220 0.848425 0.223671 0.846949 0.219734 0.842766 0.219242 0.833907 0.219980 0.826772 0.224409 0.822343 0.235482 0.821112 0.241388 0.822589 0.245079 0.831939
0 0.246063 0.796260 0.241634 0.806102 0.234990 0.808317 0.224656 0.808317 0.219980 0.804626 0.216535 0.793553 0.220719 0.784449 0.230561 0.779035 0.244094 0.782480
0 0.244833 0.744341 0.244587 0.755413 0.241634 0.763780 0.229331 0.764518 0.221457 0.761319 0.217520 0.754429 0.217766 0.744587 0.221703 0.737697 0.233514 0.734006 0.240896 0.738435
0 0.284449 0.762549 0.274114 0.766486 0.261811 0.762795 0.259104 0.754675 0.257874 0.746555 0.262795 0.736713 0.273130 0.733514 0.283711 0.735482 0.287894 0.741142 0.289616 0.749016
0 0.244341 0.708661 0.243110 0.718258 0.233760 0.721457 0.223425 0.720965 0.219980 0.712106 0.220226 0.703248 0.227608 0.695374 0.237697 0.695374 0.244094 0.703248
0 0.282726 0.718012 0.273868 0.721211 0.264026 0.718996 0.260827 0.708415 0.264272 0.700541 0.271900 0.693898 0.283219 0.695128 0.287156 0.702018 0.286663 0.711614
