0 0.352335 0.687586 0.350189 0.703039 0.328297 0.719780 0.307263 0.712054 0.296532 0.697459 0.297819 0.680718 0.309839 0.664835 0.331302 0.658396 0.350618 0.668698
0 0.462655 0.645089 0.447201 0.643802 0.438616 0.638650 0.434323 0.623626 0.443338 0.612036 0.459220 0.609032 0.474674 0.616758 0.472957 0.633070
0 0.506010 0.629636 0.498712 0.626202 0.496137 0.612895 0.501288 0.602593 0.515024 0.599159 0.525326 0.608602 0.526185 0.623626 0.519746 0.630495
0 0.469952 0.698747 0.463942 0.709478 0.450635 0.710766 0.441621 0.706473 0.439045 0.695742 0.440762 0.684152 0.450206 0.677713 0.465659 0.678571 0.470381 0.691020
0 0.505580 0.714200 0.492273 0.710766 0.484117 0.703039 0.484547 0.694025 0.487981 0.685010 0.499571 0.678571 0.512878 0.682005 0.519317 0.692308 0.519317 0.700034 0.515024 0.708620
0 0.575549 0.715488 0.564818 0.710337 0.558808 0.700464 0.562672 0.688874 0.567823 0.681576 0.583705 0.677284 0.597012 0.684581 0.599159 0.699176 0.594437 0.708620 0.585422 0.713341
0 0.292685 0.335457 0.295886 0.346805 0.288321 0.356116 0.274645 0.356989 0.267371 0.348551 0.268244 0.337494 0.272899 0.330220 0.280755 0.328474
0 0.259515 0.344186 0.254859 0.356116 0.243802 0.359608 0.237401 0.355243 0.232746 0.348551 0.232164 0.339531 0.240893 0.334294 0.249622 0.332548 0.255732 0.335166
0 0.344477 0.338658 0.339822 0.353206 0.323528 0.359026 0.314217 0.354079 0.308397 0.342732 0.313053 0.328474 0.319745 0.324401 0.336621 0.323237
0 0.349133 0.279301 0.350879 0.295595 0.337494 0.305488 0.321782 0.304615 0.314508 0.295595 0.311889 0.285120 0.315381 0.271444 0.327601 0.265043 0.343314 0.263879
0 0.408490 0.284538 0.407036 0.295595 0.390159 0.297632 0.383176 0.293267 0.379685 0.281628 0.383176 0.272608 0.395397 0.267662 0.409363 0.275809
0 0.405581 0.336621 0.396270 0.347969 0.382594 0.348551 0.375320 0.338949 0.377648 0.327310 0.391614 0.321782 0.404417 0.332839
