0 0.480289 0.919998 0.465934 0.912268 0.454892 0.895705 0.451027 0.878589 0.463174 0.857056 0.485258 0.846014 0.518386 0.859817 0.527220 0.889631 0.515073 0.912268 0.502926 0.921654
0 0.331871 0.919219 0.317171 0.913529 0.307924 0.892664 0.308398 0.875119 0.317645 0.857573 0.342778 0.850223 0.363880 0.857810 0.375498 0.877727 0.376209 0.898829 0.362694 0.913055 0.343252 0.919694
0 0.324802 0.788793 0.312680 0.775772 0.306843 0.756466 0.311782 0.737608 0.328394 0.727281 0.350844 0.723689 0.367906 0.736710 0.374641 0.760057 0.359824 0.784752 0.347701 0.792834
0 0.459501 0.782956 0.443786 0.775772 0.435704 0.755119 0.433908 0.732669 0.446031 0.718750 0.463991 0.711117 0.490930 0.712913 0.510237 0.737608 0.506645 0.765445 0.493624 0.779364
0 0.630757 0.527912 0.609472 0.514367 0.595443 0.494534 0.594476 0.464058 0.607053 0.442289 0.640915 0.425358 0.675261 0.435033 0.691225 0.464058 0.692192 0.492599 0.678647 0.519205 0.654944 0.528396
0 0.407398 0.626009 0.389999 0.615917 0.381299 0.601302 0.379211 0.579726 0.391391 0.561282 0.419926 0.555366 0.440806 0.567546 0.451942 0.593646 0.443242 0.614873 0.426886 0.628097
0 0.391739 0.523003 0.361463 0.523003 0.343019 0.512911 0.332231 0.486811 0.333971 0.464191 0.351719 0.445052 0.379907 0.438092 0.403222 0.449575 0.413314 0.470455 0.414706 0.493075 0.409138 0.511171
0 0.249750 0.627000 0.237250 0.617500 0.229000 0.598500 0.232500 0.581500 0.243750 0.567250 0.259250 0.561500 0.280000 0.565500 0.293000 0.583750 0.296500 0.601000 0.288750 0.617250 0.275000 0.626750
0 0.134622 0.630429 0.113080 0.621237 0.103889 0.602855 0.104176 0.585047 0.112793 0.570111 0.133186 0.558335 0.154728 0.564654 0.170812 0.582749 0.171674 0.602281 0.162483 0.618365 0.148696 0.627269
0 0.136763 0.488588 0.112886 0.482971 0.096735 0.458743 0.098490 0.430653 0.113588 0.409586 0.145541 0.401861 0.173982 0.416257 0.181355 0.448560 0.169066 0.472437
0 0.266678 0.399403 0.250527 0.397647 0.240695 0.385709 0.237886 0.372367 0.241397 0.357619 0.252282 0.347086 0.274403 0.343926 0.294066 0.359375 0.291608 0.382900 0.284235 0.396243
0 0.147296 0.317240 0.131496 0.316538 0.118855 0.308462 0.112184 0.292662 0.111482 0.277212 0.123420 0.265274 0.143785 0.261060 0.162044 0.270190 0.168364 0.289501 0.164150 0.306004
