0 0.884622 0.630429 0.863080 0.621237 0.853889 0.602855 0.854176 0.585047 0.862793 0.570111 0.883186 0.558335 0.904728 0.564654 0.920812 0.582749 0.921674 0.602281 0.912483 0.618365 0.898696 0.627269
0 0.886763 0.488588 0.862886 0.482971 0.846735 0.458743 0.848490 0.430653 0.863588 0.409586 0.895541 0.401861 0.923982 0.416257 0.931355 0.448560 0.919066 0.472437
0 0.897296 0.317240 0.881496 0.316538 0.868855 0.308462 0.862184 0.292662 0.861482 0.277212 0.873420 0.265274 0.893785 0.261060 0.912044 0.270190 0.918364 0.289501 0.914150 0.306004
0 0.653603 0.401838 0.634396 0.395608 0.625571 0.375882 0.627647 0.355637 0.641663 0.338507 0.664504 0.331240 0.683711 0.340064 0.697207 0.360828 0.691497 0.386265 0.679558 0.401319
0 0.523827 0.390936 0.507216 0.401838 0.485413 0.401838 0.470878 0.390936 0.459977 0.370691 0.464649 0.352523 0.478665 0.335392 0.506177 0.333316 0.521750 0.343698 0.531613 0.363424
0 0.515002 0.289192 0.494238 0.289192 0.472436 0.279329 0.457382 0.254931 0.458939 0.232610 0.479703 0.211846 0.505658 0.203021 0.535247 0.221190 0.547186 0.247145 0.540438 0.273100 0.526941 0.284520
0 0.651526 0.289711 0.632838 0.285039 0.615189 0.265314 0.614151 0.240397 0.626609 0.218075 0.654122 0.203021 0.685787 0.221709 0.696688 0.251817 0.684749 0.278810
0 0.329231 0.539284 0.327019 0.576135 0.290168 0.602668 0.259950 0.597509 0.238576 0.582031 0.232680 0.561394 0.234891 0.534861 0.246683 0.511277 0.268057 0.500221 0.290168 0.498010 0.315227 0.506854
0 0.142025 0.564343 0.132444 0.587190 0.106648 0.600457 0.076430 0.601931 0.055056 0.584979 0.045475 0.555498 0.044738 0.533387 0.063900 0.508328 0.091170 0.491377 0.133181 0.508328 0.149396 0.534861
0 0.140625 0.370066 0.140214 0.386513 0.134868 0.401316 0.119655 0.410773 0.103618 0.413240 0.083059 0.403372 0.074013 0.384868 0.078125 0.363487 0.088816 0.350329 0.114720 0.344572 0.133224 0.353207
0 0.271712 0.258917 0.273651 0.278691 0.264346 0.290710 0.244184 0.294975 0.227125 0.289547 0.221697 0.277916 0.219758 0.258917 0.222472 0.250000 0.233716 0.238756 0.248837 0.235654 0.266284 0.242633
0 0.178272 0.273651 0.172844 0.287996 0.151908 0.292649 0.138337 0.285670 0.130195 0.275977 0.128645 0.262407 0.132134 0.248837 0.151132 0.237981 0.170130 0.235654 0.175558 0.248837
0 0.710648 0.565394 0.720486 0.587963 0.718171 0.605903 0.699653 0.614583 0.676505 0.614005 0.664931 0.598958 0.664352 0.579861 0.670139 0.561921 0.688657 0.557292
0 0.609375 0.519676 0.606481 0.538194 0.587963 0.543981 0.570602 0.539931 0.561921 0.527199 0.563079 0.505787 0.576389 0.495949 0.600116 0.495370
