0 0.318942 0.262473 0.296327 0.254934 0.281935 0.243969 0.284677 0.217928 0.297012 0.201480 0.325795 0.197368 0.347039 0.209704 0.353207 0.230948 0.342242 0.246711 0.325795 0.258361
0 0.294271 0.356360 0.266173 0.352248 0.248355 0.342654 0.243558 0.316612 0.254523 0.302906 0.286047 0.291255 0.304550 0.304962 0.307292 0.334430
0 0.516310 0.252193 0.490269 0.254249 0.472451 0.239172 0.464912 0.209704 0.475877 0.182977 0.493010 0.166530 0.523163 0.165844 0.551946 0.185718 0.555373 0.220669 0.541667 0.240543
0 0.618421 0.132950 0.593750 0.119243 0.587582 0.091831 0.594435 0.068531 0.608827 0.058251 0.635554 0.049342 0.659539 0.052083 0.684211 0.076069 0.675987 0.112390 0.660225 0.132950 0.640351 0.135691
0 0.409892 0.675517 0.379347 0.680804 0.350564 0.669055 0.338816 0.636161 0.358788 0.603853 0.384046 0.592105 0.419290 0.604441 0.432213 0.626175 0.429276 0.657307
0 0.529723 0.550987 0.505052 0.548637 0.481555 0.535714 0.475681 0.507519 0.483905 0.475799 0.509751 0.464051 0.542058 0.464638 0.559093 0.495183 0.560268 0.523966 0.539121 0.546288
0 0.580240 0.648496 0.560268 0.648496 0.544408 0.634986 0.543233 0.613839 0.553806 0.596217 0.571429 0.588581 0.594925 0.597392 0.603148 0.620301 0.596687 0.643210
0 0.624295 0.589168 0.610197 0.583294 0.597862 0.566847 0.601974 0.542176 0.617246 0.527491 0.645442 0.532190 0.662477 0.557448 0.656015 0.579770 0.637805 0.589756
0 0.638980 0.425869 0.617246 0.417058 0.599624 0.400611 0.592575 0.377115 0.604323 0.348919 0.623708 0.336584 0.657777 0.340695 0.677749 0.374178 0.670113 0.406485 0.654253 0.421758
0 0.687735 0.529253 0.666001 0.519854 0.656015 0.498120 0.662477 0.476386 0.678924 0.465813 0.706532 0.472274 0.720630 0.499295 0.710056 0.523966
0 0.756532 0.455424 0.736674 0.447063 0.726745 0.420934 0.735107 0.401077 0.752352 0.392193 0.774822 0.398464 0.789454 0.417276 0.783184 0.442883
0 0.800429 0.388012 0.785274 0.373380 0.785274 0.354567 0.796770 0.339413 0.817151 0.333142 0.840667 0.337322 0.849028 0.354567 0.845370 0.377038 0.829170 0.392715 0.813493 0.394283
0 0.870976 0.332097 0.854254 0.322168 0.845893 0.308581 0.847983 0.287155 0.860525 0.278794 0.872021 0.270955 0.894492 0.278271 0.905989 0.292903 0.908602 0.313806 0.888221 0.332097
0 0.756010 0.294994 0.737197 0.289768 0.716816 0.274091 0.711591 0.247962 0.724655 0.225491 0.748694 0.207201 0.787887 0.209291 0.808790 0.235420 0.803564 0.274091 0.777958 0.290813
0 0.887286 0.594492 0.867497 0.600264 0.844410 0.593255 0.834927 0.573054 0.841111 0.552028 0.854304 0.537599 0.876979 0.538836 0.893882 0.545844 0.899241 0.568931 0.898005 0.587484
0 0.948714 0.686016 0.934284 0.679420 0.920679 0.666227 0.919443 0.642315 0.928513 0.624175 0.951187 0.616755 0.977160 0.632009 0.981695 0.655508 0.974274 0.677358
