0 0.434945 0.928519 0.427643 0.973058 0.393327 0.993502 0.367041 0.986930 0.348058 0.972328 0.337106 0.946773 0.338566 0.924138 0.356820 0.896393 0.388946 0.889092 0.418881 0.900044
0 0.272123 0.935091 0.245108 0.940932 0.211522 0.914647 0.208601 0.878140 0.226124 0.843093 0.275044 0.838712 0.313011 0.863537 0.314471 0.911726
0 0.093998 0.891121 0.079613 0.884177 0.070188 0.871776 0.069692 0.854415 0.081101 0.841022 0.102431 0.836558 0.119792 0.849950 0.125744 0.865327 0.118800 0.881696 0.106399 0.888145
0 0.064732 0.783482 0.052331 0.785962 0.038442 0.780010 0.031994 0.771081 0.026538 0.757688 0.030506 0.741319 0.048363 0.730903 0.072173 0.736855 0.084077 0.748264 0.083581 0.768105 0.072669 0.778522
0 0.132192 0.818700 0.112847 0.812252 0.103919 0.802331 0.101438 0.790427 0.104415 0.775050 0.116815 0.762153 0.133185 0.763145 0.152034 0.773562 0.154514 0.792907 0.149554 0.805804
0 0.559311 0.846939 0.567602 0.819515 0.583546 0.808673 0.615434 0.813776 0.627551 0.834821 0.613520 0.866071 0.595026 0.871173 0.579082 0.869260
0 0.657526 0.848214 0.635204 0.827168 0.632015 0.795918 0.646046 0.782526 0.664541 0.774872 0.691964 0.782526 0.704719 0.804209 0.705357 0.824617 0.693878 0.842474 0.676658 0.850765 0.665816 0.850765
0 0.523597 0.846939 0.504464 0.840561 0.487245 0.819515 0.492985 0.796556 0.514031 0.779974 0.540179 0.778061 0.554847 0.795281 0.553571 0.819515 0.541454 0.843750
0 0.501913 0.774872 0.479592 0.771046 0.464923 0.755740 0.460459 0.730230 0.473852 0.704719 0.499362 0.702168 0.524872 0.713648 0.533163 0.738520 0.523597 0.762117
0 0.878637 0.899515 0.851697 0.899515 0.828125 0.874596 0.835533 0.842942 0.857085 0.829472 0.889413 0.830819 0.904903 0.849003 0.899515 0.884698
