0 0.543439 0.950180 0.510717 0.930546 0.491901 0.897006 0.503354 0.857739 0.518079 0.838105 0.558982 0.830743 0.602340 0.852012 0.615429 0.893734 0.606430 0.924820 0.578616 0.945272
0 0.813400 0.912549 0.783950 0.887189 0.774133 0.853649 0.790494 0.816018 0.833851 0.802111 0.876391 0.818472 0.891934 0.853649 0.887026 0.890461 0.864120 0.911731
0 0.789676 0.643406 0.763498 0.625409 0.747955 0.590232 0.750409 0.555874 0.779859 0.532968 0.824853 0.528878 0.855121 0.551783 0.855939 0.591868 0.842850 0.623773 0.816672 0.636862
0 0.540985 0.672857 0.509080 0.670402 0.479630 0.645043 0.470632 0.614774 0.481266 0.581234 0.505808 0.559964 0.552438 0.559146 0.573707 0.580416 0.586796 0.623773 0.575344 0.642588
0 0.256611 0.524038 0.239784 0.510216 0.238582 0.483173 0.250601 0.466947 0.283053 0.465745 0.299880 0.481971 0.300481 0.504207 0.287861 0.518029
0 0.132812 0.469952 0.112380 0.462139 0.103365 0.441106 0.106370 0.415865 0.123798 0.404447 0.147236 0.400841 0.172476 0.415865 0.180288 0.442909 0.170072 0.463341
0 0.072065 0.354483 0.047970 0.342801 0.031907 0.327468 0.037018 0.299723 0.049430 0.287310 0.073525 0.282199 0.097620 0.291691 0.107842 0.312865 0.105651 0.331849 0.092509 0.345721
0 0.091779 0.253724 0.075716 0.244962 0.073525 0.221598 0.085207 0.202614 0.107112 0.191662 0.126825 0.190932 0.145809 0.210645 0.141428 0.247152 0.119524 0.258835
0 0.217363 0.320897 0.197649 0.323817 0.165523 0.304834 0.155301 0.277818 0.161142 0.255184 0.173554 0.234010 0.203490 0.225978 0.237807 0.234010 0.255330 0.263216 0.255330 0.300453
0 0.327614 0.380038 0.304249 0.372006 0.281615 0.348642 0.276504 0.323817 0.289647 0.299723 0.310091 0.282199 0.349518 0.275628 0.377263 0.293151 0.387485 0.336230 0.380184 0.363245 0.353169 0.374197
0 0.434945 0.178519 0.427643 0.223058 0.393327 0.243502 0.367041 0.236930 0.348058 0.222328 0.337106 0.196773 0.338566 0.174138 0.356820 0.146393 0.388946 0.139092 0.418881 0.150044
0 0.272123 0.185091 0.245108 0.190932 0.211522 0.164647 0.208601 0.128140 0.226124 0.093093 0.275044 0.088712 0.313011 0.113537 0.314471 0.161726
0 0.559068 0.390990 0.528402 0.378578 0.518911 0.350102 0.529863 0.323087 0.553957 0.313595 0.585353 0.323087 0.597036 0.344991 0.595575 0.370546 0.572211 0.391720
0 0.605797 0.297532 0.577322 0.291691 0.557608 0.273438 0.557608 0.249343 0.575862 0.227439 0.616019 0.221598 0.638654 0.248613 0.637193 0.288040
0 0.093998 0.141121 0.079613 0.134177 0.070188 0.121776 0.069692 0.104415 0.081101 0.091022 0.102431 0.086558 0.119792 0.099950 0.125744 0.115327 0.118800 0.131696 0.106399 0.138145
0 0.132192 0.068700 0.112847 0.062252 0.103919 0.052331 0.101438 0.040427 0.104415 0.025050 0.116815 0.012153 0.133185 0.013145 0.152034 0.023562 0.154514 0.042907 0.149554 0.055804
0 0.559311 0.096939 0.567602 0.069515 0.583546 0.058673 0.615434 0.063776 0.627551 0.084821 0.613520 0.116071 0.595026 0.121173 0.579082 0.119260
0 0.657526 0.098214 0.635204 0.077168 0.632015 0.045918 0.646046 0.032526 0.664541 0.024872 0.691964 0.032526 0.704719 0.054209 0.705357 0.074617 0.693878 0.092474 0.676658 0.100765 0.665816 0.100765
0 0.523597 0.096939 0.504464 0.090561 0.487245 0.069515 0.492985 0.046556 0.514031 0.029974 0.540179 0.028061 0.554847 0.045281 0.553571 0.069515 0.541454 0.093750
0 0.878637 0.149515 0.851697 0.149515 0.828125 0.124596 0.835533 0.092942 0.857085 0.079472 0.889413 0.080819 0.904903 0.099003 0.899515 0.134698
