0 0.260428 0.995863 0.248803 0.986973 0.241281 0.973981 0.239914 0.953809 0.243333 0.936030 0.263505 0.918251 0.298037 0.923721 0.318210 0.939107 0.319236 0.965434 0.308295 0.986973 0.289832 0.998598
0 0.202988 0.946287 0.187944 0.930901 0.175636 0.914148 0.181448 0.886454 0.199911 0.868333 0.220083 0.864914 0.248120 0.873803 0.258377 0.895685 0.254274 0.924405 0.238204 0.941842 0.219058 0.947313
0 0.296670 0.912780 0.274788 0.895685 0.270001 0.880983 0.271369 0.862862 0.289832 0.846451 0.314791 0.845767 0.334621 0.862179 0.336673 0.886454 0.328467 0.900472 0.314791 0.912780
0 0.081198 0.946006 0.057591 0.932891 0.051971 0.910034 0.057966 0.879684 0.082696 0.865820 0.108551 0.871440 0.125787 0.884930 0.135529 0.907786 0.125412 0.932891 0.104429 0.946006
0 0.068832 0.845586 0.057217 0.840340 0.042978 0.821231 0.042978 0.802870 0.052346 0.784135 0.069582 0.769522 0.094312 0.769522 0.116794 0.781138 0.124288 0.803620 0.120166 0.829474 0.102930 0.844837
0 0.128410 0.857951 0.117918 0.840715 0.121665 0.822729 0.128035 0.809240 0.136653 0.793503 0.171500 0.792004 0.194732 0.808116 0.202975 0.835094 0.184240 0.863946 0.165880 0.871066 0.150517 0.872190
0 0.371124 0.107074 0.355984 0.087694 0.345082 0.039244 0.374758 0.007752 0.428052 0.001090 0.464995 0.028343 0.471657 0.064075 0.454700 0.101623 0.429869 0.117369 0.395954 0.117975
0 0.705885 0.236389 0.687239 0.238999 0.677170 0.229303 0.679035 0.214014 0.687612 0.205437 0.704766 0.207675 0.708495 0.214387 0.711105 0.229303
0 0.721547 0.131973 0.731243 0.154348 0.723411 0.168892 0.706257 0.173740 0.697308 0.173740 0.690222 0.168146 0.683137 0.155094 0.686120 0.141669 0.704766 0.131973
0 0.743922 0.147636 0.739447 0.134211 0.739447 0.120040 0.755109 0.109599 0.768161 0.112582 0.781213 0.127499 0.775992 0.149873 0.760703 0.152111
0 0.793146 0.124142 0.782704 0.109226 0.792400 0.089089 0.804706 0.086478 0.823725 0.092072 0.827827 0.114447 0.815893 0.122278 0.803214 0.127126
0 0.778229 0.330362 0.782704 0.318802 0.802842 0.313209 0.814775 0.328125 0.804706 0.345652 0.789790 0.346025
0 0.781586 0.373993 0.763313 0.375858 0.755855 0.364297 0.756601 0.351991 0.764432 0.344160 0.778602 0.344906 0.791281 0.355348
0 0.943903 0.554200 0.935998 0.545241 0.937579 0.529695 0.947592 0.519683 0.963138 0.515467 0.971042 0.524426 0.975785 0.534438 0.974731 0.548140 0.965509 0.554464 0.955760 0.558416
