0 0.034839 0.670660 0.022692 0.651336 0.025453 0.620970 0.043673 0.598885 0.073487 0.599989 0.104958 0.620417 0.101093 0.651336 0.083425 0.681151 0.043673 0.673973
0 0.030422 0.852308 0.009993 0.838505 0.005576 0.804273 0.026005 0.774459 0.045329 0.771146 0.069070 0.771146 0.086738 0.788262 0.092811 0.806482 0.093916 0.822493 0.079561 0.841265 0.061341 0.851204 0.038704 0.855068
0 0.849715 0.110800 0.831239 0.090213 0.822266 0.065931 0.831767 0.039010 0.857105 0.017895 0.890361 0.015255 0.919922 0.031620 0.929951 0.067515 0.916227 0.098131 0.889833 0.114495
0 0.907253 0.236434 0.888250 0.220598 0.880859 0.190509 0.892473 0.159892 0.921505 0.142473 0.956873 0.145640 0.980099 0.163060 0.992240 0.201594 0.975876 0.223765 0.956345 0.240129 0.923617 0.241712
0 0.714052 0.135082 0.692409 0.118190 0.684491 0.097076 0.682380 0.066459 0.705078 0.044288 0.744668 0.034787 0.781620 0.058541 0.791121 0.090741 0.778980 0.122413 0.744141 0.137722
0 0.746252 0.204761 0.753642 0.187870 0.772646 0.167810 0.790593 0.164115 0.820682 0.164643 0.845492 0.178896 0.856577 0.204761 0.848131 0.233266 0.832823 0.250158 0.804846 0.263355 0.759977 0.252798 0.751003 0.234322
0 0.917810 0.275496 0.932591 0.298195 0.931007 0.329339 0.912004 0.354677 0.887194 0.366290 0.847076 0.359428 0.826489 0.342536 0.814348 0.310336 0.824905 0.279719 0.859745 0.260716 0.900391 0.258076
0 0.858783 0.451644 0.872852 0.471638 0.876555 0.515329 0.843972 0.544950 0.804725 0.541247 0.775104 0.519031 0.768439 0.490892 0.774363 0.460530 0.806206 0.436834 0.843972 0.437574
0 0.792876 0.382775 0.794357 0.410175 0.769920 0.439055 0.725489 0.439796 0.704014 0.424245 0.696608 0.391662 0.710678 0.361300 0.735856 0.350193 0.767698 0.348711
0 0.682539 0.419061 0.673652 0.446460 0.652918 0.459790 0.620335 0.463492 0.594416 0.447941 0.581828 0.420542 0.592935 0.384257 0.635886 0.368706 0.668469 0.376111
0 0.758812 0.514588 0.758072 0.548652 0.716602 0.579754 0.678836 0.581235 0.650696 0.558279 0.649215 0.511626 0.666988 0.490151 0.706235 0.477562 0.738078 0.493854
0 0.636626 0.509405 0.638848 0.537544 0.606265 0.556057 0.571460 0.555317 0.553688 0.544950 0.538877 0.516069 0.545542 0.495335 0.561093 0.476822 0.592935 0.466454 0.618113 0.474600
0 0.564796 0.440536 0.567758 0.461271 0.542580 0.473860 0.516662 0.474600 0.498889 0.464973 0.486300 0.450903 0.485560 0.430909 0.507775 0.410915 0.535915 0.401289
0 0.574422 0.327977 0.564055 0.373149 0.538877 0.389440 0.512219 0.391662 0.478155 0.381294 0.460382 0.358338 0.456680 0.330939 0.476674 0.296875 0.513700 0.282805 0.551466 0.301318
0 0.649956 0.314648 0.629961 0.339825 0.604043 0.345009 0.579606 0.322793 0.578125 0.294653 0.598860 0.276140 0.628480 0.279102 0.650696 0.284286
0 0.746223 0.285767 0.740299 0.313907 0.698830 0.329458 0.675874 0.313907 0.670690 0.290951 0.677355 0.269476 0.696608 0.259108 0.729932 0.259108
0 0.703273 0.210234 0.697349 0.235412 0.669950 0.248741 0.628480 0.237633 0.623297 0.221342 0.631443 0.193943 0.658842 0.179132 0.687722 0.191721
0 0.615151 0.234671 0.601822 0.258368 0.571460 0.262811 0.552207 0.259849 0.538137 0.242076 0.538137 0.222823 0.546283 0.202829 0.578866 0.194683 0.607005 0.202829
0 0.525548 0.230228 0.510738 0.260589 0.484079 0.276140 0.452977 0.273178 0.424837 0.262070 0.412989 0.242076 0.408546 0.211715 0.424837 0.181354 0.460382 0.167284 0.497408 0.167284 0.513700 0.182835
0 0.650696 0.133220 0.649215 0.160619 0.622556 0.173208 0.604784 0.159879 0.594416 0.142847 0.602562 0.124334 0.618854 0.119150 0.642550 0.120631
0 0.629221 0.084345 0.608486 0.109523 0.582568 0.105080 0.574422 0.088048 0.578866 0.071016 0.591454 0.062130 0.613670 0.069535
0 0.542580 0.093972 0.538877 0.111745 0.511478 0.116928 0.499630 0.106561 0.501111 0.077681 0.524807 0.071757
0 0.270881 0.403909 0.260847 0.391007 0.261802 0.369027 0.274226 0.357559 0.300029 0.363293 0.307196 0.390529 0.291428 0.405820
0 0.265147 0.496607 0.252724 0.494218 0.236000 0.486573 0.233133 0.466982 0.241256 0.454558 0.260369 0.450736 0.278049 0.455036 0.282349 0.477494
0 0.300506 0.474149 0.288083 0.458381 0.290950 0.445958 0.304807 0.439268 0.319620 0.440701 0.326787 0.455514 0.319620 0.468893
