0 0.456477 0.917706 0.454145 0.900507 0.459101 0.880976 0.472510 0.867275 0.494082 0.862028 0.514488 0.866692 0.529938 0.880976 0.536351 0.904005 0.526149 0.930533 0.503994 0.941027 0.481547 0.939278 0.464348 0.933448
0 0.086840 0.184811 0.070159 0.169833 0.074244 0.142940 0.093648 0.127621 0.120541 0.128302 0.135859 0.145323 0.128370 0.176981 0.103860 0.188896
0 0.831198 0.946006 0.807591 0.932891 0.801971 0.910034 0.807966 0.879684 0.832696 0.865820 0.858551 0.871440 0.875787 0.884930 0.885529 0.907786 0.875412 0.932891 0.854429 0.946006
0 0.774993 0.897669 0.757007 0.888302 0.745391 0.871066 0.746141 0.851207 0.757382 0.834345 0.774243 0.827600 0.796725 0.830223 0.812837 0.855328 0.804594 0.881932 0.787732 0.898044
0 0.818832 0.845586 0.807217 0.840340 0.792978 0.821231 0.792978 0.802870 0.802346 0.784135 0.819582 0.769522 0.844312 0.769522 0.866794 0.781138 0.874288 0.803620 0.870166 0.829474 0.852930 0.844837
0 0.878410 0.857951 0.867918 0.840715 0.871665 0.822729 0.878035 0.809240 0.886653 0.793503 0.921500 0.792004 0.944732 0.808116 0.952975 0.835094 0.934240 0.863946 0.915880 0.871066 0.900517 0.872190
0 0.418837 0.460069 0.415365 0.440104 0.420573 0.426649 0.440104 0.421875 0.450955 0.430122 0.459635 0.447049 0.453993 0.462674 0.428385 0.469184
0 0.479601 0.449219 0.465712 0.444444 0.454861 0.432292 0.456163 0.416233 0.464844 0.407552 0.478299 0.403212 0.488715 0.407118 0.493490 0.420139 0.496528 0.432292 0.486545 0.444010
0 0.510851 0.427951 0.500868 0.421875 0.490451 0.410590 0.488281 0.399306 0.490451 0.385851 0.502604 0.378906 0.523438 0.375434 0.536892 0.394965 0.538628 0.412760
0 0.554253 0.406684 0.544271 0.400608 0.533854 0.389323 0.531684 0.378038 0.533854 0.364583 0.546007 0.357639 0.566840 0.354167 0.580295 0.373698 0.582031 0.391493
0 0.649222 0.262550 0.629142 0.253765 0.621611 0.228665 0.646084 0.212977 0.666792 0.216114 0.678715 0.234940 0.673695 0.253765
0 0.697630 0.233487 0.682643 0.223218 0.682366 0.206289 0.691247 0.192135 0.712617 0.186029 0.728158 0.194910 0.731489 0.211562 0.723718 0.226826 0.710396 0.233209
