0 0.456735 0.447453 0.427341 0.441780 0.406198 0.422700 0.400010 0.399495 0.400010 0.377321 0.426310 0.355662 0.458797 0.346896 0.494379 0.369585 0.504177 0.400526 0.486644 0.437139
0 0.363129 0.320616 0.345462 0.305157 0.335523 0.283624 0.341597 0.252705 0.358160 0.232277 0.391288 0.227860 0.433249 0.246080 0.438218 0.293010 0.411716 0.321168
0 0.309574 0.484596 0.288041 0.477418 0.269269 0.442635 0.267613 0.418341 0.291354 0.389079 0.336628 0.386318 0.369755 0.408955 0.370859 0.442083 0.354848 0.469136
0 0.273655 0.181260 0.262045 0.162877 0.258175 0.133369 0.266399 0.110633 0.288651 0.090799 0.320095 0.079189 0.366534 0.100958 0.379112 0.130950 0.378144 0.154170 0.366534 0.175455 0.349603 0.189483 0.342347 0.192870 0.329286 0.196256 0.307034 0.193353
0 0.099715 0.110800 0.081239 0.090213 0.072266 0.065931 0.081767 0.039010 0.107105 0.017895 0.140361 0.015255 0.169922 0.031620 0.179951 0.067515 0.166227 0.098131 0.139833 0.114495
0 0.157253 0.236434 0.138250 0.220598 0.130859 0.190509 0.142473 0.159892 0.171505 0.142473 0.206873 0.145640 0.230099 0.163060 0.242240 0.201594 0.225876 0.223765 0.206345 0.240129 0.173617 0.241712
0 0.254909 0.365234 0.226404 0.354149 0.207929 0.339369 0.200538 0.305585 0.214263 0.277080 0.257549 0.258076 0.300306 0.282359 0.300834 0.318254 0.288165 0.343064
0 0.167810 0.275496 0.182591 0.298195 0.181007 0.329339 0.162004 0.354677 0.137194 0.366290 0.097076 0.359428 0.076489 0.342536 0.064348 0.310336 0.074905 0.279719 0.109745 0.260716 0.150391 0.258076
0 0.223765 0.385821 0.249103 0.409048 0.251742 0.433330 0.238017 0.456556 0.213735 0.477143 0.167810 0.478199 0.137722 0.456028 0.134554 0.415910 0.150391 0.383710 0.196843 0.373152
0 0.108783 0.451644 0.122852 0.471638 0.126555 0.515329 0.093972 0.544950 0.054725 0.541247 0.025104 0.519031 0.018439 0.490892 0.024363 0.460530 0.056206 0.436834 0.093972 0.437574
