0 0.151982 0.843564 0.170168 0.819811 0.196148 0.813131 0.219529 0.823152 0.232890 0.852472 0.222127 0.877709 0.200230 0.885132 0.173508 0.882905 0.163116 0.871029
0 0.235117 0.815729 0.222870 0.802739 0.218787 0.771192 0.237344 0.751522 0.271489 0.751522 0.287819 0.764512 0.292273 0.787151 0.285963 0.806079 0.267778 0.821296 0.248849 0.821667
0 0.306017 0.695280 0.306665 0.681017 0.328709 0.659621 0.366312 0.660918 0.377334 0.704357 0.348159 0.723807 0.322873 0.723807
0 0.084284 0.604512 0.078449 0.579227 0.093361 0.544865 0.129668 0.520228 0.175052 0.537733 0.188667 0.590249 0.173755 0.618776 0.134855 0.630446 0.110218 0.627853
0 0.247018 0.549404 0.222381 0.526063 0.212656 0.484570 0.231457 0.447614 0.279435 0.436592 0.309907 0.451504 0.325467 0.491053 0.322225 0.522173 0.293050 0.544865
0 0.375389 0.445669 0.363719 0.404824 0.371499 0.387318 0.401971 0.367220 0.435685 0.375000 0.451245 0.399637 0.449300 0.436592 0.433091 0.452801 0.401971 0.454746 0.378631 0.451504
0 0.531624 0.368152 0.519796 0.340762 0.533491 0.299676 0.567107 0.290961 0.601345 0.302166 0.613795 0.325199 0.608192 0.358815 0.574577 0.387450
0 0.446962 0.582918 0.431399 0.564243 0.426419 0.536230 0.448207 0.500125 0.489915 0.497634 0.516683 0.526270 0.517928 0.539965 0.511081 0.566111 0.495518 0.580428 0.462525 0.587898
0 0.621265 0.503860 0.605080 0.500125 0.586404 0.482694 0.581424 0.460284 0.595120 0.431026 0.613795 0.420443 0.648655 0.418576 0.672933 0.445966 0.678536 0.468999 0.657371 0.500125 0.639940 0.505105
0 0.699812 0.638637 0.659508 0.635325 0.636871 0.598333 0.662820 0.553611 0.687666 0.545329 0.732939 0.569622 0.734596 0.596124 0.730731 0.622626
0 0.784839 0.670660 0.772692 0.651336 0.775453 0.620970 0.793673 0.598885 0.823487 0.599989 0.854958 0.620417 0.851093 0.651336 0.833425 0.681151 0.793673 0.673973
0 0.636318 0.780532 0.620307 0.759552 0.622515 0.723112 0.653986 0.701027 0.691530 0.702131 0.718032 0.727529 0.711407 0.767281 0.689874 0.788814
0 0.780422 0.852308 0.759993 0.838505 0.755576 0.804273 0.776005 0.774459 0.795329 0.771146 0.819070 0.771146 0.836738 0.788262 0.842811 0.806482 0.843916 0.822493 0.829561 0.841265 0.811341 0.851204 0.788704 0.855068
0 0.714720 0.888748 0.679384 0.872184 0.663372 0.845682 0.677727 0.816972 0.705333 0.803169 0.737356 0.808690 0.750055 0.825806 0.754472 0.860038 0.741773 0.874393
0 0.613682 0.952794 0.593253 0.943408 0.583315 0.919667 0.593253 0.904759 0.614234 0.898134 0.629141 0.898686 0.639631 0.919667 0.634662 0.946720
0 0.571168 0.891508 0.560678 0.881570 0.549083 0.863350 0.554053 0.844578 0.573929 0.833536 0.588836 0.830775 0.603743 0.847339 0.607056 0.853964 0.609265 0.876049 0.593805 0.885435
0 0.555157 0.820285 0.539697 0.816972 0.524238 0.800961 0.528655 0.772250 0.554605 0.765073 0.576689 0.770042 0.581106 0.800409 0.565647 0.815868
