0 0.432818 0.924400 0.418613 0.901778 0.415457 0.867056 0.424926 0.839699 0.441761 0.821286 0.477010 0.803399 0.525936 0.811816 0.554346 0.840751 0.562237 0.891256 0.545402 0.915457 0.525936 0.938079 0.487005 0.944918
0 0.721260 0.793298 0.676707 0.795808 0.649096 0.783258 0.639684 0.762550 0.645959 0.729920 0.664157 0.717997 0.703690 0.712977 0.732555 0.751883
0 0.484551 0.609058 0.470826 0.602724 0.457102 0.585832 0.456398 0.558735 0.466251 0.536916 0.492645 0.526006 0.528188 0.540083 0.540153 0.567532 0.527836 0.598149 0.507777 0.609410
0 0.106962 0.523859 0.099303 0.509689 0.102750 0.487860 0.121898 0.469861 0.145642 0.467946 0.166322 0.480967 0.173215 0.506625 0.152535 0.531901 0.129557 0.536114
0 0.337698 0.422969 0.324022 0.415789 0.308295 0.396984 0.307953 0.381941 0.309662 0.363478 0.327441 0.345357 0.351716 0.341938 0.372231 0.350486 0.386591 0.372367 0.384197 0.396984 0.371889 0.416131 0.344194 0.423653
0 0.360606 0.335442 0.359238 0.317321 0.366418 0.298174 0.378043 0.283472 0.400267 0.277318 0.426251 0.282447 0.442321 0.307406 0.435825 0.335100 0.420439 0.354246 0.402660 0.359717 0.383513 0.355272
0 0.243675 0.344673 0.242307 0.318005 0.252222 0.297490 0.273762 0.286891 0.296670 0.287917 0.319236 0.306722 0.325048 0.333390 0.314791 0.354246 0.297696 0.364504 0.269318 0.365529 0.251539 0.354930
0 0.327099 0.302277 0.311372 0.294071 0.299405 0.273215 0.298721 0.248598 0.317868 0.229793 0.341459 0.221930 0.371889 0.233896 0.381120 0.263984 0.374966 0.285866 0.356161 0.298858 0.338382 0.306038
0 0.201621 0.308089 0.187261 0.292362 0.179055 0.270138 0.191705 0.245863 0.202304 0.234238 0.226238 0.230135 0.248120 0.241076 0.262138 0.266035 0.255641 0.291678 0.237521 0.306722 0.215639 0.311508
0 0.260428 0.245863 0.248803 0.236973 0.241281 0.223981 0.239914 0.203809 0.243333 0.186030 0.263505 0.168251 0.298037 0.173721 0.318210 0.189107 0.319236 0.215434 0.308295 0.236973 0.289832 0.248598
0 0.158883 0.259539 0.141446 0.253043 0.124692 0.240393 0.116829 0.217827 0.126060 0.196971 0.140420 0.183295 0.160934 0.177824 0.177345 0.179534 0.195466 0.195261 0.202646 0.218511 0.195808 0.236632 0.181790 0.249624
0 0.202988 0.196287 0.187944 0.180901 0.175636 0.164148 0.181448 0.136454 0.199911 0.118333 0.220083 0.114914 0.248120 0.123803 0.258377 0.145685 0.254274 0.174405 0.238204 0.191842 0.219058 0.197313
0 0.296670 0.162780 0.274788 0.145685 0.270001 0.130983 0.271369 0.112862 0.289832 0.096451 0.314791 0.095767 0.334621 0.112179 0.336673 0.136454 0.328467 0.150472 0.314791 0.162780
0 0.081198 0.196006 0.057591 0.182891 0.051971 0.160034 0.057966 0.129684 0.082696 0.115820 0.108551 0.121440 0.125787 0.134930 0.135529 0.157786 0.125412 0.182891 0.104429 0.196006
0 0.068832 0.095586 0.057217 0.090340 0.042978 0.071231 0.042978 0.052870 0.052346 0.034135 0.069582 0.019522 0.094312 0.019522 0.116794 0.031138 0.124288 0.053620 0.120166 0.079474 0.102930 0.094837
0 0.128410 0.107951 0.117918 0.090715 0.121665 0.072729 0.128035 0.059240 0.136653 0.043503 0.171500 0.042004 0.194732 0.058116 0.202975 0.085094 0.184240 0.113946 0.165880 0.121066 0.150517 0.122190
