0 0.270984 0.813290 0.251805 0.809341 0.231498 0.797495 0.226986 0.772676 0.234883 0.749549 0.260830 0.738831 0.292983 0.750113 0.303700 0.773804 0.289598 0.805957
0 0.421029 0.818366 0.402414 0.817238 0.388876 0.803136 0.387748 0.780009 0.393389 0.758010 0.414260 0.746728 0.445848 0.751241 0.457694 0.769292 0.457694 0.800316 0.444720 0.813290
0 0.269856 0.645194 0.241088 0.639553 0.230370 0.621503 0.227550 0.596119 0.238831 0.578633 0.262523 0.567915 0.287906 0.577505 0.302572 0.595555 0.302008 0.621503 0.286778 0.638425
0 0.421029 0.648579 0.402978 0.636169 0.396773 0.619810 0.400158 0.598375 0.413132 0.584273 0.440772 0.577505 0.463899 0.587658 0.472924 0.611913 0.469540 0.628836 0.447541 0.653655
0 0.936126 0.441964 0.950435 0.436813 0.968750 0.441964 0.976763 0.457418 0.969322 0.478022 0.951580 0.480884 0.936699 0.477450 0.929831 0.464858
0 0.938988 0.415064 0.932120 0.398466 0.933265 0.377862 0.947573 0.366987 0.972756 0.365842 0.987637 0.379006 0.989927 0.399611 0.975618 0.415064 0.961310 0.421360
0 0.936699 0.219895 0.945284 0.197573 0.960737 0.189560 0.981342 0.193567 0.990499 0.209020 0.988210 0.225618 0.972756 0.242216 0.952152 0.235348
0 0.843945 0.097510 0.840379 0.088109 0.843945 0.074170 0.853670 0.067687 0.865988 0.067038 0.875065 0.073522 0.877334 0.081950 0.876686 0.094917 0.868906 0.104966 0.854642 0.104318
0 0.844593 0.150998 0.841027 0.139977 0.846214 0.126686 0.861450 0.123444 0.872796 0.130252 0.875065 0.142246 0.867933 0.153916 0.854642 0.156509
0 0.844593 0.199300 0.839406 0.193141 0.841675 0.181146 0.846862 0.175311 0.858856 0.173366 0.867933 0.177905 0.870851 0.190223 0.866312 0.202217 0.852697 0.203514
