0 0.210787 0.309345 0.207282 0.289814 0.211789 0.267778 0.225811 0.251753 0.250351 0.244241 0.271885 0.247746 0.292919 0.261268 0.300431 0.284305 0.298427 0.304838 0.285907 0.322366 0.272386 0.334886 0.255859 0.337891 0.236829 0.336889 0.223808 0.326372
0 0.349622 0.316219 0.346686 0.303497 0.348317 0.284577 0.352557 0.270224 0.366910 0.257829 0.381589 0.250000 0.401161 0.248695 0.419428 0.256850 0.433129 0.267941 0.440632 0.284251 0.440305 0.303171 0.435412 0.319807 0.425626 0.334812 0.407359 0.343946 0.392028 0.344924 0.371803 0.336117 0.361039 0.329593
0 0.499021 0.334486 0.491193 0.322743 0.486300 0.306433 0.489562 0.286208 0.497717 0.269246 0.514353 0.258481 0.537839 0.255219 0.558064 0.260765 0.570459 0.273813 0.579919 0.292732 0.581224 0.308716 0.577636 0.324047 0.567197 0.338400 0.548278 0.346555 0.527727 0.348839 0.516310 0.345903
0 0.696750 0.345370 0.668531 0.351118 0.643969 0.349551 0.628815 0.333351 0.625157 0.311925 0.629337 0.291545 0.643969 0.275867 0.667485 0.264893 0.700408 0.270119 0.711904 0.290500 0.717653 0.312448 0.708769 0.334396
0 0.819555 0.353209 0.790813 0.358434 0.772523 0.350596 0.757368 0.339099 0.752143 0.317151 0.756846 0.287887 0.777749 0.270119 0.808058 0.268551 0.835232 0.282661 0.846206 0.312448 0.839935 0.338054
0 0.891304 0.348732 0.883152 0.330163 0.883152 0.308877 0.891304 0.293478 0.908967 0.276721 0.935688 0.274004 0.959692 0.285779 0.969656 0.307518 0.967391 0.331975 0.961504 0.348732 0.927536 0.365036 0.909873 0.359149
0 0.966479 0.448038 0.967387 0.467115 0.958757 0.484375 0.946039 0.497547 0.921966 0.501635 0.896984 0.497093 0.886083 0.482558 0.876544 0.457122 0.884720 0.433503 0.903343 0.419876 0.927871 0.415334 0.948310 0.420331 0.958757 0.431686
0 0.747547 0.469840 0.748001 0.447129 0.754815 0.427144 0.771166 0.414880 0.795694 0.409884 0.822039 0.418968 0.834302 0.438045 0.840207 0.458485 0.829306 0.480741 0.817042 0.492097 0.794786 0.496185 0.776617 0.493914 0.759811 0.488463
0 0.624012 0.431429 0.635777 0.415427 0.657897 0.403662 0.680958 0.407897 0.701666 0.420134 0.709196 0.439900 0.707314 0.464373 0.689900 0.484140 0.670134 0.492611 0.649896 0.492611 0.634836 0.482728 0.627777 0.474727 0.622600 0.462491
0 0.480997 0.447307 0.485220 0.423846 0.497889 0.406015 0.519942 0.396631 0.551380 0.399916 0.566864 0.414461 0.575779 0.444022 0.567333 0.471237 0.545280 0.487660 0.514780 0.492821 0.496481 0.477806 0.484281 0.462322
0 0.368384 0.453407 0.364630 0.436515 0.372607 0.414931 0.397945 0.403669 0.424221 0.413523 0.432667 0.433230 0.425160 0.462791 0.404983 0.474521 0.379645 0.470768
