0 0.645097 0.748098 0.654348 0.717259 0.677477 0.698756 0.713456 0.694130 0.738641 0.709036 0.750977 0.743472 0.745837 0.770199 0.719624 0.794356 0.688785 0.796926 0.664628 0.785619 0.649208 0.767630
0 0.659488 0.920282 0.643041 0.896639 0.644583 0.857576 0.664114 0.833933 0.693925 0.822111 0.729389 0.830849 0.739669 0.852950 0.745323 0.878135 0.738127 0.905376 0.711914 0.924907 0.679019 0.926449
0 0.492347 0.797513 0.464923 0.797513 0.442283 0.781569 0.437181 0.750638 0.448661 0.725128 0.472577 0.709821 0.506378 0.713010 0.526467 0.732462 0.529974 0.765625 0.514031 0.784120
0 0.459503 0.916454 0.439732 0.899872 0.434630 0.874681 0.439413 0.848214 0.455038 0.831952 0.478635 0.823980 0.502232 0.832908 0.519452 0.846301 0.521046 0.868304 0.519770 0.887755 0.511480 0.901467 0.491390 0.914541 0.477679 0.919324
0 0.063439 0.865572 0.063439 0.848295 0.074331 0.831393 0.092360 0.820876 0.119028 0.826510 0.133301 0.839656 0.137057 0.857309 0.133676 0.877592 0.125038 0.888860 0.100999 0.894118 0.088604 0.894118 0.072829 0.883977
0 0.070200 0.754395 0.066819 0.738244 0.071702 0.723220 0.082219 0.710825 0.101750 0.705566 0.123535 0.708947 0.137808 0.725849 0.140062 0.746883 0.128794 0.765663 0.116774 0.772423 0.102126 0.775804 0.087477 0.771672 0.075458 0.762658
0 0.418341 0.608160 0.396257 0.602639 0.389631 0.594909 0.383558 0.574481 0.390735 0.552396 0.418894 0.541906 0.442635 0.551292 0.450917 0.567856 0.449812 0.591597 0.436009 0.608712
0 0.495638 0.599879 0.489013 0.584419 0.491221 0.565647 0.505576 0.556261 0.524348 0.555157 0.538704 0.566199 0.540360 0.592149 0.530422 0.604848 0.510545 0.605952
0 0.493453 0.498951 0.493453 0.485569 0.498517 0.468569 0.510815 0.463144 0.533963 0.465314 0.544452 0.482313 0.541558 0.500398 0.532878 0.513057 0.517325 0.512695 0.503219 0.512695
0 0.413158 0.507632 0.398691 0.500398 0.393627 0.485569 0.395074 0.471463 0.404839 0.463505 0.421477 0.460250 0.435583 0.466399 0.440285 0.479058 0.438477 0.494611 0.428349 0.505462
