0 0.813439 0.865572 0.813439 0.848295 0.824331 0.831393 0.842360 0.820876 0.869028 0.826510 0.883301 0.839656 0.887057 0.857309 0.883676 0.877592 0.875038 0.888860 0.850999 0.894118 0.838604 0.894118 0.822829 0.883977
0 0.726300 0.893367 0.711276 0.887733 0.705266 0.878718 0.698881 0.863319 0.697754 0.843788 0.710524 0.824632 0.730056 0.816369 0.748460 0.822378 0.760855 0.830642 0.767991 0.850173 0.769118 0.864446 0.760855 0.877967 0.751089 0.886230 0.736816 0.892616
0 0.723670 0.772048 0.712027 0.766789 0.700383 0.749512 0.699256 0.733736 0.706017 0.713830 0.718412 0.703313 0.742450 0.701810 0.764986 0.712327 0.770620 0.733361 0.770996 0.746883 0.764986 0.759653 0.751840 0.769043 0.735690 0.772799
0 0.820200 0.754395 0.816819 0.738244 0.821702 0.723220 0.832219 0.710825 0.851750 0.705566 0.873535 0.708947 0.887808 0.725849 0.890062 0.746883 0.878794 0.765663 0.866774 0.772423 0.852126 0.775804 0.837477 0.771672 0.825458 0.762658
0 0.253030 0.706870 0.244860 0.700402 0.239413 0.687126 0.240434 0.671126 0.250306 0.658531 0.267667 0.656148 0.284348 0.661594 0.293199 0.677254 0.290475 0.695976 0.280263 0.708231 0.269370 0.710955
0 0.240434 0.620064 0.230903 0.613596 0.224775 0.597256 0.227158 0.580916 0.238392 0.568661 0.255072 0.566959 0.266306 0.572406 0.275497 0.580916 0.276859 0.596575 0.273114 0.608830 0.263583 0.617341 0.249966 0.620064
0 0.247243 0.548577 0.239754 0.544833 0.232264 0.537343 0.228520 0.527131 0.228860 0.511472 0.239073 0.500579 0.251328 0.496494 0.267327 0.497855 0.278220 0.509429 0.281624 0.524067 0.275497 0.538705 0.263242 0.549939
0 0.251328 0.478111 0.237711 0.470622 0.227839 0.454963 0.228179 0.442368 0.233967 0.428071 0.254732 0.418879 0.271752 0.421943 0.282305 0.433177 0.286050 0.452240 0.280944 0.465176 0.270731 0.474367
0 0.261984 0.277741 0.252052 0.277079 0.240135 0.267148 0.237487 0.255230 0.238149 0.239010 0.246425 0.227092 0.263970 0.222458 0.278204 0.224444 0.288467 0.234375 0.292439 0.247285 0.289791 0.262182 0.281846 0.272444
0 0.258673 0.190016 0.244108 0.184388 0.239473 0.173464 0.240135 0.156250 0.246756 0.142015 0.261653 0.138043 0.279198 0.139036 0.291777 0.148967 0.296412 0.167836 0.287474 0.185381 0.274894 0.191671
0 0.017314 0.169764 0.008024 0.160473 0.005490 0.145270 0.010135 0.127111 0.024493 0.118666 0.045186 0.117821 0.054899 0.127534 0.061655 0.144848 0.051520 0.164274 0.033361 0.168919
