0 0.738095 0.881983 0.748397 0.858516 0.773581 0.841918 0.811355 0.858516 0.821658 0.894002 0.808494 0.921474 0.784455 0.935211 0.754121 0.924336 0.735806 0.909455
0 0.661973 0.926625 0.626488 0.935783 0.599588 0.928915 0.583562 0.906021 0.581845 0.881983 0.592147 0.860806 0.617331 0.849359 0.652244 0.857944 0.668269 0.879693
0 0.769574 0.821314 0.749542 0.816735 0.729510 0.799565 0.724359 0.780105 0.728365 0.753777 0.747825 0.737752 0.786172 0.733173 0.810783 0.749199 0.815934 0.785256 0.800481 0.810440
0 0.616186 0.709135 0.594437 0.703411 0.576122 0.689103 0.566964 0.667926 0.570398 0.642743 0.581845 0.625572 0.610462 0.620994 0.636790 0.630723 0.649954 0.662202 0.644803 0.689103 0.630495 0.700549
0 0.768429 0.708562 0.736378 0.703984 0.719208 0.678800 0.714629 0.660485 0.725504 0.628434 0.751259 0.614698 0.783883 0.620994 0.805632 0.633585 0.808494 0.670215 0.787889 0.707990
0 0.596013 0.474956 0.624489 0.466925 0.649314 0.486638 0.658075 0.503432 0.650774 0.541399 0.606235 0.559652 0.579220 0.537018 0.571919 0.517304
0 0.621945 0.442458 0.602414 0.442959 0.579878 0.428936 0.570863 0.403896 0.576372 0.385367 0.586889 0.368840 0.609926 0.358824 0.641476 0.366837 0.655499 0.392879 0.648488 0.424429
0 0.611929 0.336789 0.590395 0.332282 0.575371 0.322266 0.564854 0.301733 0.570863 0.278195 0.586388 0.258664 0.614934 0.252654 0.633964 0.261669 0.645483 0.286208 0.644982 0.309746 0.634465 0.326773
0 0.803736 0.321765 0.782702 0.329778 0.762169 0.324269 0.740134 0.300731 0.746645 0.265174 0.765675 0.253656 0.798227 0.249149 0.811749 0.266677 0.822266 0.301733
0 0.799730 0.431440 0.770683 0.428936 0.752654 0.413912 0.743640 0.394381 0.748648 0.376853 0.761168 0.360327 0.791717 0.351312 0.821264 0.372346 0.825771 0.398888 0.815755 0.424429
0 0.796224 0.543119 0.767177 0.535607 0.750150 0.514573 0.746645 0.490535 0.758163 0.465996 0.793720 0.454978 0.815254 0.465495 0.828776 0.496044 0.815254 0.524589
0 0.961023 0.783826 0.935697 0.782109 0.919385 0.763221 0.915093 0.744763 0.919815 0.721154 0.942565 0.708705 0.967462 0.709564 0.985920 0.720295 0.991930 0.744334 0.984633 0.762363
0 0.961023 0.682950 0.944282 0.683808 0.925395 0.679945 0.915093 0.667067 0.911659 0.652473 0.915951 0.632297 0.927970 0.615127 0.953297 0.604396 0.980769 0.611264 0.988496 0.638307 0.987637 0.662775 0.973043 0.681662
