0 0.867678 0.630510 0.839749 0.620697 0.820879 0.594278 0.821633 0.570879 0.844278 0.542950 0.882775 0.536156 0.906929 0.562575 0.908439 0.600317
0 0.377987 0.082031 0.353860 0.079159 0.340648 0.061351 0.337201 0.042969 0.339499 0.021714 0.361903 0.005055 0.396944 0.010800 0.411305 0.029182 0.410156 0.062500 0.386604 0.078585
0 0.394646 0.177964 0.361328 0.171071 0.337201 0.149242 0.336052 0.122243 0.366498 0.100414 0.403263 0.105009 0.419922 0.129136 0.407858 0.163603
0 0.390051 0.272174 0.364200 0.265280 0.345818 0.242877 0.347541 0.215878 0.365924 0.198644 0.397518 0.195772 0.422220 0.218176 0.422794 0.255515
0 0.543289 0.162654 0.527408 0.167264 0.498719 0.160092 0.492059 0.146260 0.491547 0.124232 0.507941 0.108863 0.532531 0.105789 0.550461 0.129355 0.551486 0.153432
0 0.534068 0.251793 0.512039 0.246670 0.498719 0.229764 0.497695 0.210297 0.510502 0.193391 0.533555 0.185707 0.554047 0.200051 0.560707 0.225154 0.548924 0.246158
0 0.601691 0.224129 0.576588 0.211834 0.571465 0.193904 0.575051 0.174949 0.591957 0.163166 0.616547 0.163166 0.632941 0.176998 0.639088 0.196465 0.627818 0.217469
0 0.602715 0.144723 0.587346 0.142162 0.571977 0.129355 0.565318 0.112449 0.573514 0.092982 0.588371 0.079150 0.619621 0.083248 0.630891 0.100666 0.626281 0.129867
0 0.698002 0.198514 0.680072 0.195441 0.667777 0.179047 0.670338 0.157531 0.688781 0.149334 0.711322 0.150871 0.721055 0.179047 0.712346 0.193904
0 0.685707 0.137551 0.666240 0.134990 0.648309 0.123719 0.649334 0.105789 0.660605 0.084273 0.690318 0.084785 0.705686 0.106814 0.690830 0.136527
