0 0.154773 0.799829 0.165656 0.856576 0.142335 0.894667 0.097248 0.907105 0.053716 0.886894 0.042055 0.843361 0.057603 0.791278 0.139226 0.774953
0 0.070335 0.621758 0.077990 0.647424 0.074388 0.678494 0.052774 0.687950 0.019002 0.683898 0.005494 0.665886 0.003242 0.640220 0.017201 0.616805 0.041066 0.608700
0 0.144633 0.524496 0.143732 0.549712 0.124820 0.574027 0.093300 0.578530 0.070335 0.566372 0.056376 0.547911 0.057727 0.518642 0.070785 0.494777 0.114463 0.488473 0.135627 0.498829
0 0.165796 0.642471 0.173451 0.664986 0.169398 0.684348 0.153188 0.697857 0.133826 0.700108 0.113112 0.693804 0.096902 0.675342 0.101405 0.643822 0.130223 0.625360
0 0.254953 0.521344 0.258105 0.563220 0.241895 0.580782 0.219831 0.592939 0.184708 0.585735 0.166697 0.558718 0.170299 0.528548 0.193264 0.506484 0.230638 0.502882
0 0.255854 0.649676 0.264860 0.669939 0.265310 0.695155 0.245047 0.711365 0.223433 0.710465 0.211275 0.707763 0.193714 0.688851 0.192363 0.659132 0.215778 0.639319 0.248649 0.636167
0 0.381034 0.520443 0.381934 0.548361 0.361221 0.573577 0.336455 0.576729 0.301783 0.567723 0.295029 0.545659 0.293678 0.515040 0.317994 0.498379 0.349063 0.490724 0.370227 0.505133
0 0.363022 0.639319 0.367525 0.664535 0.361221 0.691553 0.329251 0.693804 0.303134 0.685249 0.295029 0.669488 0.298631 0.643372 0.324298 0.622659 0.355367 0.628512
0 0.478296 0.544308 0.476045 0.573127 0.448577 0.583033 0.428314 0.581232 0.410303 0.565922 0.405349 0.537554 0.420209 0.515940 0.450829 0.511437 0.471542 0.529449
0 0.469290 0.659132 0.457583 0.693354 0.435068 0.710465 0.405800 0.707763 0.388238 0.692903 0.389139 0.660933 0.401747 0.642471 0.422010 0.633015 0.446776 0.634816
0 0.538184 0.676243 0.536834 0.699658 0.523325 0.710014 0.493156 0.710915 0.482799 0.694705 0.478296 0.670389 0.500811 0.654179 0.525576 0.651927
0 0.610231 0.682547 0.610681 0.711816 0.583213 0.722622 0.563401 0.716769 0.556196 0.699207 0.555295 0.675793 0.567903 0.662734 0.592669 0.660032
0 0.557097 0.560969 0.556646 0.586635 0.518822 0.591589 0.495857 0.574027 0.499910 0.545659 0.526927 0.529449 0.549442 0.536653
0 0.632295 0.570875 0.614283 0.597442 0.585915 0.601495 0.569705 0.584834 0.570605 0.566372 0.579161 0.543408 0.603476 0.539805 0.623739 0.552864
0 0.115889 0.353713 0.112909 0.384792 0.090344 0.405228 0.043937 0.405654 0.024779 0.390327 0.022224 0.357119 0.034145 0.326890 0.064373 0.314118 0.087790 0.316672
0 0.176771 0.301345 0.147394 0.301771 0.118018 0.286018 0.111206 0.254939 0.120998 0.222156 0.149097 0.213215 0.181454 0.214067 0.196356 0.243018 0.199762 0.266860 0.192950 0.288147
0 0.212960 0.375851 0.200613 0.405654 0.172514 0.415446 0.146969 0.408634 0.134196 0.384792 0.143563 0.346475 0.168256 0.337960 0.194227 0.339237
0 0.407527 0.389475 0.390072 0.412040 0.354734 0.405654 0.333021 0.391604 0.333021 0.363505 0.350903 0.335831 0.388369 0.338386 0.407953 0.363079
0 0.401567 0.304326 0.368784 0.298365 0.350051 0.275800 0.346645 0.245998 0.364527 0.221730 0.397735 0.220027 0.419874 0.244721 0.421577 0.271117 0.410933 0.291127
0 0.476253 0.347927 0.498685 0.367652 0.497138 0.406714 0.478574 0.416770 0.447633 0.422571 0.433710 0.409808 0.424814 0.391244 0.424814 0.368425 0.448020 0.351021
0 0.512222 0.256265 0.514929 0.278697 0.500619 0.301903 0.473546 0.307704 0.449567 0.296101 0.439898 0.277537 0.441058 0.252785 0.462717 0.233447 0.490950 0.229579
0 0.590733 0.265548 0.590733 0.299582 0.566368 0.312345 0.546256 0.305770 0.534653 0.286046 0.535040 0.260520 0.559793 0.248530
0 0.662283 0.286433 0.657642 0.309251 0.630956 0.322788 0.612005 0.311185 0.604270 0.289140 0.611231 0.265161 0.628636 0.258586 0.658029 0.265548
0 0.580291 0.387763 0.574876 0.416383 0.542775 0.427212 0.519570 0.414062 0.519570 0.390084 0.526918 0.371519 0.556699 0.361463
0 0.632503 0.433014 0.611231 0.433014 0.597308 0.421024 0.589573 0.395498 0.610071 0.373066 0.638691 0.377707 0.648360 0.397045 0.646813 0.415996
