0 0.03534226190476191 0.732514880952381 0.04104662698412697 0.724826388888889 0.05220734126984128 0.7258184523809524 0.05741567460317461 0.7379712301587302 0.04972718253968254 0.7456597222222223 0.03658234126984128 0.7444196428571429
0 0.05989583333333332 0.7320188492063492 0.0665922619047619 0.7243303571428572 0.07948908730158731 0.7270585317460319 0.08097718253968254 0.7414434523809524 0.07105654761904763 0.7476438492063492 0.06386408730158731 0.744171626984127
0 0.10230654761904763 0.7369791666666666 0.11321924603174603 0.7295386904761906 0.12487599206349206 0.7344990079365079 0.12413194444444443 0.7493799603174603 0.11148313492063494 0.7513640873015873 0.10453869047619048 0.7471478174603174
0 0.0747901678657075 0.7066846522781776 0.08228417266187057 0.6982913669064749 0.09292565947242211 0.6985911270983214 0.0972721822541967 0.7083333333333334 0.09352517985611516 0.7171762589928058 0.0833333333333334 0.7189748201438849 0.07613908872901685 0.7141786570743406
0 0.03582134292565953 0.6967925659472423 0.04436450839328544 0.6898980815347723 0.0577038369304557 0.6934952038369305 0.05755395683453243 0.7092326139088729 0.04706235011990414 0.7137290167865707 0.0367206235011991 0.7108812949640289
0 0.15958605664488018 0.7450980392156863 0.16680283224400871 0.73869825708061 0.17946623093681915 0.7414215686274509 0.18069172113289758 0.7553104575163399 0.16843681917211328 0.7618464052287582 0.15972222222222224 0.7563997821350763
0 0.2034313725490196 0.7440087145969498 0.21473311546840956 0.7378812636165577 0.22399237472766884 0.7436002178649237 0.22480936819172115 0.7544934640522876 0.21377995642701525 0.7621187363834422 0.204656862745098 0.7572167755991285
0 0.20356753812636166 0.7039760348583878 0.21092047930283225 0.6973039215686274 0.2218137254901961 0.6983932461873639 0.22521786492374726 0.7066993464052287 0.2212690631808279 0.7171840958605664 0.20452069716775598 0.716230936819172
0 0.16026688453159038 0.7043845315904139 0.16789215686274508 0.6968954248366013 0.18137254901960784 0.7001633986928104 0.18205337690631807 0.7116013071895424 0.17429193899782136 0.7178649237472766 0.1625816993464052 0.7150054466230937
0 0.1825057077625571 0.656107305936073 0.19106735159817353 0.6476883561643836 0.2031963470319635 0.651541095890411 0.20333904109589043 0.663670091324201 0.19149543378995432 0.6696632420091324 0.18407534246575344 0.6639554794520548
0 0.21018835616438356 0.651255707762557 0.21889269406392695 0.6465468036529681 0.23016552511415525 0.6519691780821918 0.23087899543378995 0.663384703196347 0.21932077625570776 0.6696632420091324 0.20947488584474888 0.663527397260274
0 0.20833333333333343 0.5842391304347826 0.21811594202898557 0.5789855072463768 0.2291666666666667 0.5838768115942029 0.22952898550724646 0.5954710144927536 0.21576086956521745 0.5992753623188405 0.20887681159420296 0.5967391304347825
0 0.18079710144927547 0.5855072463768116 0.18840579710144936 0.5807971014492753 0.1967391304347827 0.5833333333333334 0.19800724637681166 0.5927536231884057 0.18876811594202905 0.5978260869565216 0.1820652173913044 0.5956521739130435
0 0.15289855072463776 0.5510869565217391 0.15960144927536238 0.5445652173913044 0.16974637681159427 0.5469202898550724 0.16992753623188417 0.5572463768115942 0.1592391304347827 0.5614130434782608
0 0.1507246376811595 0.5192028985507245 0.156340579710145 0.5139492753623188 0.1668478260869566 0.5181159420289855 0.16630434782608702 0.5273550724637681 0.15525362318840588 0.5322463768115941 0.1498188405797102 0.5280797101449275
0 0.20612980769230765 0.462139423076923 0.21193910256410256 0.45673076923076916 0.22415865384615385 0.4583333333333333 0.2253605769230769 0.469951923076923 0.21454326923076925 0.4759615384615384 0.20612980769230765 0.4715544871794871
0 0.18529647435897434 0.46394230769230765 0.19431089743589744 0.4619391025641025 0.19931891025641024 0.4671474358974358 0.19731570512820512 0.4735576923076923 0.1877003205128205 0.47475961538461536 0.18469551282051283 0.47015224358974356
0 0.15204326923076922 0.4661458333333333 0.16005608974358976 0.46073717948717946 0.16826923076923078 0.4659455128205128 0.1672676282051282 0.4735576923076923 0.15785256410256412 0.4765625 0.15284455128205127 0.47235576923076916
0 0.20933493589743588 0.43269230769230765 0.21895032051282054 0.4290865384615384 0.22516025641025644 0.4364983974358974 0.21955128205128205 0.44571314102564097 0.20753205128205127 0.44190705128205127
0 0.2079326923076923 0.3974358974358974 0.21614583333333334 0.39262820512820507 0.22395833333333334 0.3960336538461538 0.22275641025641021 0.407451923076923 0.21033653846153846 0.40765224358974356 0.2077323717948718 0.4036458333333333
0 0.18349358974358976 0.40044070512820507 0.18749999999999997 0.39503205128205127 0.19591346153846154 0.39703525641025633 0.19771634615384615 0.4052483974358974 0.1887019230769231 0.4084535256410256 0.18469551282051283 0.40544871794871795
0 0.15104166666666663 0.43609775641025633 0.16065705128205127 0.4292868589743589 0.1700721153846154 0.4348958333333333 0.16546474358974358 0.4459134615384615 0.15544871794871792 0.44731570512820507
0 0.14463141025641024 0.39403044871794873 0.1544471153846154 0.38641826923076916 0.16686698717948717 0.39302884615384615 0.16546474358974358 0.4068509615384615 0.15204326923076922 0.4088541666666667 0.14483173076923078 0.4010416666666667
0 0.20472756410256412 0.3687900641025641 0.2111378205128205 0.36137820512820507 0.22335737179487183 0.36578525641025633 0.22335737179487183 0.37700320512820507 0.21093749999999997 0.3804086538461538 0.20592948717948717 0.37540064102564097
0 0.1766826923076923 0.37119391025641024 0.18329326923076922 0.3631810897435897 0.1965144230769231 0.36598557692307687 0.1985176282051282 0.3792067307692308 0.18569711538461536 0.38521634615384615 0.17688301282051283 0.38141025641025633
0 0.1436298076923077 0.3699919871794871 0.1514423076923077 0.36117788461538464 0.16346153846153852 0.3621794871794871 0.16666666666666669 0.37740384615384615 0.1492387820512821 0.38201121794871795
0 0.20713141025641024 0.33253205128205127 0.21193910256410256 0.32732371794871795 0.22235576923076925 0.3287259615384615 0.2231570512820513 0.3395432692307692 0.21254006410256412 0.3431490384615384 0.20753205128205127 0.3401442307692308
0 0.20673076923076922 0.3026842948717948 0.21193910256410256 0.296875 0.2215544871794872 0.29707532051282054 0.22235576923076925 0.3082932692307692 0.21233974358974358 0.3125 0.2077323717948718 0.3088942307692308
0 0.17528044871794873 0.30288461538461536 0.180088141025641 0.2948717948717948 0.19391025641025642 0.2958733974358974 0.19771634615384615 0.30709134615384615 0.18569711538461536 0.3157051282051282 0.17608173076923078 0.3108974358974359
0 0.14603365384615385 0.30348557692307687 0.15064102564102563 0.29767628205128205 0.16185897435897434 0.29827724358974356 0.16466346153846154 0.3102964743589743 0.15224358974358976 0.31390224358974356 0.14643429487179488 0.31009615384615385
0 0.11906067251461995 0.2155519005847954 0.12271564327485389 0.2127192982456141 0.12774122807017552 0.21418128654970767 0.1267361111111112 0.2206688596491229 0.11960891812865503 0.22012061403508776
0 0.11906067251461995 0.2050438596491229 0.12280701754385973 0.20266812865497083 0.12746710526315794 0.20476973684210534 0.12591374269005853 0.21089181286549713 0.11970029239766088 0.20961257309941525
0 0.34815705128205127 0.7518028846153846 0.35296474358974356 0.7483974358974358 0.35917467948717946 0.751201923076923 0.35917467948717946 0.7578124999999999 0.35036057692307687 0.759014423076923
0 0.37540064102564097 0.7317708333333333 0.3802083333333333 0.7253605769230769 0.3932291666666667 0.7251602564102564 0.39723557692307687 0.7359775641025641 0.3886217948717948 0.7447916666666665 0.3760016025641025 0.7413862179487178
0 0.41606570512820507 0.7463942307692307 0.421875 0.7397836538461537 0.43269230769230765 0.7411858974358975 0.4370993589743589 0.751201923076923 0.4290865384615384 0.7610176282051282 0.41606570512820507 0.7574118589743589
0 0.4425080128205128 0.7463942307692307 0.4459134615384615 0.7407852564102564 0.4587339743589743 0.7401842948717948 0.4635416666666667 0.7536057692307692 0.4503205128205128 0.7610176282051282 0.4433092948717948 0.7544070512820512
0 0.43309294871794873 0.7157451923076923 0.4385016025641025 0.7095352564102564 0.44671474358974356 0.7103365384615384 0.45232371794871784 0.7173477564102564 0.44931891025641024 0.7271634615384616 0.43669871794871795 0.7283653846153846 0.4328926282051282 0.7235576923076923
0 0.46694711538461536 0.7375801282051282 0.4739583333333333 0.7319711538461537 0.4809695512820512 0.7341746794871795 0.48317307692307687 0.742988782051282 0.4741586538461538 0.7493990384615384 0.46694711538461536 0.7455929487179487
0 0.46694711538461536 0.7145432692307692 0.4715544871794871 0.7081330128205128 0.48116987179487175 0.7097355769230769 0.4823717948717948 0.719150641025641 0.47576121794871784 0.7247596153846154 0.4683493589743589 0.719951923076923
0 0.4667467948717948 0.727363782051282 0.47015224358974356 0.7245592948717948 0.4749599358974358 0.7275641025641025 0.4719551282051282 0.7319711538461537 0.4677483974358974 0.7309695512820512
0 0.45705734966592426 0.7267770972531552 0.45919172234595396 0.7245499257609502 0.46285727542687455 0.7251531180400891 0.46448125463994067 0.727612286562732 0.4619756867112101 0.7315098366740905 0.45770694135115075 0.7303034521158128
0 0.4539485894580549 0.7185180029695619 0.4561293615441722 0.7163372308834447 0.4595165181885672 0.7175900148478099 0.460119710467706 0.7213019673348181 0.45631495916852266 0.7230187453600594 0.4539485894580549 0.7211163697104677
0 0.3579705056179775 0.594627808988764 0.3627691947565542 0.5898291198501873 0.37143024344569286 0.5919358614232209 0.3734199438202247 0.5997776217228463 0.364875936329588 0.6050444756554306 0.3577364232209737 0.6004798689138576
0 0.3385416666666667 0.5957982209737827 0.3432233146067415 0.5897120786516854 0.352001404494382 0.5911165730337079 0.3555126404494382 0.599192415730337 0.34743679775280895 0.6050444756554306 0.33994616104868913 0.6031718164794007
0 0.3006203183520599 0.5966175093632958 0.3048338014981274 0.5911165730337079 0.31489934456928836 0.5922869850187266 0.31759129213483145 0.5994264981273408 0.30986657303370785 0.6060978464419475 0.3037804307116104 0.6060978464419475
0 0.28247893258426976 0.5891268726591761 0.2878628277153558 0.5839770599250936 0.29453417602996257 0.5843281835205992 0.29757724719101125 0.5932233146067416 0.28856507490636707 0.5980220037453183 0.28388342696629215 0.5947448501872659
0 0.26024110486891383 0.5872542134831461 0.26375234082397003 0.5823384831460674 0.2735838014981274 0.5824555243445693 0.2763927902621722 0.5901802434456929 0.2691362359550562 0.5976708801498127 0.26117743445692887 0.5952130149812733
0 0.3582045880149812 0.575316011235955 0.363003277153558 0.5704002808988763 0.37271769662921345 0.5720388576779026 0.3730688202247191 0.5816362359550561 0.36499297752808985 0.5852645131086143 0.35925795880149813 0.5825725655430711
0 0.3388927902621722 0.5755500936329588 0.3442766853932584 0.5700491573033708 0.35387406367041196 0.5714536516853932 0.3542251872659176 0.5810510299625468 0.3468515917602996 0.585381554307116 0.3405313670411985 0.5829236891385767
0 0.3195809925093633 0.5787102059925093 0.32367743445692887 0.5733263108614232 0.33350889513108617 0.573443352059925 0.33631788389513106 0.5816362359550561 0.3291783707865168 0.5883075842696629 0.32086844569288386 0.5847963483146067
0 0.3020248127340824 0.5784761235955056 0.30635533707865165 0.5742626404494382 0.31396301498127344 0.5744967228464419 0.31677200374531833 0.5811680711610486 0.3108029026217229 0.5866690074906367 0.3031952247191011 0.5846793071161048
0 0.2607092696629213 0.5693469101123595 0.2639864232209737 0.5645482209737827 0.2742860486891386 0.5653675093632958 0.27475421348314605 0.5748478464419475 0.2670294943820225 0.5780079588014981 0.26129447565543074 0.575316011235955
0 0.2829470973782771 0.5702832397003745 0.28879915730337075 0.5670060861423221 0.29640683520599254 0.5689957865168539 0.29699204119850187 0.5773057116104868 0.2900866104868913 0.5811680711610486 0.28283005617977525 0.5780079588014981
0 0.2603581460674157 0.5521418539325843 0.26527387640449435 0.5482794943820224 0.2735838014981274 0.549566947565543 0.27370084269662925 0.558696161048689 0.2666783707865168 0.5616221910112359 0.2605922284644195 0.558813202247191
0 0.25988998127340823 0.5375117041198502 0.26328417602996257 0.533064138576779 0.2707748127340824 0.5322448501872659 0.27510533707865165 0.5384480337078652 0.27147705992509363 0.54500234082397 0.2621137640449438 0.5438319288389513
0 0.28271301498127344 0.5548338014981272 0.28739466292134824 0.5508544007490637 0.29640683520599254 0.5519077715355805 0.2966409176029962 0.5603347378277154 0.2889161985018726 0.5645482209737827 0.28364934456928836 0.5613881086142322
0 0.302375936329588 0.558813202247191 0.30518492509363293 0.5544826779026217 0.31408005617977525 0.5551849250936329 0.3154845505617977 0.5619733146067415 0.31232443820224715 0.5667720037453183 0.3037804307116104 0.5653675093632958
0 0.30143960674157305 0.5383309925093633 0.3055360486891386 0.5361072097378277 0.3131437265917603 0.5370435393258427 0.31513342696629215 0.5446512172284644 0.3095154494382023 0.5488647003745317 0.3019077715355805 0.5472261235955056
0 0.31969803370786515 0.558696161048689 0.32379447565543074 0.5534293071161048 0.33432818352059923 0.5544826779026217 0.3366690074906367 0.5626755617977527 0.3292954119850187 0.5678253745318351 0.32086844569288386 0.5656015917602996
0 0.339126872659176 0.5561212546816479 0.3431062734082397 0.5508544007490637 0.35293773408239704 0.5507373595505618 0.35516151685393255 0.5601006554307115 0.3473197565543071 0.5659527153558052 0.34018024344569286 0.5631437265917603
0 0.3387757490636705 0.5335323033707865 0.34497893258426965 0.5303721910112359 0.3530547752808988 0.5328300561797752 0.3552785580524344 0.5406718164794007 0.3467345505617977 0.5454705056179775 0.3395950374531835 0.5424274344569288
0 0.3580875468164794 0.5537804307116104 0.3656952247191011 0.549566947565543 0.3730688202247191 0.5528441011235954 0.3733029026217228 0.5617392322097378 0.3640566479400748 0.5651334269662921 0.35785346441947563 0.5608029026217228
0 0.3594920411985018 0.5327130149812733 0.3656952247191011 0.5299040262172284 0.3734199438202247 0.5331811797752809 0.37388810861423216 0.5418422284644194 0.36534410112359544 0.5454705056179775 0.35867275280898875 0.542193352059925 0.3583216292134831 0.5365753745318351
0 0.3783356741573034 0.5540145131086143 0.383251404494382 0.5512055243445693 0.3903909176029962 0.5517907303370786 0.39261470037453183 0.5589302434456929 0.38524110486891383 0.5634948501872659 0.37880383895131087 0.5609199438202247
0 0.39905196629213485 0.5554190074906367 0.40279728464419473 0.551439606741573 0.4120435393258427 0.5521418539325843 0.41344803370786515 0.5610369850187266 0.401626872659176 0.5630266853932584
0 0.42620552434456926 0.5582279962546816 0.4312382958801498 0.5531952247191011 0.43989934456928836 0.5534293071161048 0.44200608614232206 0.5632607677902621 0.4326427902621722 0.5675912921348314 0.42632256554307113 0.5626755617977527
0 0.4183637640449438 0.54500234082397 0.4232794943820224 0.5420763108614232 0.4284293071161049 0.5439489700374531 0.4294826779026217 0.5496839887640449 0.4232794943820224 0.5520248127340824 0.41883192883895126 0.5493328651685393
0 0.47749330655957173 0.5765562248995985 0.48050535475234274 0.5742135207496654 0.4852744310575636 0.5757195448460509 0.48460508701472566 0.5799029451137886 0.47933400267737625 0.5809069611780455 0.47807898259705495 0.5793172690763053
0 0.4774096385542169 0.5840863453815262 0.47941767068273095 0.5819946452476573 0.4830990629183401 0.5814926372155288 0.48493975903614467 0.5856760374832665 0.4808400267737618 0.5874330655957163 0.47832998661311926 0.5864290495314592
0 0.47824631860776445 0.5901941097724231 0.4795850066934405 0.5884370816599733 0.48226238286479256 0.5877677376171352 0.48460508701472566 0.5899431057563589 0.48284805890227583 0.5932061579651942 0.47933400267737625 0.5928714859437751
0 0.3084546925566343 0.46318770226537215 0.31330906148867316 0.4575242718446602 0.3238268608414239 0.45894012944983825 0.32625404530744334 0.4698624595469255 0.31351132686084143 0.4739077669902912
0 0.2872168284789644 0.4605582524271845 0.2922734627831715 0.45711974110032355 0.30461165048543687 0.45732200647249194 0.3050161812297734 0.4714805825242718 0.2884304207119741 0.47208737864077666
0 0.270155325443787 0.4562993096646943 0.2760724852071006 0.4512450690335305 0.2845784023668639 0.45420364891518733 0.2845784023668639 0.4628328402366863 0.27471646942800787 0.46492850098619326
0 0.2514176528599606 0.45420364891518733 0.2618959566074951 0.45001232741617364 0.2680596646942801 0.45691568047337283 0.26423816568047337 0.46455867850098626 0.25388313609467456 0.46344921104536485
0 0.2888929980276134 0.43978057199211057 0.29912475345167655 0.4362056213017752 0.30553500986193294 0.4427391518737672 0.3004807692307692 0.45223126232741623 0.2904955621301775 0.4492726824457594
0 0.2551724137931035 0.4155172413793104 0.2637931034482759 0.4073275862068966 0.27614942528735636 0.41005747126436787 0.2739942528735632 0.42428160919540236 0.25876436781609197 0.42370689655172417
0 0.3445402298850575 0.43362068965517236 0.3514367816091954 0.42614942528735633 0.36206896551724144 0.42801724137931035 0.36364942528735633 0.44008620689655176 0.35287356321839086 0.4455459770114943 0.3456896551724138 0.4397988505747126
0 0.2861597664543524 0.412354033970276 0.29571390658174096 0.40625 0.30354299363057324 0.4115578556263269 0.30195063694267515 0.42230626326963905 0.2890790870488323 0.4217754777070063
0 0.3521452145214522 0.4090346534653466 0.3552805280528053 0.4061881188118812 0.3603547854785479 0.4061881188118812 0.3622112211221122 0.41060231023102306 0.35816831683168315 0.4152227722772277 0.3529290429042904 0.41365511551155115
0 0.3739472517730496 0.3827016843971631 0.3833665780141843 0.37749335106382975 0.3906804078014184 0.38214760638297873 0.3897938829787233 0.3917885638297873 0.37804742907801414 0.39300753546099293 0.37627437943262404 0.389239804964539
0 0.39123448581560283 0.3923426418439716 0.3958887411347517 0.3885749113475177 0.4018727836879432 0.3924534574468085 0.40043218085106375 0.39865913120567376 0.3944481382978723 0.39888076241134746
0 0.40397828014184395 0.39145611702127653 0.4098515070921986 0.3886857269503546 0.41450576241134746 0.392896719858156 0.4110704787234042 0.39888076241134746 0.4049756205673759 0.3981050531914893
0 0.4000455373406193 0.4136498178506376 0.40380236794171226 0.4101206739526412 0.4084130236794171 0.4114298724954463 0.4094376138433516 0.41843123861566484 0.401582422586521 0.41917122040072863
0 0.39998891843971623 0.43179299645390073 0.4027593085106383 0.4283577127659575 0.4097406914893617 0.42891179078014185 0.40918661347517726 0.4363364361702128 0.4016511524822695 0.4371121453900709
0 0.34404342723004694 0.35123239436619724 0.3503521126760563 0.346830985915493 0.35900821596244137 0.34932511737089206 0.36032863849765256 0.3588615023474179 0.35049882629107987 0.3625293427230047 0.3433098591549296 0.3587147887323944
0 0.3855633802816901 0.3522593896713615 0.3973004694835681 0.34727112676056343 0.4040492957746479 0.35519366197183105 0.3964201877934273 0.36414319248826293 0.3884976525821597 0.36164906103286387
0 0.42694413511507057 0.42675853749072007 0.42921770601336307 0.4230929844097995 0.4353424276169265 0.42253619153674826 0.4374304008908686 0.42615534521158127 0.4358528210838901 0.431444877505568 0.42903210838901257 0.4317696733481811
0 0.4386831848552339 0.42819691907943586 0.4409567557535264 0.4252737564959168 0.44527190051967336 0.425366555308092 0.4470350779510022 0.4300064959168523 0.4425807349665924 0.43274406087602085 0.4396575723830735 0.4311664810690423
0 0.4808910472972973 0.4615357545045045 0.48321368243243246 0.45766469594594594 0.4890554617117117 0.4575943130630631 0.48961852477477485 0.46350647522522526 0.48363597972972977 0.46582911036036034
0 0.5008094031531531 0.4571720157657658 0.5040470157657658 0.45428631756756754 0.5084811373873874 0.45520129504504503 0.5080588400900901 0.4609726914414415 0.5022874436936937 0.4613949887387387
0 0.5123521959459459 0.45639780405405406 0.5169270833333334 0.4537936373873874 0.5217131193693694 0.4567497184684685 0.5203758445945946 0.46238034909909914 0.5141117680180181 0.46230996621621623
0 0.5058065878378378 0.4645622184684685 0.5108741554054054 0.4613949887387387 0.5141117680180181 0.4647029842342342 0.5114372184684685 0.4685740427927928 0.507495777027027 0.4687851914414415
0 0.5409276463963965 0.4574535472972973 0.5438837274774775 0.45393440315315314 0.549584740990991 0.45499014639639646 0.5496551238738738 0.461254222972973 0.5431798986486487 0.46287302927927926
0 0.1750000000000001 0.3315217391304348 0.18478260869565225 0.3240942028985508 0.19601449275362326 0.3271739130434783 0.19746376811594207 0.3405797101449276 0.1820652173913044 0.34619565217391307 0.17608695652173922 0.3414855072463769
0 0.14293478260869572 0.33260869565217394 0.15199275362318848 0.32500000000000007 0.1655797101449276 0.32826086956521744 0.16702898550724646 0.3393115942028986 0.15543478260869573 0.34637681159420297 0.14637681159420296 0.345108695652174
0 0.7942708333333334 0.6317545572916666 0.7996419270833334 0.6293131510416666 0.8059895833333334 0.631591796875 0.80810546875 0.637451171875 0.8042805989583334 0.6435546875 0.7959798177083334 0.6442057291666666 0.7923990885416666 0.6383463541666666
0 0.7882495590828924 0.6123787477954145 0.7903990299823633 0.611166225749559 0.7933201058201057 0.6124338624338624 0.7933752204585538 0.6159611992945326 0.7904541446208112 0.6171737213403881 0.7883597883597883 0.6154100529100529
0 0.7358710106382979 0.5929188829787234 0.7389738475177304 0.5893727836879432 0.7468417553191489 0.5902593085106383 0.7480607269503546 0.5980164007092198 0.7418550531914894 0.6021165780141844 0.7354277482269503 0.5991245567375886
0 0.7218625498007969 0.5846613545816733 0.7270086321381142 0.5812583001328021 0.7327357237715804 0.5827523240371846 0.7343127490039841 0.5886454183266933 0.7309926958831341 0.5937915006640107 0.7240205843293493 0.5920484727755645
0 0.679928861788618 0.5838922764227643 0.6833841463414636 0.5803353658536586 0.6895833333333333 0.5814532520325203 0.6903963414634147 0.5866361788617886 0.6847052845528456 0.5905995934959349 0.6804369918699187 0.58744918699187
0 0.6349431818181818 0.5246527777777779 0.6365214646464646 0.5202967171717172 0.6415719696969697 0.5185921717171716 0.6461174242424242 0.5211174242424242 0.647253787878788 0.5272411616161616 0.6420138888888889 0.5305239898989899 0.6362058080808081 0.5291351010101011
0 0.9260149572649573 0.6235754985754987 0.9295762108262108 0.6209935897435898 0.9347400284900285 0.6215277777777778 0.9358974358974359 0.6274038461538463 0.9321581196581197 0.6305199430199431 0.92752849002849 0.6290954415954417
0 0.9261039886039887 0.6108440170940171 0.9293091168091169 0.6091524216524218 0.9333155270655271 0.6111111111111112 0.9326032763532763 0.6150284900284901 0.9290420227920227 0.6166310541310541 0.926460113960114 0.6147613960113961
0 0.7555367867867867 0.3552927927927928 0.7613551051051051 0.35322822822822825 0.7673611111111112 0.3560435435435436 0.7671734234234234 0.3634572072072072 0.7615427927927928 0.3663663663663664 0.7546921921921922 0.3637387387387388
0 0.7713025525525525 0.35838963963963966 0.7742117117117117 0.3540728228228229 0.7821884384384384 0.35435435435435436 0.7833145645645646 0.3627064564564565 0.7767454954954954 0.3668355855855856 0.7717717717717718 0.3635510510510511
0 0.7928828257191202 0.35834390862944165 0.7955266497461928 0.354325296108291 0.8018718274111675 0.3551713197969544 0.8041983925549915 0.3616222504230119 0.7979589678510999 0.36627538071065996 0.7937288494077833 0.36342005076142136
0 0.7706747038917089 0.3424809644670051 0.7743760575296108 0.3384623519458545 0.7805097292724197 0.3384623519458545 0.783576565143824 0.3443845177664975 0.7800867174280879 0.35009517766497467 0.7722609983079526 0.35009517766497467
0 0.7918252961082911 0.3418464467005076 0.7957381556683586 0.33814509306260576 0.8028236040609137 0.3385681049069374 0.8046214043993232 0.34554780033840954 0.7997567681895094 0.35030668358714045 0.7920368020304569 0.3486146362098139
0 0.8091687817258882 0.3426924703891709 0.8128701353637902 0.3379335871404399 0.8200613367174281 0.337827834179357 0.82376269035533 0.34639382402707275 0.816571489001692 0.3516814720812183 0.8102263113367173 0.3480858714043993
0 0.8121298646362098 0.31234137055837563 0.8153024534686971 0.3067364636209814 0.8246087140439933 0.30737098138747887 0.8253489847715737 0.31836928934010156 0.8184750423011844 0.32080160744500846 0.8128701353637902 0.31741751269035534
0 0.7939403553299491 0.3131873942470389 0.7966899323181048 0.307265228426396 0.8055731810490694 0.30789974619289345 0.8069479695431472 0.31604272419627755 0.8007085448392554 0.32016708967851104 0.7949978849407784 0.31731175972927245
0 0.7708862098138748 0.3118126057529611 0.7744818104906936 0.30789974619289345 0.7818845177664975 0.30821700507614214 0.7832593062605752 0.31572546531302875 0.777760152284264 0.32037859560067683 0.7721552453468697 0.31794627749576987
0 0.7550232656514382 0.29415186125211507 0.7577728426395939 0.2899217428087987 0.7646467851099831 0.28960448392554994 0.7684538917089678 0.29764170896785114 0.7603109137055838 0.3024005922165821 0.7556577834179357 0.2984877326565144
0 0.7712034686971235 0.29372884940778343 0.7736357868020304 0.28971023688663283 0.7812499999999999 0.2898159898477157 0.7837880710659898 0.29679568527918787 0.7769141285956007 0.30176607445008463 0.7721552453468697 0.29880499153976314
0 0.7934115905245347 0.2933058375634518 0.7965841793570221 0.28875846023688667 0.8053616751269036 0.28896996615905246 0.808217005076142 0.29658417935702197 0.8025063451776648 0.3018718274111675 0.7949978849407784 0.30007402707275804
0 0.8132931472081218 0.27120346869712353 0.8159369712351945 0.2666560913705584 0.8223879018612521 0.2673963620981388 0.8245029610829102 0.27511632825719123 0.8181577834179357 0.27860617597292725 0.8132931472081218 0.27522208121827413
0 0.7947863790186126 0.2707804568527919 0.7978532148900169 0.26718485617597293 0.8049386632825719 0.26771362098138746 0.8056789340101521 0.27553934010152287 0.7988049915397631 0.27828891708967857 0.7952093908629442 0.2739530456852792
0 0.7753278341793571 0.2698286802030457 0.7781831641285956 0.2668675972927242 0.7845283417935702 0.26834813874788493 0.7833650592216582 0.27553934010152287 0.7767026226734347 0.27553934010152287
0 0.7595706429780034 0.2701459390862944 0.7629547377326564 0.26633883248730966 0.7690884094754653 0.26824238578680204 0.7680308798646361 0.2760681049069374 0.7609454314720812 0.27511632825719123
0 0.7576670896785109 0.25354272419627755 0.7628489847715736 0.24709179357022 0.771732233502538 0.2514276649746193 0.7705689509306262 0.2609454314720812 0.7605224196277496 0.26136844331641285
0 0.7758565989847716 0.2528024534686972 0.7801924703891708 0.2477263113367174 0.790662013536379 0.24941835871404403 0.7886527072758037 0.26189720812182743 0.7781831641285956 0.2615799492385787
0 0.7560374149659863 0.4453231292517007 0.758843537414966 0.44200680272108844 0.7654761904761904 0.4425170068027211 0.7667517006802721 0.45008503401360545 0.7592687074829931 0.452125850340136 0.7566326530612245 0.44846938775510203
0 0.7683269772555487 0.436734693877551 0.7713882017453447 0.4344387755102041 0.775895004466433 0.43775510204081636 0.7727487459630317 0.441921768707483 0.7683269772555487 0.44047619047619047
0 0.7561224489795918 0.4284013605442177 0.7585034013605442 0.424234693877551 0.7659013605442176 0.4243197278911564 0.7664115646258503 0.43205782312925173 0.7595238095238095 0.4342687074829932
0 0.7563775510204082 0.402891156462585 0.7601190476190476 0.39957482993197274 0.7654761904761904 0.4012755102040816 0.7659863945578231 0.40782312925170067 0.760969387755102 0.4102891156462585 0.7560374149659863 0.4060374149659864
0 0.7560374149659863 0.38435374149659857 0.7591836734693878 0.3801020408163265 0.7659863945578231 0.3810374149659864 0.7654761904761904 0.38928571428571423 0.7590986394557824 0.39056122448979586
0 0.717208182912154 0.46961492178098674 0.7189380264741276 0.46826113116726836 0.7221720818291215 0.46969013237063784 0.7211943441636582 0.47254813477737667 0.7175842358604092 0.47277376654632974
0 0.7193892900120337 0.4614169675090253 0.7219464500601684 0.45855896510228644 0.7272864019253912 0.4597623345367028 0.7274368231046932 0.4650270758122744 0.7225481347773767 0.46668170878459686 0.7197653429602888 0.4641997593261131
0 0.7294675090252708 0.457054753309266 0.7322503008423585 0.45457280385078225 0.7370637785800241 0.4558513838748496 0.736913357400722 0.46081528279181705 0.7309717208182912 0.46194344163658246
0 0.7225184869169511 0.4456413538111491 0.7257181456200228 0.44229948805460756 0.7318330489192264 0.4438637656427759 0.7319752559726963 0.4510452218430034 0.7243671786120591 0.45225398179749715 0.7225895904436861 0.4496231513083049
0 0.7223673633440514 0.4304327438370846 0.7254488210075027 0.4267483922829583 0.7320806538049304 0.42788719185423363 0.7320136655948553 0.43498794212218644 0.7263196677384781 0.4373325294748124 0.7226353161843516 0.43465300107181143
0 0.736501875669882 0.43137057877813506 0.7379756162915327 0.42875803858520894 0.7430667202572347 0.42969587352625943 0.7420618971061095 0.4343180600214362 0.7375066988210076 0.4347869774919614
0 0.6714922790202342 0.4698149627263046 0.6729566027689031 0.4680843982960597 0.676417731629393 0.4692824813631523 0.6759518104366348 0.4730764110756124 0.6722910010649628 0.4732095314164005
0 0.6816094249201279 0.4697484025559105 0.6831403088391906 0.4681509584664537 0.6864683173588925 0.4688831203407881 0.6866679978700746 0.4726104898828541 0.6826743876464324 0.47287673056443025
0 0.6918596911608094 0.46948216187433445 0.6936568157614483 0.4679512779552716 0.6971845047923323 0.46968184238551647 0.6961195420660278 0.4731429712460064 0.6920593716719915 0.47300985090521835
0 0.70044595314164 0.4697484025559105 0.7028421192758253 0.4671525559105431 0.7073682108626198 0.4676184771033014 0.7081003727369541 0.4721445686900958 0.703973642172524 0.47447417465388714 0.7013112353567625 0.4732760915867945
0 0.7052382854100107 0.4604299787007454 0.7071019701810437 0.4580338125665602 0.7110955804046859 0.4592318956336528 0.7102968583599575 0.4637579872204473 0.7069022896698616 0.4637579872204473
0 0.6943581780538303 0.45988612836438925 0.6953933747412009 0.45855978260869573 0.6977225672877847 0.4586891821946171 0.6985960144927537 0.46046842650103526 0.6973343685300207 0.46228002070393376 0.6948434265010353 0.46208592132505183
0 0.6900303643724696 0.4594860548807917 0.6913798920377868 0.4584457939721097 0.6934885290148448 0.4586144849302744 0.6942476383265856 0.4610886189833558 0.6922795771479981 0.4623538011695906 0.690142825011246 0.4616790373369321
0 0.6243872549019607 0.4604599192618223 0.6263336216839677 0.4583693771626297 0.62993800461361 0.45945069204152245 0.6296496539792387 0.4634155132641291 0.6248918685121106 0.46348760092272195
0 0.6317876344086021 0.4612903225806451 0.6324404761904762 0.4594642857142857 0.6352486559139785 0.4595430107526881 0.6355846774193548 0.46226478494623646 0.6329637096774193 0.46313844086021505
0 0.6371639784946236 0.46048387096774185 0.6379704301075269 0.4594422043010752 0.6406586021505376 0.459274193548387 0.6405952380952381 0.4627380952380953 0.6374663978494624 0.46290322580645155
0 0.641358695652174 0.46059782608695654 0.6423369565217392 0.4591847826086957 0.6449818840579711 0.45965579710144927 0.6452355072463769 0.462481884057971 0.642590579710145 0.46353260869565216 0.6414311594202899 0.46175724637681165
0 0.64625 0.46056159420289855 0.6471920289855073 0.45940217391304355 0.6499094202898551 0.4598007246376811 0.6500181159420291 0.4625181159420291 0.6473007246376812 0.46335144927536237 0.6463949275362318 0.4626630434782609
0 0.6233024691358023 0.13387345679012347 0.6254629629629629 0.13132716049382717 0.6298611111111111 0.13101851851851853 0.6326388888888889 0.13317901234567903 0.6329475308641974 0.13858024691358026 0.6280092592592591 0.14097222222222225 0.6239969135802468 0.13919753086419756
0 0.6333083190394511 0.13573827901658087 0.6338086049170955 0.13312964551172096 0.6357740137221269 0.13145011435105772 0.6388114636935391 0.13080688965122927 0.6418131789594054 0.13202186963979415 0.6429566895368782 0.13570254431103487 0.6415273013150372 0.13941895368782162 0.638525586049171 0.14049099485420238 0.6349521154945683 0.13977630074328184
0 0.5150862068965517 0.2157866379310345 0.5174209770114943 0.21327227011494254 0.5211925287356323 0.21390086206896555 0.52191091954023 0.21830100574712646 0.517510775862069 0.21955818965517243
0 0.5150862068965517 0.20132902298850577 0.5169719827586208 0.1993534482758621 0.5213721264367817 0.19953304597701152 0.521551724137931 0.203753591954023 0.5181393678160919 0.20554956896551724 0.5154454022988506 0.203753591954023
0 0.5011673850574713 0.2157866379310345 0.5026041666666666 0.21345186781609202 0.5069145114942529 0.21345186781609202 0.5079920977011495 0.21686422413793105 0.5047593390804598 0.22000718390804602 0.501885775862069 0.21883979885057475
0 0.5008081896551725 0.20177801724137936 0.5024245689655172 0.1992636494252874 0.50628591954023 0.19944324712643682 0.5081716954022989 0.20240660919540232 0.5052981321839082 0.2057291666666667 0.5020653735632185 0.20447198275862075
0 0.5264756944444445 0.18064236111111112 0.5282118055555555 0.17734375000000002 0.5340277777777778 0.17717013888888888 0.5359375 0.18255208333333336 0.5314236111111111 0.18506944444444445 0.5271701388888889 0.18420138888888887
0 0.4937865497076024 0.1810124269005849 0.4958881578947369 0.1760782163742691 0.5038377192982456 0.1769005847953217 0.5044773391812866 0.18466739766081877 0.49780701754385975 0.18558114035087725 0.49533991228070184 0.1843019005847954
0 0.5412636408730158 0.24798487103174605 0.541015625 0.24445064484126983 0.5428137400793651 0.24283854166666666 0.5460767577137077 0.24233371269600407 0.5479419575113809 0.24476795649974709 0.5480684117349519 0.2476447900859889 0.5451283510369246 0.24871965098634297
0 0.5335261760242792 0.24565313606474456 0.5343797420333839 0.2432505058168943 0.5371933485078402 0.24255500758725343 0.5395327516439049 0.24318727870510878 0.5407972938796156 0.24634863429438544 0.5394062974203339 0.2487512645422357 0.536118487607486 0.24881449165402125 0.5341900606980273 0.24805576631259485
0 0.506453568953569 0.23115904365904374 0.507579695079695 0.22877685377685386 0.5102650727650728 0.22817047817047828 0.5131237006237006 0.22964310464310472 0.513470200970201 0.23254504504504506 0.5110446985446985 0.2350138600138601 0.5069300069300069 0.23423423423423428
0 0.49913374913374914 0.23787248787248794 0.500086625086625 0.23553361053361055 0.5030318780318781 0.2345807345807346 0.5061070686070686 0.23570686070686075 0.5067567567567568 0.23813236313236322 0.5056306306306306 0.24081774081774085 0.5007796257796258 0.24164067914067924
0 0.46352657004830905 0.2185990338164251 0.4653985507246376 0.21443236714975844 0.4702898550724637 0.21316425120772947 0.47397342995169073 0.21443236714975844 0.4757850241545893 0.21944444444444444 0.4745772946859903 0.2233695652173913 0.4674516908212559 0.22518115942028985 0.46431159420289847 0.2219806763285024
0 0.42918592706728304 0.21597329224447867 0.43056625577812024 0.2140472521828454 0.4345467385721622 0.2139830508474576 0.4353171545968157 0.216743708269132 0.4340973292244479 0.21931176168464306 0.43069465844889576 0.21985747303543912
0 0.46889723203769135 0.19740135453474678 0.4711793286219082 0.19364693757361603 0.47839369846878677 0.1926899293286219 0.48185365135453473 0.1980638987043581 0.47986601884570085 0.20520465253239104 0.4722099528857479 0.20520465253239104 0.46933892815076567 0.20167108362779743
0 0.43260453474676086 0.19835836277974087 0.4347393992932862 0.19416224970553594 0.44239546525323914 0.1932788574793875 0.4450456419316843 0.2002723792697291 0.4415120730270907 0.20476295641931685 0.4340032391048292 0.20336425206124853
0 0.4324573027090695 0.1779667255594818 0.4351074793875147 0.17458038869257952 0.441438457008245 0.17435954063604242 0.4432052414605418 0.17936542991755008 0.4389355123674912 0.18415047114252062 0.4340032391048292 0.1824573027090695
0 0.4479166666666667 0.17781949352179036 0.4506404593639576 0.17273998822143702 0.45962161366313303 0.17200382803297998 0.4631551825677267 0.17885011778563017 0.460136925795053 0.1854019434628975 0.45019876325088337 0.18525471142520616
0 0.4678666077738516 0.17818757361601886 0.470001472320377 0.17332891637220263 0.47898262661955243 0.1728136042402827 0.481559187279152 0.18091136631330978 0.47375588928150764 0.18496024734982333 0.4690444640753828 0.18267815076560662
0 0.43264061207609594 0.14862489660876757 0.4333643507030604 0.14645368072787424 0.4367245657568238 0.14541976840363935 0.4389991728701405 0.1474358974358974 0.43874069478908184 0.15146815550041354 0.4347601323407774 0.15229528535980147 0.43331265508684863 0.15089950372208435
0 0.4406017369727047 0.14862489660876757 0.4412220843672456 0.14645368072787424 0.44365177832919767 0.14552315963606285 0.4467535153019024 0.14691894127377997 0.44732216708023154 0.15058933002481387 0.44365177832919767 0.1524503722084367 0.44096360628618686 0.15064102564102563
0 0.465172558922559 0.13436447811447816 0.467276936026936 0.13148849607182944 0.4707140852974187 0.13099747474747478 0.47394079685746354 0.13282126823793494 0.4738005050505051 0.13745089786756456 0.4709946689113356 0.1401164421997756 0.4662247474747475 0.13913439955106624
0 0.3981832210998878 0.1399761503928171 0.4000771604938272 0.13759118967452305 0.4041456228956229 0.13752104377104382 0.40603956228956234 0.14004629629629634 0.40547839506172845 0.14383417508417515 0.3997965768799102 0.14474607182940522
0 0.3987612612612612 0.16480855855855855 0.4002815315315315 0.16199324324324324 0.40467342342342344 0.1618243243243243 0.40630630630630626 0.1654842342342342 0.4039977477477477 0.16858108108108108 0.3998873873873873 0.16852477477477473
0 0.39390010917030566 0.1710107350800582 0.395219250363901 0.16928220524017468 0.39835789665211063 0.16873635371179038 0.3999499636098981 0.17096524745269287 0.3997680131004367 0.1737399927219796 0.39722070596797676 0.1755140101892285 0.39435498544395925 0.1738764556040757
0 0.3849845342066957 0.16141284570596795 0.3871224526928675 0.1593659024745269 0.3905340247452692 0.15963882823871903 0.3916712154294032 0.16218613537117904 0.39057951237263466 0.16468795487627366 0.3865311135371179 0.16537026928675397 0.385393922852984 0.16377820232896653
0 0.38530815972222227 0.17632378472222224 0.3876953125 0.17496744791666666 0.3899739583333333 0.17610677083333334 0.3904622395833333 0.1779513888888889 0.3873697916666667 0.17957899305555558 0.38530815972222227 0.17865668402777782
0 0.39605340375586856 0.19197476525821597 0.3977161580594679 0.19060543818466355 0.40006357589984354 0.19060543818466355 0.4008460485133021 0.19334409233176839 0.3988898669796558 0.19471341940532083 0.39664025821596244 0.19388204225352115
0 0.3886688184663537 0.19691412363067293 0.390625 0.1957893192488263 0.3926789906103286 0.19676741001564946 0.3931191314553991 0.19867468701095464 0.39165199530516437 0.20072867762128327 0.3882286776212833 0.19950606416275432
0 0.3937319884726225 0.21223583093179638 0.393852065321806 0.20761287223823247 0.3959534101825168 0.20497118155619598 0.40087656099903934 0.20419068203650337 0.4038784822286263 0.20713256484149856 0.40351825168107586 0.2129562920268972 0.3964937560038424 0.2149375600384246
0 0.3724868881118881 0.208879662004662 0.3743079836829837 0.20698572261072262 0.3775131118881119 0.20734994172494173 0.3772945804195804 0.21084644522144524 0.3732881701631702 0.21252185314685315
0 0.3644740675990676 0.1935824592074592 0.3666593822843823 0.19146998834498835 0.3694274475524476 0.19205273892773894 0.36950029137529145 0.19547639860139862 0.3666593822843823 0.19693327505827507 0.36461975524475526 0.19584061771561773
0 0.35383886946386944 0.18258304195804195 0.3568254662004662 0.1794507575757576 0.3611960955710956 0.1806891025641026 0.36170600233100236 0.18578817016317017 0.3558784965034965 0.18753642191142192 0.35413024475524474 0.18549679487179488
0 0.34531614219114215 0.18833770396270397 0.347865675990676 0.18615238927738928 0.351580710955711 0.1865166083916084 0.3526733682983683 0.1902316433566434 0.3500509906759907 0.19343677156177155 0.3449519230769231 0.19205273892773894
0 0.35311043123543123 0.19897290209790208 0.35646124708624705 0.1967147435897436 0.3598849067599068 0.19729749417249418 0.3617788461538462 0.20006555944055948 0.3609047202797203 0.2037077505827506 0.35544143356643354 0.20538315850815853 0.35340180652680653 0.20297931235431235
0 0.33242506811989103 0.1985127157129882 0.33367393278837415 0.19635558583106266 0.3369096276112625 0.1956743869209809 0.3387829246139873 0.197661217075386 0.3388396911898275 0.2004995458673933 0.33622842870118075 0.20208900999091736 0.33293596730245234 0.20112397820163486
0 0.3348092643051771 0.2072547683923706 0.3369096276112625 0.2052679382379655 0.33900999091734785 0.20481380563124435 0.3415644868301544 0.2071412352406903 0.3406562216167121 0.21060399636693913 0.33577429609445963 0.21139872842870117 0.33475249772933696 0.20901453224341507
0 0.3279405086285196 0.21270435967302453 0.32947320617620346 0.2100363306085377 0.3319709355131698 0.20986603088101724 0.33378746594005454 0.2111716621253406 0.3344686648501362 0.21389645776566757 0.3315168029064487 0.21588328792007266 0.32884877384196187 0.2151453224341508
0 0.28655133928571425 0.24426463293650794 0.28915550595238093 0.24128844246031747 0.29343377976190477 0.2414124503968254 0.294921875 0.24494667658730157 0.2927517361111111 0.24699280753968253 0.28816344246031744 0.24755084325396823
0 0.27415054563492064 0.23831225198412695 0.27644469246031744 0.23527405753968253 0.2804749503968254 0.23539806547619047 0.28252108134920634 0.23936631944444442 0.28078497023809523 0.24283854166666666 0.2757006448412698 0.24327256944444442 0.2738405257936508 0.24122643849206352
0 0.25561135912698413 0.2506510416666667 0.2584015376984127 0.2482328869047619 0.26311383928571425 0.2484188988095238 0.2650359623015873 0.2541232638888889 0.25920758928571425 0.2564174107142857 0.2566034226190476 0.25492931547619047
0 0.2439172749391728 0.2592761557177616 0.24604622871046236 0.256919099756691 0.25045620437956206 0.25661496350364965 0.25228102189781026 0.2613290754257908 0.24832725060827254 0.2650547445255475 0.24361313868613146 0.2643704379562044
0 0.3509143013100436 0.2351028020378457 0.35332514556040756 0.23173671761280928 0.3590565866084425 0.23096342794759825 0.36178584425036386 0.2341475618631732 0.3610125545851528 0.23805949781659388 0.3551901382823871 0.2411526564774381 0.35186954148471616 0.2378320596797671
0 0.33434684684684685 0.23688063063063058 0.33564189189189186 0.23231981981981978 0.34161036036036035 0.23012387387387387 0.3464527027027027 0.23231981981981978 0.347804054054054 0.2378378378378378 0.3435247747747747 0.24245495495495495 0.33614864864864863 0.2423423423423423
