0 0.1657925407925408 0.9669289044289046 0.16695804195804195 0.9602272727272727 0.17380536130536134 0.9592074592074592 0.17817599067599066 0.9656177156177157 0.17234848484848483 0.9714452214452215
0 0.22071678321678326 0.9997086247086248 0.22202797202797206 0.9951923076923077 0.2272727272727273 0.9932983682983684 0.23295454545454547 0.9981060606060607 0.23272469008264465 0.9997916666666666
0 0.24256993006993008 0.9838286713286712 0.2457750582750583 0.978583916083916 0.25335081585081587 0.9797494172494172 0.2537878787878788 0.9873251748251749 0.24679487179487183 0.9911130536130537
0 0.2647144522144522 0.9685314685314687 0.2677738927738928 0.964306526806527 0.2757867132867133 0.9650349650349651 0.27564102564102566 0.9734848484848485 0.2687937062937063 0.9758158508158509 0.2658799533799534 0.9740675990675991
0 0.17424242424242428 0.928467365967366 0.178030303030303 0.9236596736596738 0.1851689976689977 0.9261363636363638 0.18444055944055948 0.9342948717948718 0.1762820512820513 0.9351689976689976
0 0.21153846153846156 0.9373543123543123 0.21663752913752915 0.9326923076923077 0.22421328671328672 0.935460372960373 0.22231934731934733 0.9443473193473195 0.21416083916083917 0.9450757575757577
0 0.2333916083916084 0.9230769230769232 0.23936480186480186 0.9182692307692307 0.2457750582750583 0.9216200466200466 0.24300699300699302 0.9312354312354313 0.23499417249417248 0.928467365967366
0 0.1950757575757576 0.9134615384615384 0.20002913752913756 0.9080710955710957 0.20702214452214454 0.9111305361305362 0.20600233100233104 0.9208916083916083 0.19726107226107226 0.9191433566433567
0 0.15821678321678326 0.9054487179487181 0.16258741258741258 0.9006410256410255 0.16972610722610726 0.903846153846154 0.1682692307692308 0.912004662004662 0.15981934731934733 0.9118589743589745
0 0.21824009324009325 0.8834498834498835 0.2205710955710956 0.8809731934731936 0.22508741258741263 0.882867132867133 0.22421328671328672 0.8868006993006994 0.22042540792540796 0.8878205128205129
0 0.23150839793281652 0.8745962532299741 0.23271963824289404 0.8724160206718347 0.23716085271317827 0.8728197674418605 0.23788759689922476 0.8770187338501292 0.23449612403100772 0.8791182170542635 0.23199289405684753 0.8779877260981912
0 0.24071382428940566 0.8678940568475453 0.24354005167958656 0.865390826873385 0.2471737726098191 0.8674903100775194 0.24652777777777776 0.8722545219638244 0.24297480620155038 0.8730620155038761 0.241359819121447 0.8717700258397932
0 0.16633886946386947 0.869208916083916 0.16932546620046623 0.8670964452214454 0.17274912587412586 0.8689175407925408 0.1715836247086247 0.8735795454545456 0.16779574592074592 0.8735067016317017
0 0.16400786713286716 0.8594478438228439 0.16684877622377622 0.8568983100233101 0.17005390442890445 0.8590836247086248 0.16910693473193475 0.8628715034965037 0.16633886946386947 0.8635999417249419 0.16466346153846156 0.8624344405594407
0 0.1895743145743146 0.854707792207792 0.19453463203463206 0.851641414141414 0.19886363636363635 0.8561507936507936 0.1961580086580087 0.8603896103896101 0.19164862914862918 0.8603896103896101
0 0.19877344877344877 0.851010101010101 0.20292207792207795 0.8470418470418472 0.20725108225108224 0.8513708513708512 0.20310245310245312 0.8553391053391052
0 0.15832345971563982 0.9813882306477094 0.16138428120063192 0.9789198262243286 0.16553120063191154 0.9815857030015798 0.16286532385466038 0.9865225118483413 0.15940955766192735 0.9853376777251185
0 0.16572867298578203 0.9952112954186413 0.16918443917851506 0.9932365718799367 0.17283767772511852 0.9956062401263822 0.17155410742496055 0.9992594786729857 0.1661236176935229 0.999358214849921
0 0.17480123674911663 0.8376398704358068 0.17774587750294468 0.8355786219081273 0.1815002944640754 0.8371245583038869 0.18135306242638397 0.8422040636042403 0.17634717314487636 0.8424249116607774 0.1748748527679623 0.8405845111896348
0 0.18473939929328623 0.8329284452296819 0.18724234393404005 0.8307935806831567 0.19151207302709072 0.8318242049469965 0.1920273851590106 0.8366828621908127 0.18783127208480566 0.8383024146054182 0.18459216725559482 0.83638839811543
0 0.1754637809187279 0.8236528268551236 0.17951266195524146 0.8207818021201414 0.1840032391048292 0.8230638987043581 0.18289899882214372 0.8281434040047114 0.17885011778563017 0.8293948763250883 0.17627355712603063 0.8276280918727915
0 0.18900912838633688 0.8182788574793876 0.19298439340400472 0.816438457008245 0.19541372202591287 0.8193830977620731 0.19416224970553594 0.8226958186101295 0.1903342167255595 0.8224013545347467
0 0.19372055359246176 0.8283642520612485 0.1971805064782097 0.8251987632508834 0.20211277974087163 0.8284378680800942 0.2003459952885748 0.8333701413427561 0.19556095406360427 0.8335909893992933 0.19394140164899884 0.8309408127208481
0 0.21284477699530518 0.8156910211267607 0.21614583333333334 0.8128301056338029 0.22054724178403753 0.8149574530516432 0.22010710093896715 0.8204592136150236 0.21526555164319247 0.821486208920188 0.2133582746478873 0.818698650234742
0 0.1703841387856258 0.8016573729863692 0.17201053283767037 0.795771375464684 0.17859355638166047 0.7926734820322181 0.18626084262701365 0.7964684014869887 0.18610594795539034 0.805684634448575 0.17960037174721188 0.8102540272614622 0.1725526641883519 0.807853159851301
0 0.2635732323232323 0.788685465768799 0.26771184062850734 0.7860900673400674 0.2718504489337823 0.7884048821548822 0.27135942760942766 0.7929643658810325 0.2678521324354658 0.7948583052749719 0.2644149831649832 0.7932449494949496
0 0.26904461279461284 0.7792859147025815 0.2741652637485971 0.7772516835016834 0.27739197530864196 0.7815305836139168 0.2757084736251403 0.7855289001122334 0.27135942760942766 0.7858094837261503 0.26897446689113363 0.7827230639730639
0 0.2746562850729518 0.77114898989899 0.27802328843995516 0.7689043209876544 0.28132014590347926 0.7700968013468014 0.28202160493827166 0.7744458473625141 0.27865460157126826 0.776550224466891 0.2761293490460157 0.7755681818181819
0 0.281530583613917 0.7605569584736251 0.28447671156004495 0.7586630190796857 0.2879138608305275 0.7595749158249158 0.2882645903479237 0.7637135241301908 0.2855289001122335 0.7660283389450055 0.2821618967452301 0.7645552749719416
0 0.25403338945005616 0.7707982603815937 0.2576108305274972 0.7680625701459035 0.2621703142536476 0.769956509539843 0.26203002244668916 0.7740249719416386 0.25880331088664427 0.7762696408529742 0.25543630751964086 0.7750070145903479
0 0.26013608305274977 0.7621001683501682 0.26287177328844 0.7597152076318743 0.267010381593715 0.7607673961840629 0.2670805274971942 0.7650462962962963 0.26371352413019084 0.7672208193041526 0.2606271043771044 0.7656074635241302
0 0.2667999438832772 0.751367845117845 0.26988636363636365 0.7493336139169473 0.27332351290684626 0.7508768237934905 0.2731130751964086 0.75459455667789 0.2700266554433221 0.756628787878788 0.267010381593715 0.7555064534231201
0 0.25115740740740744 0.7420384399551067 0.2550855780022447 0.7392326038159371 0.2600659371492705 0.7416175645342312 0.2598554994388328 0.7470187991021324 0.2552258698092032 0.7487023007856342 0.2516484287317621 0.7466680695847362
0 0.23600589225589227 0.7630120650953984 0.24000420875420878 0.7604868125701458 0.2451248597081931 0.7613285634118967 0.24729938271604943 0.7673611111111112 0.2432309203142537 0.77206088664422 0.23607603815937153 0.7702370931537598 0.23523428731762067 0.7663089225589226
0 0.23794720767888303 0.7338568935427573 0.24143760907504364 0.7312390924956369 0.24645506108202445 0.7324934554973821 0.24754581151832458 0.7372927574171029 0.2441644851657941 0.7410013089005235 0.23914703315881325 0.7393106457242582 0.23740183246073296 0.7366383071553227
0 0.22114071038251373 0.7536543715846995 0.22366803278688532 0.7517418032786884 0.2275614754098361 0.7524248633879781 0.22810792349726783 0.7565915300546447 0.22517076502732247 0.7589139344262295 0.22196038251366124 0.7576161202185792
0 0.22646857923497274 0.7441598360655738 0.22961065573770498 0.7426571038251365 0.23247950819672136 0.7434084699453551 0.23364071038251372 0.7466188524590164 0.2315232240437159 0.7500341530054645 0.2273565573770492 0.749146174863388 0.22626366120218583 0.7470286885245901
0 0.21875000000000006 0.7371243169398907 0.22175546448087435 0.7355532786885246 0.2251024590163935 0.7360314207650273 0.22694672131147547 0.7397882513661201 0.22530737704918039 0.7428620218579235 0.22175546448087435 0.743545081967213 0.21868169398907109 0.7414275956284153
0 0.21335382513661205 0.7468920765027323 0.21519808743169405 0.7451161202185792 0.21929644808743173 0.7457308743169399 0.22018442622950823 0.7498292349726775 0.21752049180327873 0.7518784153005464 0.21349043715847 0.7503073770491803
0 0.1748691626409018 0.7263989533011272 0.17980072463768115 0.7221719001610306 0.1873490338164251 0.7232789855072465 0.18966384863123997 0.7308272946859904 0.18523550724637683 0.7376710950080516 0.17587560386473433 0.7345511272141707
0 0.1871477455716586 0.7070752818035427 0.19237987987987992 0.7012012012012012 0.20242117117117123 0.7057995495495496 0.19972826086956522 0.7159319645732689 0.1914754428341385 0.7175422705314011 0.1869464573268921 0.7123087761674718
0 0.38009386446886445 0.7054143772893773 0.38535943223443214 0.7012934981684982 0.39234203296703296 0.7052999084249084 0.39073946886446886 0.7148008241758241 0.3819253663003663 0.7148008241758241 0.3790636446886446 0.7095352564102565
0 0.36132097069597063 0.6944253663003663 0.3688759157509158 0.6906478937728938 0.3758585164835164 0.6960279304029304 0.37288232600732596 0.7034684065934066 0.36349587912087905 0.7042696886446886
0 0.3344207875457875 0.6785141941391941 0.33945741758241754 0.6742788461538461 0.34838598901098894 0.6767971611721612 0.34644001831501825 0.6872138278388278 0.3354510073260073 0.6872138278388278
0 0.3077495421245421 0.6627174908424909 0.3158768315018315 0.6571085164835165 0.3237751831501831 0.6642055860805861 0.3186240842490842 0.6717605311355311 0.31072573260073255 0.6708447802197802
0 0.29023580586080583 0.6508127289377289 0.2949290293040293 0.6462339743589745 0.3032852564102564 0.6492101648351649 0.30179716117216115 0.659283424908425 0.2919528388278388 0.6598557692307693
0 0.3088789682539682 0.7208829365079364 0.3123511904761905 0.7171130952380952 0.32018849206349204 0.7171130952380952 0.3219742063492063 0.7259424603174602 0.31572420634920634 0.7303075396825397 0.309672619047619 0.727827380952381
0 0.3196924603174603 0.7022321428571427 0.32594246031746027 0.6979662698412697 0.33268849206349205 0.7020337301587302 0.33110119047619047 0.7120535714285714 0.32207341269841266 0.7118551587301586 0.31979166666666664 0.7072916666666667
0 0.2931051587301587 0.6881448412698412 0.29985119047619047 0.6824900793650793 0.3069940476190476 0.6876488095238095 0.30411706349206347 0.6966765873015872 0.2956845238095238 0.6955853174603174
0 0.27504960317460314 0.6756448412698413 0.27941468253968255 0.6717757936507935 0.28675595238095236 0.6727678571428571 0.28675595238095236 0.682390873015873 0.2803075396825397 0.684672619047619 0.2762400793650793 0.6817956349206349
0 0.2829861111111111 0.7045138888888889 0.28715277777777776 0.6999503968253968 0.29647817460317455 0.7032242063492063 0.29489087301587297 0.7118551587301586 0.2878472222222222 0.7142361111111111 0.2830853174603174 0.7095734126984127
0 0.1913126361655773 0.6541394335511982 0.1997549019607843 0.6511437908496732 0.20452069716775598 0.6571350762527234 0.2013888888888889 0.6636710239651415 0.19389978213507622 0.6636710239651415 0.19090413943355122 0.659449891067538
0 0.20479302832244006 0.6327614379084967 0.2113289760348584 0.627859477124183 0.21868191721132899 0.6331699346405228 0.21541394335511982 0.6409313725490197 0.2090141612200436 0.6418845315904139 0.20561002178649238 0.6377995642701525
0 0.21922657952069718 0.6102941176470589 0.2238562091503268 0.6058006535947713 0.23134531590413943 0.6093409586056645 0.2310729847494553 0.6181917211328976 0.2238562091503268 0.619417211328976 0.21990740740740738 0.6158769063180828
0 0.1252723311546841 0.6467864923747277 0.13085511982570808 0.6414760348583878 0.13956971677559912 0.6437908496732025 0.14065904139433552 0.6527777777777778 0.13357843137254904 0.6572712418300654 0.12717864923747277 0.6533224400871459
0 0.1398420479302832 0.6243191721132898 0.14433551198257077 0.619281045751634 0.15250544662309365 0.6213235294117647 0.15509259259259256 0.6300381263616558 0.14842047930283225 0.6345315904139434 0.14106753812636166 0.6315359477124183
0 0.15359477124183007 0.6014433551198256 0.15972222222222224 0.5965413943355119 0.1685729847494553 0.6008986928104575 0.16653050108932463 0.6101579520697168 0.15836056644880173 0.6120642701525054 0.15509259259259256 0.6075708061002179
0 0.16816448801742917 0.5782952069716776 0.1730664488017429 0.5742102396514162 0.18532135076252723 0.5787037037037037 0.1778322440087146 0.5901416122004357 0.16775599128540303 0.5866013071895424
0 0.18123638344226578 0.5562363834422658 0.1883169934640523 0.5514705882352942 0.1968954248366013 0.5558278867102396 0.19281045751633988 0.565359477124183 0.18600217864923743 0.5661764705882353 0.18218954248366012 0.5627723311546841
0 0.15944989106753812 0.5428921568627452 0.16639433551198257 0.5378540305010894 0.1730664488017429 0.5435729847494553 0.16925381263616557 0.5502450980392156 0.1631263616557734 0.5501089324618736
0 0.1465141612200436 0.5652233115468409 0.15182461873638345 0.5615468409586056 0.1582244008714597 0.5646786492374727 0.15659041394335513 0.5747549019607843 0.1471949891067538 0.5720315904139434
0 0.1318082788671024 0.5886437908496732 0.13766339869281044 0.5840141612200436 0.14556100217864923 0.5870098039215687 0.14174836601307186 0.5958605664488017 0.13507625272331153 0.5959967320261438
0 0.1176470588235294 0.6113834422657951 0.12200435729847493 0.6071623093681917 0.1289488017429194 0.6078431372549019 0.13017429193899782 0.6142429193899782 0.12540849673202611 0.619281045751634 0.11887254901960782 0.6156045751633987
0 0.09899237472766885 0.6367102396514162 0.10634531590413943 0.627995642701525 0.11533224400871459 0.6288126361655774 0.11601307189542484 0.6405228758169934 0.10593681917211327 0.6461056644880174
0 0.06917211328976035 0.6328976034858388 0.07312091503267974 0.6236383442265795 0.08632897603485837 0.6226851851851851 0.08986928104575163 0.6348039215686274 0.0818355119825708 0.6433823529411764
0 0.08850762527233115 0.5992647058823529 0.09763071895424837 0.5915032679738562 0.10947712418300654 0.5981753812636166 0.10498366013071894 0.6097494553376906 0.09572440087145968 0.610702614379085 0.08837145969498911 0.6066176470588235
0 0.12350217864923747 0.5401688453159041 0.13031045751633988 0.5356753812636166 0.13820806100217864 0.5412581699346405 0.13385076252723307 0.55119825708061 0.12663398692810457 0.5484749455337691
0 0.04888888888888889 0.5690277777777778 0.061666666666666654 0.5605555555555556 0.07749999999999999 0.5679166666666666 0.07055555555555557 0.5855555555555556 0.05722222222222222 0.5848611111111112
0 0.06888888888888889 0.5373611111111112 0.08652777777777777 0.5315277777777778 0.09583333333333333 0.54625 0.08486111111111111 0.55875 0.07347222222222223 0.5547222222222223
0 0.005 0.5681944444444444 0.02013888888888888 0.5605555555555556 0.030277777777777775 0.575 0.014861111111111108 0.5898611111111112 0.0033333333333333335 0.5765277777777779
0 0.25558278867102396 0.5460239651416122 0.26388888888888884 0.5423474945533769 0.2697440087145969 0.5494281045751633 0.26538671023965144 0.5575980392156863 0.2558551198257081 0.556917211328976 0.2539488017429194 0.5499727668845316
0 0.2706971677559913 0.5211056644880174 0.2785947712418301 0.5172930283224401 0.2852668845315904 0.5223311546840959 0.2818627450980392 0.5318627450980392 0.27314814814814814 0.5325435729847495 0.2696078431372549 0.5268246187363834
0 0.25040849673202614 0.5084422657952069 0.258714596949891 0.5050381263616558 0.26497821350762524 0.5106209150326797 0.26239106753812635 0.5187908496732025 0.2536764705882353 0.5205610021786492 0.2497276688453159 0.5153867102396514
0 0.23434095860566448 0.5339052287581699 0.2421023965141612 0.5303649237472766 0.2489106753812636 0.5351307189542484 0.24754901960784315 0.5439814814814814 0.23965141612200436 0.545479302832244 0.23420479302832245 0.5394880174291938
0 0.20778867102396514 0.514297385620915 0.21473311546840956 0.5104847494553377 0.22154139433551198 0.5153867102396514 0.21990740740740738 0.5235566448801743 0.2120098039215686 0.5251906318082789 0.20683551198257077 0.5213779956427015
0 0.22194989106753812 0.4918300653594771 0.22685185185185186 0.4873366013071895 0.23570261437908493 0.49101307189542487 0.23543028322440085 0.4997276688453159 0.2284858387799564 0.5024509803921569 0.22154139433551198 0.49795751633986923
0 0.1843681917211329 0.5017701525054467 0.18967864923747277 0.49741285403050106 0.19812091503267973 0.4989106753812636 0.19839324618736384 0.5080337690631808 0.19035947712418302 0.5115740740740741 0.18504901960784315 0.5065359477124183
0 0.1985294117647059 0.47753267973856206 0.20629084967320263 0.47249455337690627 0.21500544662309365 0.47889433551198257 0.20928649237472763 0.4888344226579521 0.20016339869281044 0.48692810457516333
0 0.16244553376906315 0.4859749455337691 0.16761982570806097 0.4827069716775599 0.17565359477124182 0.48502178649237476 0.1772875816993464 0.4929193899782135 0.16911764705882354 0.497276688453159 0.1631263616557734 0.49468954248366015
0 0.32706151832460734 0.556337260034904 0.33164267015706805 0.5520833333333333 0.3390597731239093 0.5544829842931936 0.33873254799301916 0.5616819371727748 0.331315445026178 0.5648451134380453 0.32793411867364747 0.5611365619546247
0 0.42315821256038644 0.5370873590982287 0.42627818035426734 0.5326590177133655 0.4333232689210951 0.5325583735909823 0.4350342190016103 0.5394021739130436 0.43060587761674723 0.5439311594202899 0.4246678743961353 0.5428240740740741
0 0.3935688405797102 0.5458433977455717 0.397091384863124 0.542018921095008 0.4029287439613527 0.5447363123993559 0.4020229468599034 0.5507749597423511 0.39648752012882454 0.5519826892109501 0.3938707729468599 0.5495672302737521
0 0.4076590177133656 0.5238023349436393 0.41168478260869573 0.5203804347826088 0.41681763285024154 0.5244061996779389 0.41410024154589375 0.5301429146537843 0.40916867954911434 0.5298409822866345
0 0.35653180354267316 0.522493961352657 0.36448268921095006 0.5175623993558777 0.37011876006441224 0.5242049114331724 0.36569041867954916 0.5313506441223833 0.35924919484702095 0.5306461352657005
0 0.37102455716586147 0.5003522544283414 0.3767612721417069 0.49703099838969406 0.3833031400966183 0.5003522544283414 0.3811896135265701 0.5092089371980677 0.37364130434782616 0.5107185990338164 0.37052133655394526 0.5062902576489534
0 0.3944746376811595 0.4896839774557166 0.40091586151368763 0.4849537037037037 0.4071557971014493 0.49008655394524964 0.4040358293075685 0.4979367954911433 0.39678945249597425 0.4982387278582931 0.39507850241545894 0.4947161835748793
0 0.3640799256505576 0.47575898389095417 0.3677973977695167 0.47413258983890955 0.37027571251548946 0.47692069392812886 0.36864931846344484 0.4807156133828996 0.36415737298636924 0.47986369268897155
0 0.3291118421052631 0.47702850877192976 0.3356907894736842 0.47308114035087717 0.3412828947368421 0.47790570175438596 0.3394188596491227 0.48612938596491223 0.3310855263157894 0.48580043859649125 0.3290021929824561 0.4811951754385964
0 0.34161184210526313 0.4567434210526316 0.3475328947368421 0.45334429824561406 0.3547697368421053 0.4580592105263158 0.35038377192982456 0.465953947368421 0.3422697368421052 0.4636513157894737
0 0.30762061403508767 0.46387061403508767 0.3133223684210526 0.4602521929824562 0.3184758771929825 0.4647478070175438 0.31507675438596494 0.4712171052631579 0.3081688596491227 0.4703399122807017
0 0.31913377192982456 0.44446271929824555 0.32428728070175433 0.4412828947368421 0.33086622807017546 0.4455592105263158 0.32669956140350875 0.4527960526315789 0.3209978070175438 0.4504934210526316
0 0.2840460526315789 0.44895833333333335 0.290844298245614 0.4446820175438596 0.296875 0.4514802631578947 0.2922697368421052 0.4591557017543859 0.2850328947368421 0.4567434210526316
0 0.25844734660033175 0.49258913764510787 0.2628005804311775 0.4897906301824213 0.2677757048092869 0.49207089552238814 0.2652881426202322 0.49756426202321724 0.2603130182421228 0.49756426202321724
0 0.29372884940778343 0.48482445008460234 0.3004970389170897 0.48207487309644664 0.30504441624365486 0.48746827411167504 0.30102580372250426 0.49539974619289334 0.2944691201353638 0.4931789340101523
0 0.24486940298507467 0.4553793532338309 0.25119195688225543 0.45237354892205645 0.25668532338308464 0.45848880597014924 0.2533685737976783 0.46481135986733 0.24549129353233837 0.4634639303482588
0 0.1967765339966833 0.4498859867330017 0.2022699004975125 0.4477093698175788 0.2058975953565506 0.4526844941956883 0.20237354892205645 0.45745232172470984 0.19688018242122723 0.45589759535655056
0 0.18641169154228862 0.4440816749585407 0.19107587064676623 0.44117951907131014 0.19553275290215594 0.4464655887230514 0.19190505804311778 0.45133706467661694 0.1870335820895523 0.4485385572139304
0 0.25814950980392154 0.4329044117647059 0.26403186274509804 0.4289828431372549 0.2715073529411765 0.4329044117647059 0.2694240196078432 0.44221813725490194 0.2631740196078432 0.4441789215686274 0.2580269607843137 0.43988970588235293
0 0.21058558558558563 0.40390390390390396 0.21706081081081086 0.400243993993994 0.2231606606606607 0.40484234234234234 0.21959459459459466 0.4133821321321322 0.21124249249249255 0.4106606606606607
0 0.2222222222222223 0.38335210210210213 0.22813438438438444 0.3791291291291292 0.23629879879879884 0.383445945945946 0.2345157657657658 0.3920795795795796 0.22560060060060066 0.3943318318318319 0.22137762762762767 0.38954579579579585
0 0.24849849849849856 0.40015015015015015 0.25600600600600604 0.3972409909909911 0.2601351351351352 0.402683933933934 0.2556306306306307 0.4096283783783784 0.24953078078078084 0.4067192192192192
0 0.2969316123188406 0.39226675724637683 0.2996490036231884 0.39045516304347827 0.30349864130434784 0.391700634057971 0.3031589673913044 0.39679574275362317 0.2990828804347826 0.39679574275362317
0 0.28829284750337386 0.3867240215924427 0.2913292847503375 0.38461538461538464 0.2947874493927126 0.3867240215924427 0.29411268556005404 0.39035087719298245 0.2899797570850203 0.3907726045883941 0.2887145748987855 0.389423076923077
0 0.2711707152496627 0.3888326585695007 0.2752192982456141 0.3862179487179488 0.2784244264507423 0.3901821862348178 0.27513495276653177 0.39338731443994607 0.2724358974358975 0.3927968960863698
0 0.2793522267206478 0.3809041835357625 0.2819669365721998 0.3793016194331984 0.2855094466936573 0.3805668016194333 0.2853407557354926 0.38469973009446695 0.2815452091767882 0.38588056680161953 0.27985829959514175 0.3841936572199731
0 0.2703272604588395 0.3753373819163293 0.27327935222672073 0.3734817813765182 0.27690620782726055 0.3753373819163293 0.275978407557355 0.3793016194331984 0.2725202429149798 0.38014507422402166 0.2704959514170041 0.3775303643724697
0 0.26180836707152505 0.36918016194331993 0.264676113360324 0.3674089068825912 0.2677968960863698 0.3702766531713901 0.2664473684210527 0.37398785425101216 0.2628205128205129 0.37407219973009453 0.26088056680161953 0.3721322537112011
0 0.2473852901484481 0.3735661268556006 0.250506072874494 0.37145748987854255 0.2544703103913631 0.3734817813765182 0.25345816464237525 0.3777834008097166 0.2501686909581647 0.37904858299595146 0.24713225371120112 0.3770242914979757
0 0.2524460188933874 0.36395074224021595 0.25497638326585703 0.3621794871794872 0.2586875843454791 0.3641194331983806 0.2578441295546559 0.36858974358974367 0.25430161943319846 0.3690958164642376 0.2521929824561404 0.36664979757085026
0 0.2438427800269906 0.35872132253711203 0.24645748987854257 0.3570344129554656 0.2499156545209177 0.3582995951417004 0.2496626180836708 0.36209514170040485 0.24721659919028346 0.36336032388663975 0.24401147098515527 0.36209514170040485
0 0.23523954116059387 0.3542510121457491 0.23793859649122814 0.35188933873144407 0.2414811066126856 0.35315452091767885 0.24156545209176794 0.3567813765182187 0.23793859649122814 0.3582152496626181 0.23557692307692316 0.35610661268556015
0 0.229757085020243 0.36327597840755743 0.2327935222672065 0.3609143049932524 0.2370107962213226 0.36243252361673417 0.23566126855600544 0.36698717948717957 0.23152834008097173 0.3674089068825912
0 0.23844466936572203 0.3673245614035089 0.24164979757085026 0.3662280701754386 0.2446018893387315 0.36825236167341435 0.243421052631579 0.3720479082321188 0.23962550607287456 0.37230094466936575 0.23827597840755743 0.37061403508771934
0 0.31119791666666674 0.40655637254901966 0.31571691176470595 0.4028033088235295 0.3222273284313726 0.40525428921568635 0.32215073529411775 0.41253063725490197 0.31655943627450983 0.4152879901960785 0.31150428921568635 0.41199448529411775
0 0.36105577689243035 0.4411520584329349 0.36296480743691906 0.43866201859229753 0.3668658698539177 0.44040504648074374 0.36586985391766275 0.4448041168658699 0.3623007968127491 0.44505312084993365
0 0.40875322997416014 0.4666505167958656 0.4138404392764857 0.46285529715762275 0.42038113695090434 0.46600452196382436 0.4188468992248061 0.47480620155038766 0.41190245478036175 0.4750484496124031 0.4084302325581395 0.4715762273901809
0 0.11307367149758453 0.37615740740740744 0.11860909822866347 0.3699174718196458 0.12716384863123997 0.37313808373590984 0.12756642512077296 0.38108896940418685 0.1221316425120773 0.38632246376811596 0.11478462157809986 0.3835044283413849
0 0.09002616747181967 0.3603562801932368 0.0971719001610306 0.3559279388083736 0.10502214170692432 0.358444041867955 0.10300925925925927 0.36840780998389694 0.09676932367149758 0.3711252012882448 0.09113325281803544 0.3685084541062802
0 0.0681863929146538 0.34525966183574885 0.0777475845410628 0.34032809983896944 0.0872081320450886 0.3469706119162641 0.08187399355877617 0.35622987117552335 0.07301731078904992 0.35673309178743956 0.06949476650563607 0.35109702093397743
0 0.1464143426294821 0.368608897742364 0.15023240371845956 0.3660358565737052 0.15413346613545825 0.36802788844621515 0.15438247011952197 0.3740039840637451 0.14765936254980083 0.3740039840637451 0.14591633466135465 0.3721779548472776
0 0.1334661354581674 0.35997675962815406 0.13753320053120857 0.35806772908366546 0.14135126162018596 0.36039176626826036 0.140687250996016 0.365620849933599 0.13579017264276233 0.36611885790172644 0.13371513944223112 0.36437583001328033
0 0.12084993359893766 0.35184262948207184 0.12383798140770258 0.3497675962815406 0.12807104913678624 0.35117861885790175 0.127988047808765 0.3569887118193892 0.12309096945551135 0.3576527224435591 0.12026892430278889 0.35582669322709165
0 0.10823373173970789 0.3447045152722444 0.11246679946879155 0.3423804780876495 0.11620185922974774 0.3452025232403719 0.11553784860557774 0.3500166002656043 0.11072377158034534 0.35026560424966807 0.10856573705179288 0.3486055776892431
0 0.09885458167330682 0.3380644090305446 0.10250664010624175 0.33598937583001337 0.1063247011952192 0.3390604249667995 0.10408366533864546 0.3439575033200532 0.09877158034528558 0.3428784860557769
0 0.09080345285524574 0.3312583001328021 0.09644754316069064 0.3293492695883135 0.10051460823373182 0.33374833997343967 0.09669654714475437 0.3383964143426295 0.09179946879150074 0.3360723771580346
0 0.08042828685258971 0.3246181938911023 0.08598937583001334 0.32270916334661354 0.08980743691899076 0.3272742363877823 0.08607237715803459 0.33225431606905714 0.08175630810092968 0.329515272244356
0 0.11720545977011493 0.3221623563218391 0.1215876436781609 0.3184985632183908 0.12762212643678159 0.31993534482758623 0.12877155172413793 0.3267600574712644 0.12316810344827588 0.3307830459770115 0.11785201149425285 0.32783764367816093
0 0.0997485632183908 0.3097341954022989 0.10420258620689654 0.3057830459770115 0.11181752873563217 0.3077227011494253 0.11124281609195402 0.3163433908045977 0.10456178160919541 0.31885775862068966 0.09931752873563218 0.315337643678161
0 0.11122177954847283 0.2849435590969456 0.11636786188579024 0.2819555112881807 0.12259296148738386 0.2850265604249668 0.12176294820717137 0.2916666666666667 0.11620185922974774 0.2941567065073042 0.11088977423638784 0.2911686586985392
0 0.13046171171171173 0.2610923423423423 0.13620495495495494 0.25917792792792793 0.13902027027027028 0.2627815315315315 0.1358671171171171 0.26649774774774776 0.13125 0.26458333333333334
0 0.14161036036036032 0.2671734234234234 0.1456644144144144 0.2650337837837838 0.14915540540540537 0.2684121621621621 0.14724099099099097 0.27291666666666664 0.1421734234234234 0.2724662162162162
0 0.1528716216216216 0.267286036036036 0.15512387387387386 0.26413288288288284 0.16007882882882882 0.2655968468468468 0.15872747747747748 0.27088963963963963 0.15399774774774774 0.27088963963963963
0 0.16120631720430106 0.24915994623655915 0.1641465053763441 0.247059811827957 0.1671706989247312 0.2493279569892473 0.16465053763440862 0.25302419354838707 0.16154233870967744 0.2514280913978495
0 0.3597840314136125 0.40537739965095987 0.3637107329842932 0.40221422338568935 0.36949171029668404 0.40494109947643975 0.3682918848167539 0.4112674520069807 0.36294720767888305 0.41224912739965086 0.3598931064572425 0.4100676265270506
0 0.3492037521815008 0.3986147469458987 0.35433027923211163 0.3974149214659685 0.3568390052356021 0.40177792321116923 0.3532395287958115 0.4045047993019197 0.34887652705061084 0.40221422338568935
0 0.32727966841186734 0.3848712914485165 0.3296793193717277 0.3829079406631762 0.3337150959860384 0.38498036649214656 0.3321880453752181 0.3893433682373473 0.3278250436300174 0.38890706806282715
0 0.3336060209424084 0.375490837696335 0.33644197207678883 0.3733093368237346 0.3405868237347295 0.37690881326352527 0.33775087260034903 0.3796356893542757 0.33393324607329844 0.37821771378708546
0 0.40119382022471906 0.43078183520599256 0.40447097378277147 0.42928370786516856 0.40756086142322095 0.43167134831460674 0.4065777153558052 0.4354166666666667 0.4024110486891386 0.4352762172284645 0.40133426966292135 0.4338249063670412
0 0.40779494382022474 0.4208099250936329 0.41097846441947555 0.41898408239700374 0.41374063670411987 0.42141853932584267 0.41280430711610483 0.42492977528089887 0.4080758426966292 0.42502340823970036
0 0.4165964419475655 0.42764513108614227 0.419686329588015 0.4257256554307116 0.4231507490636704 0.4273174157303371 0.42249531835205983 0.43129681647940077 0.4180945692883895 0.4319522471910112
0 0.4106039325842696 0.4368211610486892 0.41416198501872653 0.435369850187266 0.41734550561797745 0.43789794007490634 0.4149110486891386 0.44173689138576777 0.4113998127340823 0.44075374531835204
0 0.42065692204301075 0.4435483870967742 0.42305107526881724 0.4417422715053763 0.4264112903225806 0.4428343413978494 0.42636928763440857 0.446362567204301 0.4229670698924731 0.44774865591397844 0.4207409274193548 0.44623655913978494
0 0.4262877883850438 0.4336465791567224 0.429420246618934 0.43170743834526654 0.4324035401750199 0.4334974144789181 0.4320057677008752 0.4371768098647574 0.42802804295942726 0.437972354813047 0.4264866746221162 0.4361326571201273
0 0.4324035401750199 0.4236525457438346 0.4355857199681783 0.42216089896579156 0.43891706443914086 0.42375198886237075 0.4375745823389022 0.4277794351630867 0.43344769291964996 0.4279285998408911 0.43250298329355613 0.4263375099443119
0 0.4445853221957041 0.4306135640413684 0.44682279236276856 0.42887330946698493 0.45075079554494835 0.4316079952267304 0.44751889419252194 0.43533711217183774 0.4443864359586317 0.43389518695306295
0 0.45363464598249803 0.4367293158313445 0.4572643198090693 0.43503878281622915 0.46014817024661897 0.4374254176610979 0.4583581941129674 0.44095564836913287 0.4540821400159109 0.4404087112171838
0 0.4415523070803501 0.45592183770883066 0.4449830946698489 0.45457935560859186 0.4478172235481305 0.4570157120127287 0.44627585521081947 0.4607945505171043 0.4421986873508354 0.4604962211614957 0.4414031424025458 0.4584576372315036
0 0.4479663882259348 0.4461764120922833 0.4509994033412888 0.4445853221957041 0.4540821400159109 0.44771778042959437 0.4519938345266508 0.4508005171042165 0.4483144391408115 0.4499552505966588 0.44771778042959437 0.44856304693715204
0 0.4515446937321938 0.4628516737891738 0.45394853988603995 0.46107104700854706 0.45684205840455844 0.46267361111111116 0.4561298076923077 0.4661013176638176 0.4528801638176639 0.46641292735042733 0.4518117877492878 0.4656116452991453
0 0.4577768874643875 0.45234597578347585 0.4603587962962963 0.4511440527065527 0.46271812678062685 0.4518563034188034 0.4631187678062678 0.45586271367521375 0.4600471866096867 0.4571091524216524 0.4577323717948718 0.455684650997151
0 0.4635194088319089 0.44317574786324787 0.4665019586894587 0.4417067307692308 0.4690393518518519 0.4434428418803419 0.46832710113960113 0.4469150641025641 0.46507745726495725 0.4474937678062678 0.4635194088319089 0.4456686253561254
0 0.4673732335827099 0.45890482128013305 0.4699709060681629 0.4569305901911887 0.4731400665004156 0.45885286783042395 0.4718412302576891 0.46233374896093105 0.4681525353283458 0.46269742310889445
0 0.4732959268495428 0.44913757273482957 0.4761533665835411 0.44700748129675816 0.4792186201163758 0.44924147963424765 0.47750415627597675 0.4531379883624273 0.47376350789692434 0.4521508728179551
0 0.48140770252324044 0.37840305444887123 0.48414674634794164 0.3754150066401063 0.4891268260292165 0.3770750332005313 0.4887948207171315 0.3814741035856575 0.48572377158034535 0.3838811420982736 0.48190571049136793 0.3818061088977424
0 0.4878818061088978 0.36869189907038524 0.490620849933599 0.36645086321381154 0.49452191235059767 0.36802788844621515 0.4934428950863214 0.37267596281540516 0.4883798140770253 0.37267596281540516
0 0.4990039840637451 0.34578353253652067 0.5039010624169987 0.34246347941567074 0.5102091633466136 0.3455345285524569 0.5086321381142099 0.3517596281540506 0.5024900398406376 0.3536686586985392 0.4991699867197876 0.3497675962815406
0 0.5550213675213675 0.29932336182336183 0.5607193732193733 0.29398148148148145 0.5685541310541311 0.2989672364672365 0.5657051282051283 0.306980056980057 0.5576923076923077 0.30662393162393164
0 0.5090811965811967 0.3304843304843305 0.5142450142450143 0.32496438746438744 0.5222578347578348 0.327991452991453 0.5174501424501425 0.3372507122507123 0.5113960113960114 0.3372507122507123
0 0.4902065527065527 0.3176638176638177 0.49608262108262113 0.3128561253561254 0.5048076923076924 0.3164173789173789 0.5048076923076924 0.32514245014245013 0.49537037037037046 0.32781339031339035 0.48985042735042744 0.32211538461538464
0 0.47222222222222227 0.3071581196581197 0.47774216524216534 0.30306267806267806 0.48486467236467246 0.3057336182336183 0.4853988603988605 0.3144586894586895 0.478454415954416 0.31837606837606836 0.47222222222222227 0.31374643874643876
0 0.4522792022792024 0.2929131054131054 0.45922364672364674 0.28863960113960113 0.4652777777777778 0.29433760683760685 0.46171652421652426 0.3016381766381766 0.45459401709401714 0.30003561253561256
0 0.5048076923076924 0.2962962962962963 0.50997150997151 0.29095441595441596 0.5176282051282052 0.2952279202279202 0.5167378917378919 0.3041310541310541 0.5074786324786325 0.30466524216524216
0 0.4857549857549859 0.28205128205128205 0.49537037037037046 0.2808048433048433 0.4996438746438747 0.28721509971509973 0.4951923076923077 0.29398148148148145 0.4873575498575499 0.29113247863247865
0 0.46794871794871806 0.2726139601139601 0.47346866096866097 0.26976495726495725 0.4805911680911682 0.2729700854700855 0.47613960113960124 0.28044871794871795 0.47044159544159553 0.2800925925925926
0 0.44800569800569806 0.26032763532763536 0.4553062678062679 0.2564102564102564 0.4626068376068377 0.2590811965811966 0.4610042735042736 0.2679843304843305 0.4531695156695158 0.2711894586894587 0.4476495726495727 0.2678062678062678
0 0.5176282051282052 0.27546296296296297 0.5222578347578348 0.2706552706552706 0.5304487179487181 0.27510683760683763 0.5295584045584046 0.28311965811965817 0.5195868945868947 0.2836538461538462
0 0.5001780626780628 0.2635327635327635 0.504451566951567 0.2606837606837607 0.5117521367521368 0.2638888888888889 0.5092592592592593 0.2711894586894587 0.5014245014245016 0.2708333333333333
0 0.4825498575498576 0.2523148148148148 0.4887820512820514 0.24893162393162394 0.49305555555555564 0.2548076923076923 0.48824786324786335 0.2592592592592593 0.4830840455840456 0.25783475783475784
0 0.4748931623931624 0.24537037037037038 0.47916666666666674 0.2435897435897436 0.48326210826210836 0.24715099715099717 0.47916666666666674 0.2516025641025641 0.4750712250712252 0.2508903133903134
0 0.462962962962963 0.23949430199430202 0.4693732193732194 0.23753561253561253 0.47329059829059833 0.24252136752136755 0.46830484330484334 0.24715099715099717 0.4645655270655271 0.24626068376068375
0 0.5528846153846154 0.23646723646723647 0.5585826210826211 0.2330840455840456 0.5651709401709403 0.23789173789173787 0.5625000000000001 0.24501424501424499 0.5550213675213675 0.24448005698005695
0 0.5804843304843306 0.25124643874643876 0.5856481481481481 0.2482193732193732 0.5920584045584046 0.2517806267806268 0.5893874643874645 0.25854700854700857 0.5831552706552707 0.26014957264957267 0.5801282051282052 0.2565883190883191
0 0.11074561403508776 0.1321271929824562 0.118421052631579 0.1275584795321638 0.1270102339181287 0.13340643274853808 0.11988304093567256 0.14345760233918137 0.11239035087719307 0.14053362573099426
0 0.13267543859649134 0.0880847953216375 0.1372441520467837 0.08625730994152053 0.1421783625730995 0.09009502923976616 0.13834064327485388 0.0963084795321638 0.13322368421052638 0.09429824561403514
0 0.14089912280701763 0.09539473684210534 0.14583333333333343 0.09082602339181294 0.15095029239766092 0.09649122807017552 0.14839181286549719 0.1017909356725147 0.1421783625730995 0.09996345029239773
0 0.5500389408099688 0.6399922118380061 0.5552959501557632 0.6351246105919002 0.5642523364485981 0.6380451713395638 0.5599688473520249 0.6481697819314641 0.5515965732087227 0.6470015576323986
0 0.5292056074766355 0.625973520249221 0.5364096573208722 0.6213006230529594 0.5424454828660435 0.6265576323987538 0.5414719626168224 0.6343457943925234 0.5323208722741433 0.635708722741433
0 0.5441978193146417 0.6014408099688473 0.5519859813084111 0.5989096573208722 0.558411214953271 0.604556074766355 0.5523753894080996 0.6131230529595014 0.5457554517133956 0.6084501557632398
0 0.5572429906542056 0.5806074766355139 0.5648364485981308 0.5782710280373832 0.5706775700934579 0.5829439252336448 0.5669781931464174 0.5901479750778815 0.5593847352024921 0.5897585669781931
0 0.5646417445482865 0.6150700934579438 0.5708722741433021 0.6109813084112148 0.57904984423676 0.6154595015576323 0.5743769470404984 0.6244158878504672 0.5671728971962615 0.6232476635514017
0 0.5771028037383177 0.5948208722741433 0.5829439252336448 0.5913161993769469 0.5903426791277258 0.5924844236760124 0.5895638629283488 0.6026090342679127 0.5809968847352025 0.6047507788161993
0 0.5989096573208722 0.6063084112149532 0.6063084112149532 0.6031931464174454 0.6117601246105918 0.6078660436137071 0.6096183800623052 0.6156542056074766 0.6010514018691588 0.6172118380062305 0.5975467289719626 0.612733644859813
0 0.6538161993769469 0.308411214953271 0.6588785046728971 0.3037383177570094 0.6668613707165109 0.30724299065420557 0.6651090342679127 0.31503115264797504 0.6565420560747662 0.3161993769470405 0.6534267912772584 0.31269470404984423
0 0.6351246105919002 0.29361370716510904 0.6405763239875388 0.2901090342679128 0.6479750778816199 0.29147196261682246 0.6495327102803737 0.30062305295950154 0.6431074766355139 0.30549065420560745 0.6355140186915887 0.30140186915887845
0 0.7577881619937694 0.40829439252336447 0.7614875389408099 0.40420560747663553 0.7681074766355139 0.404595015576324 0.7690809968847351 0.4123831775700934 0.7609034267912772 0.41335669781931467
0 0.7505841121495326 0.4182242990654205 0.7554517133956385 0.4147196261682243 0.7616822429906541 0.41510903426791274 0.7618769470404984 0.4223130841121495 0.7535046728971962 0.42445482866043616
0 0.7515576323987538 0.4388629283489096 0.7570093457943924 0.4357476635514018 0.7630451713395638 0.4369158878504672 0.7628504672897195 0.443341121495327 0.7579828660436136 0.4470404984423675 0.7533099688473519 0.4447040498442367
0 0.7655763239875388 0.4484034267912772 0.7708333333333333 0.4447040498442367 0.7786214953271028 0.4452881619937694 0.7790109034267911 0.4530763239875389 0.7737538940809968 0.45755451713395634 0.7675233644859812 0.45385514018691586
0 0.7404595015576323 0.4595015576323987 0.7482476635514017 0.45288161993769466 0.7573987538940808 0.45735981308411205 0.7579828660436136 0.46534267912772576 0.7513629283489096 0.46982087227414326 0.7439641744548285 0.46690031152647965
0 0.7653816199376946 0.4832554517133956 0.7712227414330218 0.47858255451713383 0.7807632398753893 0.48461838006230523 0.7795950155763238 0.4922118380062305 0.7684968847352024 0.49454828660436123
0 0.7901090342679128 0.49240654205607465 0.7940031152647975 0.4852024922118379 0.8060747663551402 0.4883177570093457 0.8019859813084111 0.4994158878504672 0.7934190031152647 0.5001947040498442
0 0.7782320872274142 0.4324376947040498 0.7844626168224298 0.42834890965732075 0.7936137071651089 0.4304906542056074 0.7930295950155762 0.44080996884735196 0.785436137071651 0.44295171339563855 0.781347352024922 0.43925233644859807
0 0.7885514018691588 0.4172507788161993 0.7963395638629284 0.41199376947040495 0.8033489096573208 0.41647196261682246 0.8033489096573208 0.4232866043613707 0.7953660436137071 0.4273753894080996 0.7897196261682242 0.425233644859813
0 0.7953660436137071 0.4439252336448597 0.8012071651090342 0.43808411214953263 0.8113317757009345 0.4417834890965731 0.8095794392523363 0.45249221183800614 0.8004283489096572 0.45249221183800614
0 0.810163551401869 0.4571651090342678 0.8158099688473519 0.45229750778816197 0.8257398753894081 0.4561915887850466 0.8247663551401868 0.46553738317757004 0.815031152647975 0.4674844236760124
0 0.8197040498442367 0.44158878504672894 0.8267133956386291 0.435942367601246 0.8341121495327102 0.4373052959501557 0.8358644859813082 0.44606697819314634 0.8298286604361369 0.45093457943925225 0.8222352024922117 0.44879283489096566
0 0.8315809968847351 0.4211448598130841 0.8391744548286604 0.41783489096573206 0.8471573208722741 0.42153426791277254 0.8446261682242989 0.4332165109034267 0.8358644859813082 0.4339953271028037 0.8327492211838006 0.43010124610591893
0 0.8417056074766355 0.40498442367601245 0.8494937694704048 0.4008956386292835 0.857671339563863 0.40712616822429903 0.8533878504672898 0.4172507788161993 0.8450155763239874 0.415303738317757
0 0.8062694704049843 0.4007009345794392 0.8136682242990654 0.3917445482866043 0.8267133956386291 0.39466510903426794 0.82904984423676 0.4061526479750779 0.821651090342679 0.41452492211838 0.8103582554517134 0.4110202492211838
0 0.8078271028037382 0.34754672897196265 0.8187305295950155 0.3401479750778816 0.8309968847352024 0.3455996884735202 0.8327492211838006 0.3607866043613707 0.8177570093457944 0.3681853582554517 0.8088006230529594 0.36176012461059187
0 0.8462217514124294 0.3608757062146893 0.8513418079096046 0.35469632768361575 0.8608757062146893 0.35752118644067804 0.8621115819209041 0.3654661016949152 0.8546963276836159 0.3693502824858757 0.8485169491525425 0.3672316384180791
0 0.8534604519774014 0.3862994350282486 0.8576977401129947 0.3806497175141243 0.868467514124294 0.3825918079096045 0.8697033898305087 0.3935381355932204 0.8566384180790962 0.3940677966101695
0 0.8629943502824861 0.3695268361581921 0.8711158192090397 0.3656426553672317 0.8797669491525426 0.37076271186440685 0.8758827683615821 0.3801200564971752 0.8667019774011302 0.3797669491525424
0 0.8271539548022598 0.3137358757062147 0.8402189265536725 0.30561440677966106 0.8555790960451979 0.3139124293785311 0.8516949152542374 0.3282132768361582 0.8389830508474577 0.3331567796610169 0.8282132768361582 0.3264477401129944
0 0.861581920903955 0.332274011299435 0.873587570621469 0.3252118644067796 0.8910663841807911 0.3335098870056497 0.8854166666666669 0.35257768361581926 0.8707627118644069 0.35363700564971756 0.8621115819209041 0.3446327683615819
0 0.8840042372881356 0.2997881355932204 0.8968926553672317 0.2921963276836158 0.9111935028248589 0.3022598870056497 0.9037782485875707 0.31797316384180796 0.8891242937853108 0.3195621468926554 0.8824152542372883 0.30949858757062143
0 0.8684675141242938 0.24629237288135594 0.876765536723164 0.23958333333333334 0.8878884180790961 0.2399364406779661 0.8968926553672317 0.2491172316384181 0.8914194915254238 0.2643008474576271 0.8762358757062148 0.265183615819209 0.8691737288135594 0.2575918079096045
0 0.9047818791946308 0.26691834451901564 0.912751677852349 0.2604865771812081 0.9272930648769574 0.2628635346756152 0.9302293064876956 0.27740492170022374 0.9207214765100671 0.2873322147651007 0.9061800894854586 0.2842561521252796 0.9025447427293064 0.2733501118568233
0 0.9243568232662193 0.23378076062639822 0.9344239373601789 0.2269295302013423 0.9471476510067114 0.2312639821029083 0.9507829977628636 0.24300894854586128 0.9450503355704698 0.2533557046979866 0.9291107382550334 0.2537751677852349 0.9228187919463087 0.24384787472035796
0 0.8149038461538461 0.156650641025641 0.8227163461538461 0.15144230769230765 0.8341346153846154 0.15404647435897434 0.8319310897435898 0.16646634615384615 0.8237179487179487 0.16947115384615385 0.8169070512820513 0.16606570512820512
0 0.7287660256410255 0.16566506410256412 0.7341746794871795 0.15965544871794873 0.743389423076923 0.1622596153846154 0.7419871794871795 0.172275641025641 0.7331730769230769 0.17247596153846154
0 0.8863831615120275 0.10953608247422682 0.8943298969072164 0.1015893470790378 0.902491408934708 0.10416666666666667 0.905713058419244 0.11383161512027491 0.8973367697594502 0.11898625429553265 0.8889604810996565 0.1166237113402062
0 0.8554553264604812 0.10996563573883163 0.8621134020618556 0.10416666666666667 0.8713487972508591 0.10803264604810996 0.8713487972508591 0.11554982817869415 0.8659793814432989 0.12220790378006872 0.8563144329896907 0.11855670103092784
0 0.8019759450171823 0.11469072164948454 0.8060567010309279 0.1093213058419244 0.8155068728522338 0.10889175257731959 0.8217353951890035 0.1168384879725086 0.8131443298969073 0.12628865979381446 0.8030498281786942 0.12263745704467353
0 0.6322040498442367 0.08644859813084112 0.6413551401869159 0.08060747663551403 0.6505062305295949 0.08469626168224298 0.647196261682243 0.09501557632398754 0.6372663551401868 0.09637850467289717
0 0.5944314641744547 0.06347352024922118 0.60202492211838 0.05529595015576323 0.6164330218068534 0.056464174454828646 0.6224688473520249 0.06853582554517133 0.6133177570093458 0.08138629283489096 0.5992990654205607 0.0790498442367601 0.5936526479750778 0.07067757009345793
0 0.6148753894080996 0.028232087227414326 0.6263629283489096 0.021222741433021806 0.6403816199376946 0.024922118380062308 0.6414388020833334 0.0400390625 0.6290887850467289 0.046534267912772584 0.6180013020833334 0.041666666666666664
0 0.4280111336032389 0.6398026315789473 0.42678812415654527 0.6384109311740891 0.4266194331983806 0.6367661943319839 0.42754723346828616 0.6348684210526316 0.4290232793522267 0.6335188933873145 0.4313006072874494 0.6333502024291499 0.4329875168690958 0.6343201754385965 0.43370445344129555 0.6363866396761133 0.43353576248313097 0.6389591767881242 0.4313006072874494 0.6406039136302294 0.4292763157894737 0.6404352226720648
0 0.4342526990553307 0.6324645748987855 0.4325236167341431 0.6309463562753037 0.4315114709851553 0.6292594466936573 0.4325236167341431 0.6266447368421053 0.4341261808367072 0.6254639001349528 0.43669871794871795 0.6254639001349528 0.43863866396761136 0.6270664642375169 0.4389338731443995 0.6297655195681512 0.43800607287449395 0.6313259109311741 0.4358552631578948 0.6324224021592443
0 0.4403255735492578 0.6245782726045884 0.43787955465587053 0.6233974358974359 0.43669871794871795 0.6215840080971661 0.43665654520917685 0.6191801619433198 0.43800607287449395 0.6177462887989204 0.440367746288799 0.6169450067476383 0.44251855600539813 0.6179149797570851 0.44403677462887997 0.6197705802968961 0.4436572199730095 0.6228070175438596 0.44226551956815113 0.6238613360323887
0 0.4677191840277778 0.638671875 0.46815321180555564 0.6370985243055556 0.47010633680555564 0.6353081597222223 0.4732530381944445 0.6353624131944445 0.4747178819444445 0.636935763888889 0.4747721354166667 0.640353732638889 0.47222222222222227 0.6426323784722223 0.46961805555555564 0.6426323784722223 0.46766493055555564 0.640353732638889
0 0.47164735099337746 0.5272488962472407 0.46937086092715236 0.5267660044150111 0.46743929359823405 0.5256967439293599 0.46716335540838855 0.5239721302428256 0.4676807395143488 0.5213507174392936 0.46930187637969095 0.5201434878587197 0.47137141280353206 0.5197640728476821 0.47302704194260486 0.5205918874172186 0.47437224061810157 0.5223165011037527 0.47451020971302427 0.5242825607064018 0.47378587196467997 0.5257657284768212
0 0.4789942052980133 0.5323192604856513 0.4768556843267108 0.5315949227373069 0.4756139624724062 0.5299048013245033 0.4756829470198676 0.5272488962472407 0.4766142384105961 0.5260761589403974 0.47813189845474613 0.5251793598233996 0.48033940397351 0.5252138520971303 0.4822709713024283 0.5262141280353202 0.48282284768211925 0.5282146799116998 0.4822364790286976 0.5303532008830022 0.48099475717439294 0.5315949227373069
0 0.4758310971973763 0.5190630590339893 0.4739303816338701 0.5183922182468694 0.47292412045319027 0.517013267740012 0.4722532796660704 0.5159324686940966 0.4724023553965415 0.513770870602266 0.4740794573643411 0.5121683064997019 0.47609197972570066 0.5114229278473466 0.47788088849135363 0.5120937686344663 0.4794461836613 0.5139572152653549 0.4794461836613 0.5163424269528921 0.4785144603458557 0.5177586463923673
