0 0.6127829218106996 0.6233281893004115 0.6035236625514403 0.6318158436213992 0.6050668724279835 0.6446759259259259 0.6138117283950617 0.6518775720164609 0.6292438271604939 0.6487911522633745 0.6331018518518519 0.6349022633744855 0.6289866255144033 0.6251286008230452
0 0.6459619341563786 0.6415895061728395 0.6611368312757202 0.6390174897119342 0.6693672839506173 0.6467335390946503 0.6691100823045267 0.6583076131687243 0.6572788065843621 0.6655092592592592 0.6482767489711935 0.6621656378600823 0.6449331275720165 0.6541923868312757
0 0.6397890946502057 0.6143261316872428 0.6503343621399177 0.6104681069958848 0.6616512345679013 0.6174125514403292 0.6603652263374485 0.6289866255144033 0.6521347736625513 0.6351594650205761 0.6382458847736625 0.6328446502057613 0.6349022633744855 0.6228137860082305
0 0.6220421810699588 0.5898919753086419 0.6333590534979424 0.5834619341563786 0.645704732510288 0.5916923868312757 0.6469907407407408 0.6017232510288065 0.6367026748971193 0.6099537037037037 0.6248713991769548 0.6084104938271605 0.6204989711934156 0.5978652263374485
0 0.7280405405405406 0.5934684684684685 0.7312312312312312 0.5857732732732733 0.742867867867868 0.5805180180180181 0.7558183183183184 0.586524024024024 0.7582582582582583 0.5987237237237237 0.75243993993994 0.6088588588588589 0.7381756756756757 0.6120495495495496 0.7286036036036037 0.6032282282282282
0 0.6510885885885885 0.5270270270270271 0.6582207207207208 0.5195195195195195 0.6715465465465466 0.5191441441441442 0.6786786786786787 0.5287162162162162 0.674924924924925 0.5416666666666666 0.6651651651651652 0.5456081081081081 0.6546546546546547 0.5411036036036037 0.651463963963964 0.5332207207207208
0 0.5990990990990991 0.5082582582582583 0.6114864864864865 0.5013138138138138 0.6231231231231231 0.5041291291291292 0.6296921921921922 0.5167042042042043 0.6251876876876877 0.5277777777777778 0.6139264264264264 0.53246996996997 0.5990990990990991 0.5281531531531533 0.5977852852852853 0.5153903903903904
0 0.6981981981981982 0.5311561561561562 0.7012012012012012 0.5212087087087087 0.7090840840840841 0.5161411411411412 0.7201576576576576 0.5182057057057058 0.7248498498498499 0.5268393393393394 0.7222222222222222 0.5386636636636637 0.7087087087087087 0.543918918918919 0.6987612612612613 0.5382882882882882
0 0.7447089947089948 0.5570436507936508 0.7506613756613757 0.5486111111111112 0.7614087301587302 0.5454695767195767 0.7705026455026455 0.5491071428571429 0.7769510582010584 0.5615079365079365 0.7683531746031746 0.5730820105820107 0.7581018518518519 0.576388888888889 0.748181216931217 0.572255291005291
0 0.7905405405405407 0.5735735735735736 0.7948573573573573 0.5640015015015015 0.8027402402402402 0.5587462462462462 0.8158783783783783 0.5640015015015015 0.8188813813813813 0.5780780780780781 0.8076201201201201 0.5855855855855856 0.7948573573573573 0.5823948948948949
0 0.8059309309309308 0.5412912912912914 0.8100600600600601 0.5305930930930931 0.8194444444444444 0.5262762762762763 0.8331456456456457 0.5328453453453453 0.8331456456456457 0.5471096096096096 0.821509009009009 0.5542417417417418 0.8111861861861862 0.5510510510510511
0 0.7633258258258259 0.5283408408408409 0.7648273273273274 0.5172672672672673 0.7732732732732732 0.5095720720720721 0.7871621621621622 0.5101351351351352 0.7941066066066065 0.5202702702702703 0.7937312312312313 0.5330330330330331 0.7849099099099099 0.5396021021021021 0.7715840840840842 0.5371621621621622
0 0.822072072072072 0.5075075075075075 0.827515015015015 0.49568318318318316 0.8429054054054054 0.49831081081081086 0.8498498498498498 0.5099474474474475 0.8434684684684683 0.5215840840840842 0.8267642642642642 0.5208333333333334
0 0.7830330330330331 0.48235735735735735 0.789602102102102 0.47334834834834844 0.8019894894894896 0.4727852852852853 0.811936936936937 0.48160660660660665 0.8100600600600601 0.4958708708708709 0.8003003003003003 0.5020645645645646 0.7864114114114114 0.4992492492492493 0.7826576576576576 0.4906156156156157
0 0.8411214953271028 0.6066978193146416 0.8446261682242989 0.5985202492211837 0.851246105919003 0.5913161993769469 0.8685747663551403 0.5992990654205607 0.8685747663551403 0.6144859813084111 0.8557242990654207 0.6224688473520249 0.8452102803738316 0.6179906542056074
0 0.8556159420289854 0.5739130434782609 0.8599637681159419 0.5650362318840579 0.870108695652174 0.5585144927536231 0.8849637681159419 0.5681159420289855 0.8849637681159419 0.5806159420289855 0.8742753623188406 0.5885869565217391 0.8615942028985506 0.5864130434782608
0 0.8713768115942029 0.5382246376811594 0.8813405797101448 0.5259057971014492 0.8976449275362319 0.529891304347826 0.9012681159420289 0.5411231884057971 0.8967391304347825 0.5525362318840579 0.8865942028985506 0.5550724637681159 0.8777173913043477 0.5541666666666667
0 0.9215425531914895 0.3909574468085106 0.9295212765957447 0.37810283687943264 0.9425975177304965 0.37522163120567376 0.9541223404255319 0.38209219858156024 0.9574468085106383 0.4002659574468085 0.9430407801418439 0.4109042553191489 0.9292996453900709 0.40890957446808507
0 0.7212301587301587 0.48726851851851855 0.7273478835978836 0.4742063492063492 0.7380952380952381 0.47222222222222227 0.7493386243386244 0.48032407407407407 0.7506613756613757 0.4917328042328043 0.7447089947089948 0.5008267195767195 0.7311507936507937 0.5014880952380952 0.7248677248677249 0.49685846560846564
0 0.6812169312169313 0.4760251322751323 0.6875 0.46759259259259267 0.7018849206349207 0.46378968253968256 0.7119708994708995 0.47255291005291006 0.7121362433862434 0.48660714285714285 0.699239417989418 0.4975198412698413 0.6848544973544974 0.4917328042328043
0 0.6291442652329748 0.46247759856630827 0.6329525089605734 0.45015681003584224 0.6448252688172043 0.44500448028673834 0.658266129032258 0.4515008960573476 0.660282258064516 0.4627016129032258 0.6578181003584229 0.4734543010752688 0.6454973118279569 0.4768145161290322 0.631160394265233 0.4700940860215054
0 0.5928539426523297 0.3981854838709677 0.6087589605734767 0.38922491039426516 0.6273521505376344 0.39572132616487454 0.633176523297491 0.4102822580645162 0.6280241935483871 0.4275313620071684 0.6105510752688171 0.43604390681003585 0.5874775985663082 0.4226030465949821
0 0.43461345381526106 0.6316516064257028 0.4373744979919679 0.6216114457831325 0.4506777108433735 0.6213604417670683 0.4541917670682731 0.6281375502008032 0.4539407630522088 0.6369226907630522 0.44766566265060237 0.6431977911646586 0.43812751004016065 0.6399347389558233
0 0.5079066265060241 0.5003765060240963 0.5161897590361445 0.49410140562248994 0.5289909638554217 0.5018825301204819 0.524472891566265 0.5131777108433735 0.5129267068273092 0.5141817269076305
0 0.5197038152610441 0.4745230923694779 0.5320030120481928 0.47326807228915657 0.5380271084337349 0.4823042168674699 0.5309989959839357 0.4913403614457831 0.5219628514056225 0.4908383534136546 0.5156877510040161 0.48381024096385544
0 0.5269829317269076 0.4554467871485944 0.5370230923694779 0.44917168674698793 0.5463102409638555 0.4587098393574297 0.5448042168674699 0.466741967871486 0.5327560240963856 0.4700050200803213 0.5249748995983936 0.4627259036144578
0 0.4869146005509642 0.4729683195592287 0.48966942148760334 0.465736914600551 0.4979338842975207 0.46349862258953173 0.5020661157024794 0.46780303030303033 0.5003443526170799 0.47658402203856753 0.49552341597796146 0.4791666666666667 0.48863636363636365 0.47813360881542705
0 0.4835526315789474 0.4910453216374269 0.4806286549707603 0.485014619883041 0.48592836257309946 0.4802631578947369 0.49305555555555564 0.48263888888888895 0.4904970760233919 0.4908625730994153
0 0.48410087719298245 0.5127923976608187 0.4866593567251462 0.5076754385964912 0.49250730994152053 0.5067616959064328 0.495248538011696 0.5104166666666666 0.49470029239766083 0.5151681286549707 0.48994883040935683 0.5171783625730995
0 0.469623253493014 0.5155314371257486 0.468625249500998 0.5187749500998005 0.46924900199600805 0.5207709580838323 0.471369760479042 0.5232659680638724 0.47486277445109787 0.5227669660678643 0.4773577844311378 0.5202719560878244 0.4766092814371258 0.5159056886227545 0.47411427145708585 0.5145334331337326
0 0.470247005988024 0.5291292415169662 0.46662924151696616 0.5285054890219562 0.46563123752495017 0.5257609780439122 0.4660054890219561 0.5238897205588823 0.46924900199600805 0.5230164670658682 0.47411427145708585 0.5245134730538923 0.47411427145708585 0.5273827345309382
0 0.42470472440944884 0.5139435695538058 0.42290026246719153 0.5167322834645669 0.42372047244094485 0.5218175853018373 0.4268372703412074 0.5247703412073491 0.4325787401574804 0.5223097112860893 0.43520341207349084 0.5168963254593176 0.4306102362204725 0.5132874015748031
0 0.4266732283464567 0.5075459317585301 0.42896981627296593 0.5121391076115486 0.4335629921259843 0.5137795275590551 0.4365157480314961 0.5121391076115486 0.43717191601049876 0.5068897637795277 0.43487532808398954 0.5036089238845145 0.4307742782152231 0.5021325459317585
0 0.4321141098484848 0.4965080492424242 0.4332978219696969 0.4926017992424242 0.4376775568181819 0.4927201704545454 0.4420572916666667 0.4953243371212121 0.439453125 0.5008877840909092 0.4367305871212121 0.5026633522727273 0.4323508522727273 0.4998224431818181
0 0.43980823863636354 0.5108309659090908 0.4407552083333333 0.5069247159090908 0.4446614583333333 0.5066879734848485 0.44833096590909083 0.5088186553030302 0.44714725378787873 0.5134351325757575 0.4438328598484848 0.5155658143939393 0.4408735795454546 0.5139086174242425
0 0.4404000946969698 0.5013612689393939 0.4418205492424242 0.49769176136363646 0.4467921401515152 0.4959161931818181 0.4491595643939394 0.4995857007575758 0.4491595643939394 0.5029000946969698 0.447265625 0.5051491477272727 0.44324100378787873 0.5051491477272727
0 0.22248427672955975 0.20577830188679247 0.22936320754716982 0.20007861635220126 0.2403694968553459 0.20007861635220126 0.2466588050314465 0.2095125786163522 0.2482311320754717 0.21658805031446537 0.23958333333333334 0.2250393081761006 0.2283805031446541 0.22464622641509435 0.22032232704402513 0.21914308176100625
0 0.1959512578616352 0.17865566037735847 0.20145440251572327 0.17197327044025157 0.21010220125786164 0.17452830188679247 0.21344339622641503 0.18238993710691823 0.20656446540880502 0.18749999999999997 0.19772012578616352 0.1869103773584906
0 0.17983490566037733 0.20204402515723272 0.1814072327044025 0.1939858490566038 0.18749999999999997 0.18946540880503143 0.19752358490566035 0.18907232704402516 0.202437106918239 0.19732704402515724 0.20027515723270436 0.20636792452830185 0.19339622641509432 0.21088836477987422 0.18160377358490568 0.2087264150943396
0 0.16607704402515724 0.22464622641509435 0.1713836477987421 0.21835691823899367 0.1835691823899371 0.21678459119496854 0.18867924528301885 0.22405660377358486 0.18730345911949686 0.23486635220125787 0.17669025157232704 0.24076257861635222 0.16529088050314464 0.23368710691823896
0 0.19713050314465408 0.2334905660377358 0.20499213836477984 0.22700471698113206 0.21953616352201255 0.23172169811320753 0.2205188679245283 0.24194182389937102 0.21560534591194966 0.25019654088050314 0.20459905660377356 0.2511792452830189 0.1967374213836478 0.24331761006289307
0 0.22916666666666666 0.24469339622641503 0.23938679245283018 0.23997641509433956 0.24842767295597487 0.24901729559748428 0.24154874213836477 0.26002358490566035 0.2283805031446541 0.2566823899371069
0 0.25805817610062887 0.24076257861635222 0.26513364779874216 0.23486635220125787 0.2737814465408805 0.2352594339622641 0.27849842767295596 0.24056603773584906 0.27653301886792453 0.2533411949685534 0.2647405660377358 0.25471698113207547 0.25884433962264153 0.2476415094339622
0 0.2967767295597484 0.2596305031446541 0.31014150943396224 0.25432389937106914 0.3181996855345912 0.2619889937106918 0.31682389937106914 0.27299528301886794 0.3040487421383648 0.27692610062893075 0.2971698113207547 0.26788522012578614
0 0.3195754716981132 0.2783018867924528 0.33058176100628933 0.27417452830188677 0.3374606918238993 0.2816430817610062 0.3352987421383648 0.29009433962264153 0.3213443396226415 0.2902908805031446
0 0.2834119496855346 0.29441823899371067 0.2887185534591195 0.28911163522012584 0.29952830188679247 0.29461477987421386 0.2969732704402515 0.3034591194968553 0.28930817610062887 0.30463836477987416 0.28321540880503143 0.3022798742138365
0 0.27338836477987416 0.3209512578616352 0.27869496855345915 0.3146619496855346 0.2881289308176101 0.31682389937106914 0.28911163522012584 0.32429245283018865 0.2851808176100629 0.32763364779874216 0.2739779874213837 0.3280267295597484
0 0.30429790026246717 0.3244750656167979 0.3038057742782152 0.31299212598425197 0.3139763779527559 0.30856299212598426 0.3188976377952756 0.31299212598425197 0.3210301837270341 0.3205380577427821 0.31610892388451445 0.3257874015748031 0.3079068241469816 0.3261154855643044
0 0.30298556430446194 0.30183727034120733 0.3082349081364829 0.2974081364829396 0.3143044619422572 0.2988845144356955 0.31528871391076113 0.3052821522309711 0.31151574803149606 0.3093832020997375 0.3052821522309711 0.3093832020997375
0 0.26369047619047625 0.3471726190476191 0.265327380952381 0.3404761904761905 0.27470238095238103 0.33779761904761907 0.280952380952381 0.3428571428571429 0.27901785714285715 0.3511904761904762 0.27157738095238104 0.35610119047619054
0 0.15420962199312713 0.2613831615120275 0.1561426116838488 0.25322164948453607 0.16559278350515463 0.2508591065292096 0.17504295532646047 0.2540807560137457 0.1765463917525773 0.26181271477663237 0.17461340206185566 0.26890034364261167 0.16988831615120273 0.271692439862543 0.16151202749140894 0.27298109965635736 0.15378006872852232 0.26890034364261167
0 0.13702749140893472 0.29531786941580757 0.14175257731958762 0.2852233676975945 0.15098797250859106 0.2820017182130584 0.1604381443298969 0.2867268041237114 0.16301546391752578 0.29424398625429554 0.15893470790378006 0.304553264604811 0.1520618556701031 0.30820446735395196 0.14175257731958762 0.30541237113402064
0 0.11060996563573883 0.3477233676975946 0.1209192439862543 0.33762886597938147 0.13380584192439862 0.3429982817869416 0.13573883161512026 0.3571735395189004 0.13144329896907217 0.3653350515463918 0.11619415807560138 0.36576460481099665 0.11189862542955327 0.35803264604810997
0 0.15292096219931273 0.3610395189003437 0.1645189003436426 0.35609965635738833 0.17547250859106528 0.3636168384879725 0.17504295532646047 0.3713487972508592 0.16537800687285226 0.38079896907216493 0.15420962199312713 0.37564432989690727
0 0.1565721649484536 0.33182989690721654 0.16559278350515463 0.3247422680412371 0.17268041237113402 0.3277491408934708 0.17375429553264607 0.3389175257731959 0.16516323024054982 0.3412800687285223 0.15721649484536085 0.33784364261168387
0 0.09686426116838488 0.3782216494845361 0.09965635738831616 0.36963058419243994 0.10824742268041236 0.37220790378006874 0.11082474226804123 0.37929553264604815 0.10223367697594501 0.3846649484536083
0 0.18298969072164947 0.37435567010309284 0.18792955326460484 0.3676975945017183 0.1984536082474227 0.3700601374570447 0.1997422680412371 0.3788659793814433 0.19265463917525777 0.3861683848797251 0.18664089347079038 0.38423539518900346
0 0.2175687285223368 0.38079896907216493 0.22830756013745704 0.3788659793814433 0.23711340206185563 0.38659793814432997 0.23732817869415812 0.396692439862543 0.22164948453608246 0.40335051546391754 0.21456185567010314 0.3962628865979382
0 0.16752577319587628 0.41129725085910657 0.17418384879725085 0.4014175257731959 0.1823453608247423 0.40034364261168387 0.18921821305841924 0.40914948453608246 0.1834192439862543 0.42203608247422686 0.17246563573883164 0.41859965635738833
0 0.1438172043010753 0.3995295698924731 0.14885752688172044 0.39381720430107525 0.15910618279569894 0.3956653225806452 0.1616263440860215 0.40423387096774194 0.15255376344086022 0.4099462365591398 0.14532930107526884 0.40793010752688175
0 0.16196236559139787 0.4361559139784946 0.16196236559139787 0.42926747311827956 0.17204301075268816 0.4279233870967742 0.1738911290322581 0.43699596774193544 0.16498655913978497 0.4393481182795698
0 0.15456989247311828 0.45413306451612895 0.15994623655913978 0.4469086021505376 0.16901881720430106 0.44758064516129026 0.17338709677419353 0.45379704301075263 0.16633064516129034 0.4653897849462365 0.15540994623655915 0.4593413978494623
0 0.13071236559139787 0.44086021505376344 0.13676075268817206 0.4366599462365591 0.14499327956989247 0.4388440860215054 0.1466733870967742 0.44724462365591394 0.1399529569892473 0.45362903225806445 0.13071236559139787 0.448252688172043
0 0.12365591397849461 0.4652217741935484 0.13020833333333334 0.46001344086021506 0.139616935483871 0.46572580645161293 0.13625672043010753 0.4751344086021505 0.125 0.47429435483870963 0.12281586021505377 0.46925403225806445
0 0.14868951612903228 0.47446236559139776 0.1515456989247312 0.4684139784946236 0.16028225806451615 0.4700940860215054 0.16213037634408603 0.4779905913978494 0.1582661290322581 0.481518817204301 0.1508736559139785 0.4811827956989247
0 0.11743951612903226 0.48202284946236557 0.12247983870967744 0.4759744623655914 0.13390456989247312 0.4783266129032258 0.13323252688172044 0.48891129032258057 0.12365591397849461 0.4924395161290322
0 0.18027553763440862 0.5053763440860215 0.1875 0.5011760752688171 0.1947244623655914 0.508736559139785 0.1895161290322581 0.5186491935483871 0.17859543010752688 0.5146169354838709
0 0.20278897849462368 0.5077284946236559 0.21505376344086022 0.5026881720430106 0.22227822580645162 0.5100806451612903 0.21959005376344085 0.5171370967741935 0.20564516129032262 0.5169690860215054
0 0.18531586021505375 0.4847110215053763 0.1953965053763441 0.479502688172043 0.20329301075268816 0.48941532258064513 0.1960685483870968 0.49613575268817206 0.18665994623655915 0.4924395161290322
0 0.17825940860215056 0.4702620967741935 0.18800403225806453 0.46774193548387094 0.1906922043010753 0.47715053763440857 0.18077956989247312 0.48051075268817206 0.17691532258064518 0.4739583333333333
0 0.09778528528528536 0.4262387387387388 0.09816066066066075 0.42023273273273276 0.1092342342342343 0.4177927927927928 0.11336336336336345 0.4292417417417418 0.10510510510510518 0.4352477477477477 0.09759759759759769 0.4299924924924925
0 0.06343843843843851 0.44406906906906907 0.06737987987987996 0.43581081081081086 0.07676426426426435 0.43468468468468474 0.08333333333333341 0.43956456456456455 0.08014264264264272 0.45138888888888895 0.07319819819819828 0.4534534534534535 0.06343843843843851 0.45138888888888895
0 0.054617117117117205 0.4654654654654655 0.057432432432432505 0.4538288288288288 0.06888138138138145 0.45401651651651653 0.07413663663663671 0.46039789789789787 0.07263513513513521 0.4688438438438439 0.06418918918918927 0.47222222222222227
0 0.1459995567375886 0.4899711879432624 0.145667109929078 0.4847628546099291 0.1476617907801418 0.4831006205673759 0.15353501773049644 0.4834330673758866 0.15397828014184392 0.4908577127659575 0.1488807624113475 0.49251994680851063
0 0.1467752659574468 0.5021609042553191 0.15021054964539005 0.4975066489361702 0.1573027482269503 0.497728280141844 0.15951906028368792 0.5037123226950354 0.15608377659574468 0.5100288120567376 0.1489915780141844 0.5081449468085106
0 0.05313375350140055 0.5024509803921569 0.04998249299719889 0.5010504201680672 0.047531512605042 0.4978991596638655 0.0472689075630252 0.4926470588235294 0.04936974789915966 0.48888305322128855 0.05278361344537815 0.48739495798319327 0.05716036414565827 0.4877450980392157 0.060399159663865554 0.49010854341736687 0.06162464985994398 0.49308473389355745 0.06136204481792716 0.49737394957983194 0.0590861344537815 0.5005252100840335 0.05532212885154061 0.5026260504201681
0 0.062149859943977585 0.5035014005602241 0.06127450980392156 0.4999124649859944 0.06197478991596639 0.4968487394957983 0.06328781512605042 0.4938725490196078 0.0660889355742297 0.4921218487394958 0.070640756302521 0.49168417366946776 0.07466736694677871 0.49483543417366943 0.07598039215686274 0.4989495798319328 0.07475490196078431 0.5040266106442577 0.0701155462184874 0.5057773109243697 0.06591386554621848 0.5054271708683473
0 0.07878151260504203 0.5082282913165266 0.07746848739495797 0.5065651260504201 0.07703081232492998 0.5028886554621849 0.0778186274509804 0.4992997198879552 0.07991946778711485 0.49711134453781514 0.08464635854341737 0.49614845938375346 0.0898984593837535 0.4989495798319328 0.09094887955182072 0.50218837535014 0.09068627450980392 0.5071778711484594 0.08578431372549021 0.509891456582633 0.08105742296918766 0.5095413165266106
0 0.2224298007246377 0.28187273550724634 0.21869338768115942 0.280174365942029 0.2163156702898551 0.2765511775362319 0.21552309782608697 0.27156929347826086 0.21778759057971014 0.2678328804347826 0.2236752717391304 0.2655683876811594 0.22967617753623187 0.2681725543478261 0.23126132246376813 0.27417346014492755 0.2299026268115942 0.2782495471014493 0.22480751811594202 0.2820991847826087
0 0.21371150362318844 0.28843976449275366 0.2163156702898551 0.28538269927536236 0.2206182065217391 0.2834578804347826 0.22492074275362317 0.2848165760869565 0.22820425724637683 0.28923233695652173 0.22831748188405798 0.2941009963768116 0.22548686594202902 0.29829030797101447 0.2206182065217391 0.2996490036231884 0.21563632246376813 0.29749773550724634 0.2128057065217391 0.2933084239130435
