0 0.2918176328502416 0.9461050724637681 0.3026871980676329 0.938858695652174 0.3135567632850242 0.9467089371980677 0.3117451690821257 0.9578804347826088 0.30208333333333337 0.962409420289855 0.2924214975845411 0.9575785024154589
0 0.3201992753623189 0.9479166666666666 0.3295591787439614 0.938858695652174 0.3410326086956522 0.9464070048309179 0.34073067632850246 0.9566727053140096 0.33227657004830924 0.9636171497584541 0.3214070048309179 0.9587862318840579
0 0.3506944444444445 0.9503321256038648 0.3582427536231884 0.9400664251207729 0.3718297101449276 0.9448973429951691 0.37243357487922707 0.9578804347826088 0.361262077294686 0.963919082125604 0.3519021739130435 0.9560688405797102
0 0.3192934782608696 0.9128925120772946 0.33288043478260876 0.9041364734299516 0.3428442028985508 0.9156099033816425 0.33589975845410636 0.9273852657004831 0.32472826086956524 0.9273852657004831 0.3198973429951691 0.920138888888889
0 0.29060990338164255 0.9128925120772946 0.3026871980676329 0.9050422705314011 0.31446256038647347 0.9137983091787439 0.3090277777777778 0.9291968599033816 0.29211956521739135 0.9261775362318839
0 0.29211956521739135 0.8881340579710145 0.298762077294686 0.88118961352657 0.30963164251207737 0.8839070048309179 0.3105374396135266 0.8947765700483091 0.3011775362318841 0.9008152173913043 0.2939311594202899 0.8959842995169082
0 0.31748188405797106 0.8881340579710145 0.3241243961352657 0.8805857487922706 0.33469202898550726 0.8814915458937198 0.3374094202898551 0.8926630434782609 0.3301630434782609 0.9002113526570048 0.3211050724637682 0.8968900966183575
0 0.5330615942028986 0.8944746376811594 0.5397041062801933 0.8902475845410627 0.5466485507246377 0.89387077294686 0.5469504830917875 0.901419082125604 0.5421195652173914 0.9059480676328502 0.532457729468599 0.9038345410628019
0 0.5502558479532165 0.8945540935672514 0.5557383040935673 0.8896198830409355 0.564327485380117 0.8934576023391811 0.564327485380117 0.9044225146198829 0.5564692982456141 0.9073464912280701 0.5504385964912282 0.9029605263157894
0 0.5323464912280702 0.877375730994152 0.5365497076023392 0.8724415204678362 0.5444078947368421 0.8739035087719297 0.5482456140350878 0.8817616959064327 0.5422149122807018 0.888157894736842 0.5356359649122807 0.888157894736842 0.5321637426900585 0.8837719298245613
0 0.549890350877193 0.8782894736842104 0.5542763157894737 0.8729897660818712 0.5617690058479532 0.8729897660818712 0.5659722222222223 0.880299707602339 0.560124269005848 0.8888888888888887 0.5520833333333334 0.8866959064327485 0.5493421052631579 0.8817616959064327
0 0.6098318713450293 0.9535818713450293 0.6156798245614036 0.9486476608187134 0.6255482456140351 0.9495614035087718 0.6301169590643275 0.9592470760233918 0.6248172514619883 0.9685672514619881 0.6149488304093567 0.9680190058479531 0.6098318713450293 0.963267543859649
0 0.6350511695906433 0.9552266081871345 0.6408991228070176 0.9490131578947368 0.6502192982456141 0.9497441520467835 0.6549707602339182 0.9570540935672514 0.6509502923976608 0.9672880116959063 0.6407163742690059 0.9678362573099414 0.6352339181286549 0.9627192982456139
0 0.6602704678362573 0.9550438596491228 0.6675804093567252 0.9471856725146197 0.6789108187134503 0.9519371345029238 0.6800073099415205 0.9623538011695905 0.6714181286549707 0.9687499999999998 0.6620979532163742 0.9647295321637427
0 0.6860380116959065 0.954312865497076 0.6940789473684211 0.947002923976608 0.7052266081871346 0.9533991228070173 0.7048611111111112 0.9643640350877193 0.6966374269005848 0.9698464912280701 0.6867690058479532 0.963267543859649
0 0.7112573099415205 0.9544956140350876 0.7183845029239766 0.9473684210526314 0.7293494152046783 0.9519371345029238 0.7311769005847953 0.9614400584795321 0.7249634502923977 0.9689327485380115 0.7134502923976608 0.9658260233918128
0 0.7004751461988304 0.9316520467836256 0.7070540935672515 0.9247076023391811 0.7183845029239766 0.9283625730994152 0.7198464912280702 0.9385964912280701 0.7130847953216375 0.9444444444444444 0.7033991228070176 0.9431652046783625
0 0.6747076023391813 0.9334795321637427 0.6805555555555556 0.9248903508771928 0.6909722222222223 0.9261695906432746 0.6944444444444445 0.9349415204678362 0.6896929824561404 0.9448099415204677 0.6801900584795322 0.9449926900584794 0.674890350877193 0.940423976608187
0 0.6493055555555556 0.9311038011695905 0.6573464912280702 0.9248903508771928 0.6659356725146199 0.9270833333333331 0.6692251461988304 0.9336622807017544 0.6661184210526316 0.9435307017543859 0.6551535087719299 0.9455409356725145 0.6491228070175439 0.9409722222222221
0 0.6222587719298246 0.9329312865497076 0.6290204678362573 0.9261695906432746 0.6374269005847953 0.925438596491228 0.6434576023391813 0.9316520467836256 0.6418128654970761 0.9411549707602338 0.6323099415204678 0.9468201754385963 0.6240862573099416 0.939875730994152
0 0.5970394736842106 0.9323830409356724 0.60453216374269 0.9258040935672514 0.6136695906432749 0.9261695906432746 0.6182383040935673 0.9347587719298245 0.6149488304093567 0.9433479532163742 0.6054459064327485 0.9462719298245613 0.5986842105263158 0.9417032163742689
0 0.6114766081871346 0.9113669590643273 0.6154970760233919 0.9042397660818712 0.6231725146198831 0.902046783625731 0.6313961988304094 0.9099049707602338 0.629203216374269 0.9190423976608186 0.6228070175438596 0.922514619883041 0.6144005847953217 0.9197733918128654
0 0.6374269005847953 0.9082602339181286 0.6447368421052632 0.9022295321637427 0.6549707602339182 0.9058845029239765 0.6564327485380117 0.9179459064327485 0.6483918128654971 0.923611111111111 0.6390716374269007 0.9201388888888887
0 0.6630116959064328 0.908625730994152 0.670138888888889 0.9014985380116959 0.6801900584795322 0.9053362573099414 0.6829312865497076 0.9161184210526314 0.6750730994152047 0.923611111111111 0.6633771929824561 0.9190423976608186
0 0.6873172514619883 0.9111842105263156 0.6948099415204678 0.9024122807017544 0.7065058479532164 0.9051535087719297 0.7070540935672515 0.9181286549707601 0.6995614035087719 0.9245248538011694 0.691154970760234 0.9210526315789472
0 0.6560672514619883 0.8810307017543859 0.6560672514619883 0.8945540935672514 0.6657529239766082 0.8991228070175438 0.6770833333333334 0.8890716374269004 0.6692251461988304 0.8788377192982455
0 0.6313961988304094 0.8812134502923976 0.6419956140350878 0.877923976608187 0.6516812865497076 0.88578216374269 0.6419956140350878 0.8987573099415204 0.6312134502923977 0.8932748538011694 0.6290204678362573 0.8852339181286548
0 0.6038011695906433 0.8877923976608186 0.6074561403508772 0.8795687134502922 0.6158625730994153 0.8781067251461987 0.6242690058479532 0.8841374269005846 0.6206140350877194 0.8963815789473684 0.6069078947368421 0.8974780701754386
0 0.33677184466019416 0.7107605177993528 0.34324433656957926 0.7034789644012945 0.35740291262135915 0.703883495145631 0.3624595469255663 0.7119741100323623 0.36144822006472493 0.7249190938511327 0.3468851132686084 0.7305825242718447 0.33737864077669905 0.7235032362459547
0 0.3483009708737864 0.6842637540453075 0.35780744336569575 0.6727346278317151 0.3733818770226537 0.6771844660194174 0.37499999999999994 0.6921521035598706 0.3616504854368932 0.7006472491909385 0.35012135922330095 0.69457928802589
0 0.37095469255663427 0.6603964401294498 0.37682038834951453 0.6523058252427184 0.39037216828478966 0.6500809061488673 0.3988673139158576 0.6656553398058253 0.38612459546925565 0.6783980582524273 0.372168284789644 0.6731391585760518
0 0.3877427184466019 0.6393608414239482 0.4016990291262136 0.6258090614886731 0.41747572815533973 0.6312702265372169 0.41808252427184467 0.6486650485436892 0.40271035598705507 0.6557443365695792
0 0.4142394822006472 0.7164239482200647 0.42334142394822005 0.7093446601941747 0.43365695792880254 0.7117718446601942 0.4372977346278318 0.7224919093851133 0.43264563106796117 0.7303802588996763 0.41970064724919093 0.7303802588996763 0.4136326860841424 0.7212783171521036
0 0.44377022653721687 0.7176375404530745 0.45125404530744334 0.7095469255663429 0.4629854368932039 0.7099514563106796 0.46783980582524276 0.720873786407767 0.46076051779935273 0.7309870550161812 0.4496359223300971 0.730177993527508
0 0.4747168284789643 0.7156148867313916 0.4834142394822006 0.7089401294498382 0.49737055016181236 0.7127831715210355 0.49635922330097076 0.7257281553398058 0.48847087378640786 0.731593851132686 0.4747168284789643 0.7281553398058253
0 0.47795307443365687 0.6846682847896439 0.4876618122977347 0.6777912621359223 0.4971682847896439 0.6856796116504855 0.49555016181229766 0.6966019417475727 0.48422330097087374 0.698220064724919 0.47754854368932037 0.6927588996763753
0 0.4496359223300971 0.686084142394822 0.45772653721682843 0.679004854368932 0.468042071197411 0.6798139158576051 0.47188511326860844 0.6891181229773463 0.46561488673139156 0.6990291262135921 0.4559061488673139 0.6984223300970874 0.45024271844660196 0.6927588996763753
0 0.4235436893203884 0.6858818770226537 0.43143203883495135 0.6783980582524273 0.4427588996763753 0.6820388349514562 0.44437702265372175 0.6913430420711975 0.43932038834951453 0.6988268608414239 0.4279935275080906 0.6976132686084143 0.42313915857605183 0.6929611650485438
0 0.3974514563106796 0.6856796116504855 0.4031148867313916 0.679004854368932 0.41565533980582525 0.6792071197411004 0.4182847896440129 0.6899271844660194 0.41221682847896435 0.698220064724919 0.40028317152103554 0.6988268608414239
0 0.44720873786407767 0.648462783171521 0.4534789644012945 0.63915857605178 0.4664239482200647 0.6440129449838188 0.46318770226537215 0.6573624595469255 0.4494336569579288 0.658373786407767
0 0.44538834951456313 0.6003236245954692 0.4559061488673139 0.5966828478964402 0.4615695792880259 0.6057847896440129 0.455299352750809 0.6136731391585761 0.4486245954692557 0.6130663430420712 0.4439724919093851 0.6061893203883494
0 0.4759304207119741 0.6039644012944985 0.48624595469255666 0.5976941747572816 0.49251618122977353 0.6084142394822006 0.48604368932038844 0.6181229773462782 0.47491909385113273 0.6134708737864079
0 0.47309870550161803 0.5798948220064726 0.48078478964401294 0.5677588996763753 0.49393203883495135 0.5770631067961165 0.4876618122977347 0.5891990291262136 0.4747168284789643 0.5855582524271845
0 0.4457928802588996 0.5738268608414239 0.45732200647249194 0.5667475728155339 0.46521035598705507 0.5772653721682847 0.4617718446601941 0.5865695792880259 0.44902912621359214 0.5861650485436892
0 0.6086182336182338 0.7590811965811967 0.6139601139601141 0.7540954415954417 0.6225071225071226 0.7539173789173791 0.6271367521367522 0.7589031339031339 0.628383190883191 0.7640669515669517 0.6257122507122508 0.7711894586894588 0.6157407407407408 0.7743945868945868 0.6091524216524218 0.768874643874644
0 0.6339031339031339 0.7510683760683762 0.6406695156695158 0.7443019943019944 0.650997150997151 0.74732905982906 0.6531339031339032 0.7560541310541311 0.6495726495726496 0.7637108262108263 0.6385327635327636 0.765491452991453 0.6340811965811967 0.7603276353276354
0 0.6130698005698006 0.733974358974359 0.6201923076923077 0.7280982905982907 0.6271367521367522 0.7277421652421653 0.6335470085470086 0.7353988603988605 0.6306980056980058 0.7453703703703705 0.622863247863248 0.748397435897436 0.6153846153846154 0.7450142450142451
0 0.6315883190883191 0.7085113960113961 0.6401353276353278 0.7028133903133904 0.649928774928775 0.7051282051282053 0.6524216524216525 0.7133190883190884 0.6485042735042735 0.7227564102564104 0.6378205128205129 0.7241809116809118 0.6319444444444445 0.7191951566951568
0 0.6007834757834758 0.6917735042735044 0.6071937321937323 0.6860754985754987 0.6168091168091169 0.6860754985754987 0.6210826210826211 0.6928418803418804 0.6200142450142451 0.7038817663817665 0.6098646723646725 0.7061965811965814 0.6013176638176638 0.701388888888889
0 0.5783475783475784 0.7095797720797722 0.5854700854700855 0.7006766381766383 0.5975783475783477 0.7026353276353278 0.6002492877492878 0.7094017094017094 0.597400284900285 0.7204415954415956 0.5824430199430201 0.7202635327635328
0 0.556445868945869 0.6937321937321937 0.5637464387464388 0.686431623931624 0.5753205128205129 0.6912393162393163 0.576923076923077 0.7022792022792024 0.5674857549857552 0.7088675213675214 0.556445868945869 0.701923076923077
0 0.5557336182336182 0.6668447293447294 0.5646367521367522 0.6584757834757836 0.5754985754985755 0.6679131054131054 0.5706908831908832 0.6816239316239316 0.555911680911681 0.6800213675213675
0 0.581374643874644 0.6698717948717949 0.5906339031339032 0.6602564102564104 0.6025641025641026 0.6689814814814815 0.5950854700854702 0.681980056980057 0.5824430199430201 0.6778846153846154
0 0.6023860398860399 0.6449430199430201 0.6091524216524218 0.6317663817663818 0.622863247863248 0.6429843304843306 0.6182336182336182 0.6554487179487181 0.603454415954416 0.654380341880342
0 0.576923076923077 0.6397792022792024 0.5851139601139601 0.635505698005698 0.5936609686609687 0.6390669515669516 0.5949074074074076 0.6477920227920229 0.5899216524216525 0.6563390313390314 0.576923076923077 0.6531339031339032
0 0.5502136752136754 0.6412037037037038 0.5560897435897436 0.6353276353276354 0.5649928774928776 0.6371082621082622 0.5699786324786325 0.6456552706552707 0.5660612535612537 0.6542022792022792 0.5519943019943021 0.6552706552706553 0.5489672364672366 0.6463675213675214
0 0.8126780626780629 0.6914173789173791 0.815349002849003 0.6844729344729346 0.8249643874643875 0.6832264957264957 0.8295940170940173 0.6905270655270657 0.8256766381766383 0.6990740740740742 0.815349002849003 0.6997863247863249
0 0.8121438746438748 0.6506410256410257 0.8181980056980058 0.6445868945868947 0.8271011396011396 0.6463675213675214 0.8288817663817665 0.6565170940170941 0.8205128205128205 0.6629273504273505 0.8126780626780629 0.6563390313390314
0 0.8408119658119658 0.6508190883190884 0.848468660968661 0.643874643874644 0.8579059829059829 0.6472578347578348 0.8584401709401709 0.6600783475783477 0.8470441595441597 0.6616809116809118 0.8408119658119658 0.6559829059829061
0 0.5480769230769231 0.6075498575498576 0.5539529914529915 0.6038105413105413 0.5621438746438747 0.6055911680911682 0.5642806267806268 0.6121794871794873 0.5619658119658121 0.6175213675213675 0.5518162393162395 0.6198361823361824 0.5489672364672366 0.6144943019943021
0 0.5667735042735044 0.6091524216524218 0.5719373219373219 0.6038105413105413 0.5790598290598291 0.604522792022792 0.5827991452991454 0.6139601139601141 0.577457264957265 0.6187678062678064 0.5699786324786325 0.6196581196581197
0 0.5858262108262109 0.6100427350427351 0.5883190883190884 0.6047008547008548 0.5981125356125357 0.604522792022792 0.6018518518518519 0.6112891737891739 0.597400284900285 0.618411680911681 0.5881410256410257 0.619480056980057 0.5852920227920229 0.6155626780626782
0 0.603454415954416 0.6082621082621084 0.608974358974359 0.603988603988604 0.6180555555555556 0.6057692307692308 0.6193019943019944 0.6143162393162395 0.6146723646723647 0.6200142450142451 0.6075498575498576 0.6187678062678064 0.6041666666666667 0.6148504273504275
0 0.6248219373219374 0.6118233618233619 0.6258903133903135 0.6059472934472935 0.6324786324786326 0.6009615384615384 0.640491452991453 0.6018518518518519 0.6445868945868947 0.608440170940171 0.6440527065527066 0.6166310541310541 0.6367521367521368 0.6226851851851852 0.6267806267806268 0.6205484330484331
0 0.5519943019943021 0.5799501424501425 0.5589387464387465 0.5758547008547009 0.5633903133903135 0.5776353276353278 0.5662393162393163 0.5851139601139601 0.5601851851851852 0.5904558404558405 0.5527065527065528 0.5872507122507122
0 0.5719373219373219 0.5806623931623933 0.5776353276353278 0.5760327635327636 0.5842236467236468 0.5792378917378919 0.5847578347578348 0.5854700854700855 0.5804843304843306 0.5899216524216525 0.5738960113960114 0.5870726495726496
0 0.5728276353276354 0.5651709401709403 0.5781695156695158 0.5594729344729346 0.5847578347578348 0.5655270655270657 0.5836894586894588 0.5719373219373219 0.577991452991453 0.5742521367521368 0.5731837606837608 0.5703347578347578
0 0.5518162393162395 0.5662393162393163 0.5578703703703705 0.5605413105413106 0.5648148148148149 0.5644586894586896 0.5641025641025642 0.5728276353276354 0.5575142450142451 0.5737179487179488 0.5530626780626782 0.5699786324786325
0 0.5521723646723647 0.5486111111111112 0.5591168091168092 0.5443376068376069 0.5646367521367522 0.5475427350427351 0.5648148148148149 0.5573361823361824 0.556445868945869 0.5578703703703705 0.5525284900284901 0.5521723646723647
0 0.5710470085470086 0.5462962962962964 0.5772792022792024 0.5439814814814815 0.5824430199430201 0.5471866096866098 0.5829772079772081 0.5553774928774929 0.577457264957265 0.5580484330484331 0.5692663817663818 0.5543091168091169
0 0.5548433048433049 0.5318732193732194 0.55982905982906 0.5277777777777778 0.5671296296296298 0.5302706552706553 0.5667735042735044 0.5391737891737892 0.560363247863248 0.542022792022792 0.5537749287749288 0.5379273504273505
0 0.5957977207977209 0.5245726495726496 0.603454415954416 0.5174501424501425 0.6159188034188035 0.5227920227920229 0.6159188034188035 0.5347222222222223 0.6059472934472935 0.5389957264957265 0.5968660968660969 0.5356125356125357
0 0.6257122507122508 0.5582264957264957 0.6314102564102565 0.5495014245014246 0.6385327635327636 0.5530626780626782 0.638888888888889 0.5589387464387465 0.6356837606837608 0.5625000000000001 0.6319444444444445 0.5626780626780628
0 0.6251780626780628 0.5381054131054132 0.6303418803418804 0.5341880341880343 0.6369301994301995 0.5379273504273505 0.6369301994301995 0.5448717948717949 0.6305199430199431 0.5484330484330485 0.6244658119658121 0.5429131054131054
0 0.623931623931624 0.5240384615384616 0.6294515669515671 0.5185185185185186 0.635505698005698 0.5202991452991454 0.6369301994301995 0.5284900284900286 0.6315883190883191 0.5311609686609687 0.6258903133903135 0.5292022792022792
0 0.6449430199430201 0.5689102564102565 0.649928774928775 0.5657051282051284 0.6563390313390314 0.5696225071225073 0.6552706552706553 0.577457264957265 0.6477920227920229 0.5788817663817665 0.6435185185185186 0.5737179487179489
0 0.643874643874644 0.5530626780626782 0.6492165242165242 0.550391737891738 0.6556267806267807 0.5534188034188035 0.6561609686609687 0.5607193732193733 0.6501068376068376 0.5630341880341881 0.6442307692307694 0.5594729344729346
0 0.6442307692307694 0.5384615384615384 0.6490384615384616 0.534900284900285 0.6554487179487181 0.5361467236467238 0.6556267806267807 0.5427350427350428 0.6515313390313391 0.5478988603988605 0.6447649572649574 0.5452279202279203
0 0.6445868945868947 0.5224358974358975 0.6508190883190884 0.5181623931623932 0.6559829059829061 0.5222578347578348 0.6561609686609687 0.5281339031339032 0.6517094017094017 0.5316951566951568 0.6454772079772081 0.5297364672364673
0 0.666488603988604 0.5461182336182338 0.6741452991452993 0.5418447293447294 0.6844729344729346 0.5461182336182338 0.6855413105413106 0.5562678062678063 0.6768162393162395 0.5635683760683762 0.6661324786324787 0.5587606837606838
0 0.6666666666666667 0.5231481481481481 0.6750356125356126 0.5169159544159545 0.6855413105413106 0.5242165242165242 0.68482905982906 0.534900284900285 0.6768162393162395 0.5397079772079773 0.6679131054131054 0.5361467236467238 0.6641737891737892 0.5283119658119658
0 0.7216880341880343 0.5430911680911682 0.7183048433048433 0.5534188034188035 0.7254273504273505 0.5621438746438747 0.7380698005698006 0.5594729344729346 0.7389601139601141 0.5455840455840456 0.7268518518518519 0.540954415954416
0 0.7179487179487181 0.5283119658119658 0.7234686609686611 0.5186965811965814 0.7343304843304844 0.5186965811965814 0.7394943019943021 0.5279558404558405 0.7371794871794873 0.5381054131054132 0.7243589743589745 0.5381054131054132
0 0.7416310541310541 0.5334757834757836 0.7448361823361824 0.5256410256410257 0.7528490028490029 0.5242165242165242 0.7597934472934473 0.5279558404558405 0.7615740740740742 0.5366809116809118 0.7569444444444445 0.5434472934472935 0.7467948717948719 0.5434472934472935
0 0.7428774928774929 0.5528846153846154 0.7492877492877493 0.5475427350427351 0.7592592592592593 0.5491452991452992 0.7626424501424502 0.5580484330484331 0.7603276353276354 0.5657051282051283 0.7510683760683762 0.5692663817663818 0.7428774928774929 0.5649928774928776
0 0.7906976744186047 0.5794573643410853 0.7885981912144703 0.5881782945736435 0.7926356589147286 0.5978682170542636 0.8008720930232558 0.603359173126615 0.8131459948320414 0.5972222222222223 0.8163759689922482 0.5872093023255813 0.8105620155038761 0.5757428940568475 0.8015180878552972 0.5725129198966408 0.7929586563307495 0.5771963824289406
0 0.8186369509043927 0.5642764857881136 0.8270348837209304 0.5545865633074936 0.8373708010335917 0.554748062015504 0.8444767441860465 0.5636304909560724 0.8436692506459947 0.5762273901808785 0.8302648578811369 0.5820413436692506 0.8200904392764857 0.5752583979328165
0 0.8397932816537468 0.5906007751937985 0.8506136950904394 0.5833333333333334 0.8630490956072352 0.5885012919896642 0.8674095607235143 0.6006136950904394 0.8578811369509045 0.6112726098191215 0.8394702842377261 0.6077196382428941
0 0.8667635658914729 0.5746124031007752 0.8751614987080103 0.5647609819121447 0.8893733850129198 0.5642764857881136 0.895187338501292 0.5757428940568475 0.8921188630490957 0.5885012919896642 0.8783914728682171 0.5920542635658915 0.8699935400516796 0.5862403100775194
0 0.8481912144702842 0.5436046511627908 0.8570736434108528 0.5331072351421189 0.8712855297157623 0.5377906976744187 0.875 0.5478036175710594 0.8695090439276485 0.5589470284237726 0.8578811369509045 0.561531007751938 0.8494832041343668 0.5553940568475452
0 0.877422480620155 0.5227713178294574 0.8859819121447028 0.5134043927648578 0.9013242894056849 0.5171188630490956 0.9050387596899224 0.5277777777777778 0.900032299741602 0.5400516795865633 0.8853359173126614 0.5413436692506459 0.8754844961240311 0.5303617571059431
0 0.7799844236760124 0.5251168224299064 0.7871884735202492 0.5181074766355139 0.7975077881619937 0.5184968847352025 0.8025700934579438 0.525506230529595 0.8004283489096572 0.5350467289719626 0.7924454828660434 0.5387461059190031 0.7834890965732086 0.5360202492211837
0 0.7651869158878504 0.5021417445482865 0.776479750778816 0.49376947040498437 0.7875778816199376 0.5003894080996885 0.7852414330218068 0.5128504672897195 0.7747274143302179 0.5183021806853582 0.7669392523364484 0.5130451713395638
0 0.7883566978193146 0.4855919003115264 0.7973130841121494 0.4787772585669781 0.8088006230529594 0.48461838006230523 0.8093847352024921 0.4947429906542055 0.8041277258566977 0.5001947040498442 0.7926401869158878 0.500973520249221 0.7877725856697819 0.4949376947040498
0 0.8031542056074766 0.5103193146417445 0.8072429906542055 0.5036993769470404 0.815031152647975 0.5015576323987538 0.8226246105919003 0.5064252336448597 0.8253504672897195 0.5144080996884735 0.8167834890965732 0.5231697819314641 0.8058800623052959 0.5204439252336448
0 0.8255451713395637 0.4949376947040498 0.8325545171339563 0.48598130841121495 0.8459890965732086 0.49260124610591893 0.8434579439252337 0.5036993769470404 0.8319704049844237 0.5089563862928349 0.8253504672897195 0.5029205607476634
0 0.8111370716510903 0.47040498442367595 0.8197040498442367 0.46495327102803735 0.8282710280373832 0.46845794392523354 0.8302180685358255 0.4787772585669781 0.8253504672897195 0.4855919003115264 0.8132788161993768 0.48442367601246095 0.8097741433021807 0.4791666666666666
0 0.7943925233644858 0.4532710280373831 0.798676012461059 0.4447040498442367 0.8072429906542055 0.44314641744548283 0.815031152647975 0.451518691588785 0.8144470404984422 0.4595015576323987 0.8037383177570093 0.46534267912772576 0.7955607476635512 0.4585280373831775
0 0.7768691588785046 0.4262071651090342 0.7867990654205607 0.41861370716510904 0.7965342679127725 0.4223130841121495 0.7998442367601245 0.4322429906542055 0.7936137071651089 0.43964174454828653 0.7842679127725856 0.4402258566978192 0.7776479750778815 0.43341121495327095
0 0.846378504672897 0.48091900311526475 0.8506619937694703 0.47332554517133946 0.8605919003115265 0.4702102803738317 0.8664330218068536 0.4774143302180685 0.8656542056074766 0.48792834890965725 0.8555295950155762 0.4931853582554516 0.8477414330218068 0.4898753894080996
0 0.8308021806853582 0.4565809968847352 0.838979750778816 0.4499610591900311 0.8494937694704048 0.451518691588785 0.8524143302180685 0.4593068535825544 0.8491043613707164 0.46845794392523354 0.8395638629283488 0.4715732087227414 0.833138629283489 0.46845794392523354
0 0.8158099688473519 0.4376947040498442 0.8212616822429905 0.429322429906542 0.8309968847352024 0.42834890965732075 0.8368380062305295 0.4338006230529594 0.8374221183800623 0.44314641744548283 0.8337227414330218 0.446651090342679 0.8218457943925233 0.45093457943925225 0.8189252336448598 0.4452881619937694
0 0.798676012461059 0.41355140186915884 0.8029595015576322 0.40498442367601245 0.8115264797507786 0.40264797507788164 0.8189252336448598 0.40907320872274144 0.819119937694704 0.4197819314641744 0.8103582554517134 0.4240654205607476 0.8025700934579438 0.42289719626168226
0 0.8259345794392523 0.41063084112149534 0.832359813084112 0.4030373831775701 0.8430685358255451 0.4061526479750779 0.8465732087227414 0.41627725856697817 0.8407320872274142 0.425233644859813 0.8267133956386291 0.42153426791277254
0 0.8514408099688473 0.4112149532710281 0.8578660436137071 0.4044003115264797 0.8677959501557632 0.40420560747663553 0.8716900311526481 0.41043613707165105 0.8693535825545172 0.4203660436137071 0.8592289719626168 0.42445482866043616 0.8514408099688473 0.4174454828660436
0 0.8539719626168225 0.44080996884735196 0.8619548286604362 0.434190031152648 0.873442367601246 0.4402258566978192 0.8716900311526481 0.4519080996884734 0.8648753894080998 0.4563862928348909 0.8535825545171339 0.4513239875389407
0 0.8693535825545172 0.4612538940809968 0.8786993769470405 0.45677570093457937 0.8884345794392523 0.46339563862928346 0.887461059190031 0.47176791277258556 0.8814252336448599 0.47780373831775697 0.870911214953271 0.47585669781931456 0.8674065420560748 0.46690031152647965
0 0.8771417445482868 0.42348130841121495 0.8753894080996886 0.4338006230529594 0.8806464174454828 0.44003115264797504 0.8905763239875388 0.4390576323987538 0.8960280373831775 0.4281542056074766 0.8899922118380061 0.4211448598130841 0.8835669781931464 0.4190031152647975
0 0.8888239875389409 0.44957165109034264 0.8989485981308412 0.44139408099688465 0.9079049844236761 0.44450934579439244 0.9114096573208722 0.4546339563862927 0.9005062305295951 0.46203271028037374 0.8903816199376947 0.45755451713395634
0 0.8966121495327102 0.415303738317757 0.899727414330218 0.40693146417445486 0.9104361370716512 0.40537383177570085 0.9164719626168225 0.41140965732087226 0.9149143302180686 0.42133956386292837 0.9063473520249221 0.42464953271028033 0.9001168224299065 0.4240654205607476
0 0.9108255451713395 0.435942367601246 0.9172507788161994 0.42698598130841114 0.9289330218068536 0.42718068535825543 0.9324376947040499 0.4382788161993769 0.92601246105919 0.4470404984423675 0.9154984423676013 0.446651090342679
0 0.9318535825545172 0.41802959501557635 0.9410046728971964 0.41004672897196265 0.9521028037383178 0.4143302180685358 0.9544392523364487 0.4240654205607476 0.949961059190031 0.43126947040498437 0.9378894080996886 0.43204828660436134 0.932632398753894 0.42309190031152644
0 0.6734068627450981 0.4790134803921569 0.6839767156862745 0.4739583333333333 0.6939338235294118 0.4784007352941177 0.6948529411764706 0.4885110294117647 0.6901041666666666 0.4970894607843137 0.6787683823529411 0.4963235294117647 0.6732536764705882 0.4911151960784314
0 0.6424632352941176 0.475796568627451 0.6485906862745098 0.4701286764705882 0.6565563725490197 0.4741115196078432 0.6582414215686274 0.4822303921568627 0.6525735294117647 0.4871323529411765 0.6439950980392156 0.4852941176470588
0 0.6729473039215687 0.4506740196078432 0.6856617647058824 0.4457720588235294 0.6954656862745098 0.4541973039215686 0.6927083333333334 0.4661458333333333 0.6813725490196079 0.4696691176470588 0.6729473039215687 0.4629289215686274
0 0.7106311274509803 0.4558823529411765 0.7178308823529411 0.4488357843137255 0.7276348039215687 0.4557291666666667 0.7224264705882353 0.4670649509803922 0.7106311274509803 0.4626225490196078
0 0.7060355392156863 0.41544117647058826 0.7147671568627452 0.40762867647058826 0.7256433823529411 0.41084558823529416 0.7279411764705882 0.42233455882352944 0.7208946078431372 0.4296875 0.7109375 0.4296875 0.7049632352941176 0.42187500000000006
0 0.5946691176470589 0.4597120098039216 0.6029411764705882 0.4537377450980392 0.6104473039215687 0.4586397058823529 0.608609068627451 0.4682904411764706 0.600796568627451 0.469515931372549 0.5949754901960784 0.4643075980392157
0 0.6416973039215687 0.4128370098039216 0.6507352941176471 0.40946691176470595 0.6585477941176471 0.41544117647058826 0.6547181372549019 0.42432598039215697 0.6467524509803921 0.4260110294117648 0.6429227941176471 0.4214154411764707
0 0.6908700980392156 0.40517769607843146 0.6977634803921569 0.4015012254901962 0.7049632352941176 0.4067095588235295 0.7020526960784313 0.41344975490196084 0.6959252450980392 0.41482843137254904
0 0.5848651960784313 0.41436887254901966 0.5911458333333334 0.40916053921568635 0.6011029411764707 0.41161151960784326 0.5991115196078431 0.42248774509803927 0.5891544117647058 0.42371323529411775
0 0.5361519607843137 0.4155943627450981 0.5422794117647058 0.40885416666666674 0.5522365196078431 0.41299019607843146 0.5482536764705882 0.42218137254901966 0.5421262254901961 0.42356004901960786
0 0.4180059523809524 0.4793154761904762 0.4200892857142857 0.4739583333333333 0.42574404761904766 0.47306547619047623 0.42797619047619045 0.4761904761904762 0.4284226190476191 0.48125 0.4217261904761905 0.4836309523809524
0 0.42752976190476194 0.4494047619047619 0.43467261904761906 0.4446428571428571 0.440327380952381 0.4510416666666667 0.43660714285714286 0.4580357142857144 0.42946428571428574 0.4565476190476191
0 0.37485119047619053 0.46577380952380953 0.3776785714285715 0.4610119047619048 0.38497023809523817 0.46264880952380955 0.3867559523809524 0.4690476190476191 0.38110119047619057 0.4721726190476191 0.374702380952381 0.4690476190476191
0 0.4041666666666667 0.4377976190476191 0.41071428571428575 0.43273809523809526 0.41622023809523817 0.4370535714285715 0.41428571428571437 0.4441964285714286 0.4078869047619048 0.4441964285714286
0 0.32604166666666673 0.4495535714285715 0.33392857142857146 0.4443452380952381 0.33883928571428573 0.45029761904761906 0.3360119047619048 0.45699404761904766 0.3296130952380953 0.4546130952380953
0 0.40684523809523815 0.4111607142857144 0.409375 0.405952380952381 0.4163690476190477 0.40684523809523815 0.4160714285714286 0.41428571428571437 0.4108630952380953 0.41577380952380955
0 0.3802083333333333 0.4220238095238095 0.38497023809523817 0.41696428571428573 0.390625 0.4203869047619048 0.390625 0.425 0.38601190476190483 0.42752976190476194 0.38214285714285723 0.42633928571428575
0 0.35803571428571435 0.4421130952380953 0.36026785714285725 0.437202380952381 0.36815476190476193 0.43660714285714286 0.36860119047619055 0.44627976190476193 0.3605654761904762 0.4480654761904762
0 0.3273809523809524 0.409375 0.33065476190476195 0.40491071428571435 0.337202380952381 0.40520833333333334 0.33854166666666674 0.4129464285714286 0.3336309523809524 0.41592261904761907 0.3288690476190476 0.41458333333333336
0 0.28928571428571437 0.4096726190476191 0.29196428571428573 0.4058035714285715 0.29821428571428577 0.4063988095238095 0.2998511904761905 0.41220238095238104 0.29479166666666673 0.4163690476190477 0.29002976190476193 0.41354166666666664
0 0.2891369047619048 0.4511904761904762 0.2931547619047619 0.44523809523809527 0.2991071428571429 0.4456845238095238 0.30074404761904766 0.45178571428571435 0.2950892857142857 0.4565476190476191
0 0.2696428571428572 0.42827380952380956 0.2742559523809524 0.424702380952381 0.2815476190476191 0.4270833333333333 0.2788690476190477 0.434375 0.2724702380952381 0.43467261904761906
0 0.27804487179487175 0.3610576923076923 0.28926282051282054 0.3524038461538462 0.3011217948717949 0.3588141025641025 0.3020833333333333 0.37387820512820513 0.28669871794871793 0.3764423076923077 0.27676282051282053 0.36778846153846156
0 0.25240384615384615 0.3729166666666666 0.25689102564102567 0.3620192307692308 0.2668269230769231 0.36009615384615384 0.27067307692307696 0.37099358974358976 0.26458333333333334 0.3786858974358975
0 0.2309294871794872 0.3626602564102564 0.23701923076923076 0.3581730769230769 0.24663461538461537 0.35849358974358975 0.2485576923076923 0.36874999999999997 0.24022435897435898 0.37612179487179487
0 0.19568452380952384 0.3706845238095239 0.2001488095238096 0.3641369047619048 0.20758928571428578 0.3647321428571429 0.20937500000000006 0.37485119047619053 0.20133928571428578 0.3769345238095239
0 0.12782738095238103 0.3680059523809524 0.13467261904761912 0.3623511904761906 0.14747023809523815 0.36770833333333336 0.14747023809523815 0.37901785714285724 0.1385416666666667 0.38377976190476193 0.12991071428571435 0.3816964285714286 0.1272321428571429 0.37485119047619053
0 0.14806547619047625 0.3555059523809524 0.15461309523809527 0.346577380952381 0.1644345238095239 0.34598214285714285 0.17127976190476193 0.3555059523809524 0.16413690476190482 0.3668154761904762 0.15193452380952388 0.3659226190476191
0 0.09955357142857148 0.36502976190476194 0.11235119047619054 0.35997023809523815 0.11860119047619054 0.3680059523809524 0.11264880952380958 0.37574404761904767 0.10342261904761912 0.3754464285714286
0 0.05133928571428579 0.3626488095238095 0.06235119047619053 0.35669642857142864 0.06979166666666674 0.36383928571428575 0.0671130952380953 0.3733630952380953 0.056696428571428634 0.3742559523809524
0 0.0915178571428572 0.3352678571428572 0.1040178571428572 0.3299107142857143 0.11235119047619054 0.3361607142857143 0.11175595238095246 0.34747023809523814 0.10312500000000008 0.35252976190476193 0.09181547619047625 0.346875
0 0.11502976190476197 0.3284226190476191 0.12633928571428577 0.321577380952381 0.13824404761904768 0.3248511904761905 0.13913690476190482 0.3367559523809524 0.12633928571428577 0.34360119047619053 0.11889880952380959 0.3376488095238096
0 0.14598214285714292 0.3257440476190476 0.15252976190476195 0.31770833333333337 0.16502976190476196 0.32068452380952384 0.16860119047619052 0.33050595238095243 0.15967261904761912 0.34122023809523816 0.14657738095238101 0.33586309523809527
0 0.23497023809523815 0.3245535714285715 0.24151785714285717 0.3197916666666667 0.24806547619047625 0.32306547619047626 0.24598214285714293 0.3316964285714286 0.23616071428571436 0.33199404761904766
0 0.2566964285714286 0.32336309523809526 0.26294642857142864 0.3197916666666667 0.26889880952380957 0.3242559523809524 0.2683035714285715 0.32931547619047624 0.2638392857142857 0.3334821428571429 0.2569940476190477 0.3302083333333334
0 0.2772321428571429 0.3316964285714286 0.28497023809523814 0.32306547619047626 0.29747023809523815 0.3239583333333334 0.30074404761904766 0.33913690476190483 0.2933035714285715 0.3456845238095239 0.28377976190476195 0.3438988095238095
0 0.28556547619047623 0.3034226190476191 0.29419642857142864 0.29925595238095243 0.2995535714285715 0.30491071428571437 0.2959821428571429 0.3129464285714286 0.2876488095238096 0.3117559523809524
0 0.28497023809523814 0.28705357142857146 0.290625 0.2805059523809524 0.2989583333333334 0.2858630952380953 0.2983630952380953 0.29419642857142864 0.29002976190476193 0.2950892857142857
0 0.28377976190476195 0.25372023809523814 0.29479166666666673 0.24836309523809527 0.30312500000000003 0.2555059523809524 0.29866071428571433 0.26681547619047624 0.28705357142857146 0.26741071428571433
0 0.05193452380952387 0.3084821428571429 0.059970238095238174 0.3016369047619048 0.07038690476190484 0.3016369047619048 0.07485119047619053 0.3159226190476191 0.0671130952380953 0.32306547619047626 0.055505952380952454 0.32247023809523817
0 0.049255952380952456 0.28377976190476195 0.05848214285714292 0.2724702380952381 0.07127976190476197 0.27604166666666674 0.0739583333333334 0.29122023809523817 0.05520833333333341 0.2933035714285715
0 0.05014880952380958 0.24687500000000004 0.05639880952380959 0.2385416666666667 0.06919642857142863 0.23973214285714292 0.07217261904761912 0.2522321428571429 0.0608630952380953 0.26056547619047626 0.05133928571428579 0.2555059523809524
0 0.048660714285714356 0.21830357142857149 0.05729166666666674 0.20877976190476194 0.07098214285714292 0.21116071428571434 0.07425595238095245 0.2245535714285715 0.06324404761904769 0.23080357142857147 0.0546130952380953 0.22842261904761912
0 0.049255952380952456 0.1936011904761905 0.05580357142857151 0.18080357142857148 0.0671130952380953 0.17991071428571434 0.07366071428571436 0.19062500000000004 0.07247023809523817 0.19836309523809528 0.06056547619047625 0.2046130952380953
0 0.10580357142857148 0.17723214285714292 0.11473214285714292 0.171577380952381 0.12604166666666675 0.17872023809523815 0.12604166666666675 0.19062500000000004 0.11264880952380958 0.19479166666666672 0.10342261904761912 0.1873511904761905
0 0.11354166666666674 0.20758928571428578 0.1221726190476191 0.19747023809523814 0.13526785714285722 0.20252976190476193 0.13556547619047626 0.21443452380952385 0.1257440476190477 0.22127976190476195 0.11502976190476197 0.21562500000000004
0 0.10491071428571436 0.22931547619047626 0.11383928571428577 0.22425595238095244 0.12425595238095243 0.22991071428571436 0.1239583333333334 0.24122023809523815 0.11235119047619054 0.24806547619047625 0.10312500000000008 0.2382440476190477
0 0.1239583333333334 0.25133928571428577 0.1334821428571429 0.24508928571428573 0.1444940476190477 0.2498511904761905 0.1447916666666667 0.26294642857142864 0.13407738095238103 0.2677083333333334 0.12514880952380958 0.2623511904761905
0 0.13909313725490194 0.2761437908496732 0.1439950980392157 0.2687908496732026 0.15625 0.2694035947712418 0.15951797385620917 0.2794117647058823 0.15441176470588236 0.289624183006536 0.1409313725490196 0.2890114379084967
0 0.10825163398692811 0.27471405228758167 0.11560457516339868 0.2696078431372549 0.12745098039215685 0.27389705882352944 0.12806372549019607 0.2881944444444444 0.11948529411764705 0.2920751633986928 0.10784313725490195 0.2881944444444444
0 0.19356796116504854 0.22835760517799353 0.20044498381877018 0.21966019417475727 0.20853559870550162 0.21682847896440127 0.2190533980582524 0.2214805825242718 0.22289644012944984 0.2364482200647249 0.21338996763754045 0.24595469255663432 0.19741100323624594 0.24413430420711976
0 0.16686893203883496 0.19619741100323623 0.17597087378640774 0.19174757281553398 0.18830906148867313 0.1951860841423948 0.19235436893203883 0.20428802588996764 0.1901294498381877 0.2139967637540453 0.17940938511326857 0.2216828478964401 0.16686893203883496 0.21622168284789642 0.16322815533980584 0.20570388349514565
0 0.19579288025889965 0.17981391585760514 0.20428802588996764 0.17071197411003236 0.21804207119741098 0.17071197411003236 0.22451456310679613 0.18122977346278318 0.22269417475728157 0.19275889967637538 0.213794498381877 0.19882686084142392 0.2002427184466019 0.19599514563106793 0.19559061488673138 0.1862864077669903
0 0.2326051779935275 0.22552588996763756 0.24211165048543687 0.2176375404530744 0.25546116504854366 0.21723300970873785 0.2617313915857605 0.2297734627831715 0.26072006472491904 0.2402912621359223 0.2532362459546926 0.24777508090614886 0.2374595469255663 0.24555016181229775 0.23341423948220064 0.23563915857605178
0 0.23381877022653721 0.1848705501618123 0.24656148867313918 0.17718446601941745 0.26112459546925565 0.18426375404530745 0.26254045307443363 0.19579288025889965 0.25606796116504854 0.20590614886731393 0.24190938511326857 0.20792880258899676 0.23300970873786406 0.20084951456310676
0 0.20165857605177995 0.13329288025889965 0.20833333333333334 0.12641585760517798 0.22127831715210353 0.12924757281553398 0.2216828478964401 0.14118122977346279 0.21966019417475727 0.1462378640776699 0.20934466019417475 0.1490695792880259 0.20266990291262138 0.14381067961165048
0 0.2874322493224932 0.20968834688346882 0.2936991869918699 0.20663956639566397 0.3011517615176152 0.21036585365853658 0.29996612466124667 0.21951219512195125 0.2938685636856369 0.2220528455284553 0.2874322493224932 0.21815718157181574
0 0.2992886178861789 0.19410569105691058 0.30589430894308944 0.19004065040650409 0.3128387533875339 0.19376693766937672 0.3133468834688347 0.20020325203252032 0.30792682926829273 0.20562330623306233 0.2991192411924119 0.20291327913279134
0 0.288109756097561 0.17682926829268292 0.2918360433604336 0.17225609756097565 0.30098238482384826 0.17784552845528456 0.2997967479674797 0.18529810298102983 0.2921747967479675 0.18953252032520326 0.28692411924119243 0.18326558265582657
0 0.31741192411924124 0.20071138211382114 0.32554200542005424 0.1924119241192412 0.3384146341463415 0.20054200542005424 0.33553523035230354 0.21104336043360433 0.3290989159891599 0.21460027100271006 0.3189363143631436 0.21155149051490515
0 0.32486449864498645 0.22544037940379405 0.3345189701897019 0.21764905149051492 0.34434281842818426 0.22154471544715448 0.34569783197831977 0.23136856368563688 0.3389227642276423 0.23848238482384823 0.3290989159891599 0.2379742547425474
0 0.3727981029810299 0.3143631436314363 0.37686314363143636 0.3084349593495935 0.38499322493224936 0.31097560975609756 0.38584010840108407 0.3182588075880759 0.37991192411924124 0.3231707317073171 0.3738143631436314 0.31910569105691056
0 0.3631436314363144 0.2823509485094851 0.3699186991869919 0.2791327913279133 0.3787262872628726 0.2830284552845529 0.37703252032520324 0.2916666666666667 0.36873306233062336 0.29454607046070463 0.36263550135501355 0.2886178861788618
0 0.3629742547425474 0.25101626016260165 0.3719512195121951 0.24610433604336046 0.3775406504065041 0.25287940379403795 0.3738143631436314 0.2613482384823848 0.36415989159891604 0.2588075880758808
0 0.3631436314363144 0.21934281842818432 0.37178184281842824 0.21510840108401083 0.3790650406504065 0.22256097560975613 0.3712737127371274 0.2300135501355014 0.3644986449864499 0.22560975609756098
0 0.4505451713395638 0.28095794392523366 0.45735981308411205 0.27667445482866043 0.4667056074766355 0.2797897196261682 0.4692367601246105 0.28718847352024923 0.46845794392523354 0.29264018691588783 0.4628115264797507 0.29692367601246106 0.45249221183800614 0.29517133956386293 0.44801401869158874 0.2883566978193146
0 0.451518691588785 0.30334890965732086 0.4600856697819314 0.2996495327102804 0.4676791277258566 0.3060747663551402 0.4643691588785046 0.3161993769470405 0.4542445482866043 0.31697819314641745 0.45035046728971956 0.31113707165109034
0 0.534957627118644 0.3107344632768362 0.541313559322034 0.3029661016949152 0.5515536723163842 0.3049081920903955 0.5545550847457628 0.3156779661016949 0.5471398305084746 0.323975988700565 0.5363700564971752 0.3199152542372881
0 0.557909604519774 0.30949858757062143 0.5630296610169492 0.3038488700564972 0.5718573446327684 0.3029661016949152 0.5778601694915254 0.3107344632768362 0.5750353107344633 0.3199152542372881 0.5660310734463276 0.323975988700565 0.558792372881356 0.3176200564971751 0.5580861581920904 0.30985169491525427
0 0.5773305084745763 0.3215042372881356 0.5812146892655367 0.3165607344632768 0.5893361581920904 0.3140889830508475 0.5971045197740114 0.3202683615819209 0.596045197740113 0.3292725988700565 0.5907485875706214 0.334569209039548 0.583156779661017 0.3336864406779661 0.5755649717514124 0.3275070621468926
0 0.5973837209302326 0.33252583979328165 0.6031976744186047 0.3255813953488372 0.6128875968992248 0.3268733850129199 0.6175710594315246 0.3359173126614987 0.6136950904392765 0.3438307493540051 0.6049741602067183 0.34673772609819115 0.5985142118863049 0.3423772609819121
0 0.6125645994832041 0.31346899224806196 0.6233850129198967 0.30733204134366926 0.6324289405684754 0.3112080103359173 0.6345284237726099 0.3210594315245478 0.6282299741602068 0.3286498708010336 0.6178940568475452 0.3292958656330749 0.6132105943152455 0.31992894056847543
0 0.6309523809523809 0.2966720779220779 0.6352813852813852 0.29058441558441556 0.6431277056277056 0.28747294372294374 0.6511093073593074 0.2908549783549783 0.6542207792207793 0.2987012987012987 0.6524621212121211 0.3064123376623376 0.6469155844155844 0.31020021645021645 0.6392045454545454 0.31074134199134196 0.63379329004329 0.3064123376623376
0 0.6181006493506493 0.270021645021645 0.6247294372294372 0.2644751082251082 0.6363636363636364 0.26569264069264065 0.640827922077922 0.2739448051948052 0.639069264069264 0.2819264069264069 0.6316287878787878 0.2869318181818182 0.620806277056277 0.28503787878787873 0.6166125541125541 0.275974025974026
0 0.6162067099567099 0.23958333333333334 0.6262175324675325 0.23606601731601728 0.6366341991341992 0.24107142857142858 0.6378517316017316 0.25081168831168826 0.6340638528138528 0.2564935064935065 0.6262175324675325 0.2597402597402597 0.6171536796536796 0.25622294372294374 0.6147186147186148 0.24891774891774893
0 0.6237824675324675 0.220508658008658 0.628517316017316 0.21225649350649348 0.639745670995671 0.20914502164502163 0.6479978354978355 0.22091450216450212 0.6450216450216449 0.23187229437229434 0.6347402597402597 0.23403679653679652 0.6256764069264069 0.22957251082251082
0 0.6681159420289855 0.2514492753623189 0.678623188405797 0.24293478260869572 0.6900362318840579 0.2454710144927537 0.6954710144927535 0.2521739130434783 0.696195652173913 0.26195652173913053 0.6887681159420289 0.26974637681159425 0.6777173913043478 0.2711956521739131 0.6692028985507246 0.26141304347826094
0 0.6815217391304348 0.218840579710145 0.6943840579710144 0.20996376811594208 0.7065217391304348 0.21449275362318848 0.7105072463768116 0.22300724637681166 0.7092391304347826 0.231340579710145 0.7052536231884058 0.23804347826086963 0.6932971014492754 0.23949275362318848 0.684963768115942 0.2329710144927537
0 0.7023550724637682 0.2666666666666667 0.7115942028985507 0.2603260869565218 0.7230072463768116 0.26250000000000007 0.7278985507246376 0.27028985507246384 0.7264492753623187 0.28224637681159426 0.7206521739130435 0.2880434782608696 0.7115942028985507 0.2885869565217392 0.7016304347826087 0.28260869565217395 0.7001811594202898 0.2740942028985508
0 0.48637820512820507 0.21778846153846157 0.48766025641025634 0.2099358974358974 0.4940705128205128 0.20961538461538462 0.4966346153846153 0.2141025641025641 0.4975961538461538 0.2185897435897436 0.4878205128205128 0.21971153846153843
0 0.485576923076923 0.19310897435897437 0.4911858974358974 0.19150641025641027 0.4961538461538461 0.1939102564102564 0.49455128205128196 0.20080128205128203 0.49086538461538454 0.20288461538461539 0.48589743589743584 0.2003205128205128
0 0.30176116838487976 0.13509450171821308 0.3039089347079038 0.12972508591065293 0.31207044673539525 0.1282216494845361 0.3163659793814433 0.13423539518900343 0.31443298969072164 0.13853092783505155 0.3062714776632303 0.14132302405498282
0 0.25300687285223367 0.14604810996563575 0.25987972508591073 0.14067869415807563 0.26890034364261167 0.14239690721649484 0.26782646048109965 0.15055841924398627 0.26245704467353953 0.1559278350515464
0 0.2536512027491409 0.1129725085910653 0.25687285223367695 0.10631443298969072 0.26331615120274915 0.10545532646048111 0.26782646048109965 0.1093213058419244 0.2684707903780069 0.1166237113402062 0.2650343642611684 0.11920103092783506 0.25816151202749144 0.11984536082474226
0 0.30176116838487976 0.0891323024054983 0.3049828178694158 0.08397766323024056 0.3137886597938144 0.08440721649484537 0.31550687285223367 0.09278350515463918 0.31035223367697595 0.09879725085910653 0.3028350515463918 0.09493127147766323
0 0.2484965635738831 0.08097079037800688 0.25665807560137455 0.07495704467353953 0.2663230240549828 0.07860824742268041 0.2665378006872853 0.08762886597938144 0.2585910652920962 0.0934278350515464 0.2512886597938144 0.0891323024054983
0 0.3011168384879725 0.0509020618556701 0.30476804123711343 0.04445876288659794 0.31529209621993126 0.04703608247422681 0.31593642611683853 0.05197594501718214 0.31185567010309273 0.057345360824742266 0.3049828178694158 0.05798969072164949
0 0.2484965635738831 0.0543384879725086 0.2547250859106529 0.04832474226804123 0.2652491408934708 0.04832474226804123 0.2665378006872853 0.057774914089347075 0.26181271477663237 0.06378865979381444 0.2540807560137457 0.06486254295532647
0 0.21670962199312716 0.08462199312714778 0.2201460481099657 0.07689003436426117 0.2300257731958763 0.08011168384879724 0.2310996563573883 0.08741408934707903 0.22401202749140897 0.09213917525773195
0 0.2160652920962199 0.06421821305841924 0.21928694158075607 0.05627147766323025 0.22895189003436428 0.056486254295532654 0.22959621993127152 0.06421821305841924 0.22680412371134026 0.06851374570446735 0.22036082474226806 0.06937285223367698
0 0.24570446735395193 0.024484536082474216 0.2512886597938144 0.01696735395189003 0.26052405498281783 0.017182130584192438 0.2652491408934708 0.024699312714776624 0.2650343642611684 0.030498281786941583 0.25945017182130586 0.03651202749140893 0.2502147766323024 0.034364261168384876 0.2463487972508591 0.027920962199312716
0 0.35333333333333333 0.057708333333333334 0.34875 0.051875 0.350625 0.04583333333333333 0.3589583333333333 0.04375 0.36354166666666665 0.051041666666666666 0.35833333333333334 0.057708333333333334
0 0.39166666666666666 0.044375 0.39666666666666667 0.03666666666666667 0.4089583333333333 0.037083333333333336 0.41291666666666665 0.05 0.4058333333333333 0.05645833333333333 0.396875 0.05458333333333333
0 0.4372916666666667 0.041041666666666664 0.445625 0.035416666666666666 0.4554166666666667 0.04083333333333333 0.455 0.051666666666666666 0.446875 0.058541666666666665 0.4372916666666667 0.05229166666666667
0 0.471875 0.042708333333333334 0.483125 0.036458333333333336 0.4945833333333333 0.04583333333333333 0.48625 0.058333333333333334 0.470625 0.05125
0 0.4377083333333333 0.0010416666666666667 0.4370833333333333 0.013541666666666667 0.451875 0.018125 0.459375 0.004583333333333333 0.4538973577235772 0.0
0 0.475625 0.0010416666666666667 0.47333333333333333 0.009166666666666667 0.47583333333333333 0.01625 0.48375 0.018541666666666668 0.4920833333333333 0.015625 0.495625 0.005625 0.4939705882352941 0.0 0.4766666666666667 0.0
0 0.24387254901960792 0.000612745098039286 0.2504595588235295 0.005667892156862825 0.2594975490196079 0.005361519607843211 0.2636335784313726 0.001225490196078501 0.26328343837535023 0.0
0 0.3924632352941177 0.001286764705882355 0.3957720588235294 0.007169117647058828 0.4041053921568627 0.007536764705882355 0.4069240196078431 0.0021446078431372586 0.40593420060331825 0.0
0 0.828327922077922 0.36404220779220775 0.8359036796536797 0.357819264069264 0.8505140692640694 0.36241883116883117 0.8548430735930734 0.3748647186147186 0.8459145021645021 0.38487554112554107 0.8310335497835498 0.38649891774891776 0.8261634199134198 0.3783820346320347
0 0.8616071428571428 0.36539502164502163 0.8713474025974026 0.3589015151515151 0.8875811688311689 0.3599837662337662 0.890827922077922 0.3770292207792208 0.8754058441558442 0.38622835497835495 0.8610660173160174 0.3829816017316017
0 0.8951569264069263 0.37405303030303033 0.9043560606060607 0.357819264069264 0.9176136363636362 0.35863095238095233 0.9249188311688311 0.3686417748917749 0.9195075757575757 0.38433441558441556 0.9048971861471861 0.3854166666666667
0 0.9327651515151515 0.36539502164502163 0.9452110389610389 0.35863095238095233 0.9590097402597402 0.36404220779220775 0.9579274891774892 0.3808170995670995 0.944128787878788 0.38676948051948046 0.9335768398268398 0.37919372294372294
0 0.7907196969696969 0.3304924242424242 0.7982954545454546 0.32129329004329005 0.8099296536796536 0.3215638528138528 0.8142586580086579 0.3315746753246753 0.8096590909090908 0.3407738095238095 0.7996482683982684 0.34158549783549785
0 0.8139880952380952 0.31912878787878785 0.8204816017316017 0.30830627705627706 0.8353625541125541 0.3110119047619047 0.8369859307359306 0.32102272727272724 0.8291396103896104 0.3294101731601731 0.8188582251082251 0.3267045454545454
0 0.8372564935064934 0.29991883116883117 0.8502435064935066 0.2934253246753247 0.8607954545454546 0.3039772727272727 0.8529491341991341 0.31534090909090906 0.8407738095238094 0.314258658008658
0 0.8594426406926406 0.2869318181818182 0.8772997835497836 0.2782738095238095 0.8813582251082251 0.29531926406926406 0.8748647186147186 0.3031655844155844 0.8618777056277056 0.2980248917748917
0 0.7926136363636362 0.2758387445887446 0.8074945887445887 0.2688041125541125 0.8145292207792207 0.28476731601731603 0.8010010822510821 0.29504870129870125 0.7907196969696969 0.28179112554112556
0 0.7936958874458875 0.251758658008658 0.8028950216450216 0.24391233766233764 0.8120941558441558 0.2495941558441558 0.8126352813852814 0.262310606060606 0.8050595238095237 0.26609848484848486 0.7955898268398268 0.2628517316017316
0 0.7934253246753247 0.222267316017316 0.8031655844155843 0.21685606060606058 0.8123647186147186 0.22172619047619047 0.8123647186147186 0.23498376623376618 0.8028950216450216 0.24093614718614717 0.7945075757575757 0.2341720779220779
0 0.8169642857142857 0.20955086580086577 0.8231872294372294 0.20359848484848483 0.8350919913419913 0.20873917748917747 0.8353625541125541 0.21983225108225107 0.8261634199134198 0.225784632034632 0.8156114718614718 0.21820887445887446
0 0.8164231601731602 0.23768939393939392 0.8256222943722944 0.22903138528138528 0.8364448051948051 0.23850108225108224 0.8353625541125541 0.24688852813852813 0.8261634199134198 0.2533820346320346 0.815340909090909 0.24445346320346317
0 0.8137175324675324 0.27042748917748916 0.8223755411255411 0.2568993506493506 0.8348214285714285 0.26204004329004327 0.8356331168831169 0.27150974025974023 0.8280573593073592 0.2804383116883117
0 0.8383387445887445 0.2536525974025974 0.8453733766233765 0.24418290043290042 0.8575487012987012 0.2485119047619047 0.8589015151515152 0.2625811688311688 0.8442911255411256 0.26501623376623373
0 0.8367153679653679 0.22551406926406925 0.846185064935065 0.21739718614718612 0.8583603896103896 0.22145562770562766 0.855384199134199 0.23552489177489175 0.8426677489177489 0.23741883116883117
0 0.8375270562770563 0.19710497835497834 0.8488906926406925 0.18952922077922077 0.8591720779220778 0.1981872294372294 0.8559253246753247 0.21063311688311687 0.8467261904761904 0.21198593073593075 0.8383387445887445 0.20603354978354976
0 0.8605248917748918 0.1824945887445887 0.8699945887445887 0.17762445887445888 0.8821699134199134 0.18114177489177488 0.8813582251082251 0.19521103896103895 0.8721590909090908 0.19899891774891776 0.86133658008658 0.19521103896103895
0 0.8597132034632033 0.21415043290043287 0.8667478354978355 0.2041396103896104 0.8781114718614718 0.2041396103896104 0.8832521645021645 0.2146915584415584 0.8754058441558442 0.22551406926406925 0.8629599567099567 0.22145562770562766
0 0.8594426406926406 0.24364177489177488 0.8659361471861471 0.22794913419913418 0.8810876623376623 0.23552489177489175 0.8797348484848485 0.24715909090909088 0.8681006493506493 0.251758658008658
