0 0.044389204545454544 0.9847301136363635 0.05338541666666668 0.9776278409090908 0.06285511363636363 0.9811789772727273 0.06522253787878787 0.9918323863636362 0.05953733766233769 0.9997916666666666 0.04557291666666668 0.9977509469696969
0 0.07232481060606061 0.9835464015151515 0.08037405303030304 0.9781013257575757 0.09055397727272728 0.9821259469696969 0.09055397727272728 0.9963304924242423 0.08165381493506485 0.9997916666666666 0.06948390151515152 0.9944365530303029
0 0.09647253787878787 0.9852035984848485 0.10546875000000001 0.9785748106060607 0.1163589015151515 0.9821259469696969 0.11659564393939395 0.9968039772727273 0.10124978477961442 0.9997916666666666 0.09576231060606061 0.9918323863636362
0 0.12014678030303032 0.950402462121212 0.12748579545454547 0.9440104166666666 0.1376657196969697 0.9477982954545454 0.13932291666666666 0.9605823863636362 0.12914299242424246 0.9657907196969696 0.12014678030303032 0.9591619318181819
0 0.10002367424242421 0.9508759469696969 0.10665246212121209 0.9463778409090908 0.11375473484848479 0.9489820075757575 0.11446496212121209 0.9605823863636365 0.10688920454545453 0.9629498106060607 0.09978693181818178 0.9601089015151515
0 0.08061079545454546 0.9544270833333334 0.08321496212121213 0.9485085227272727 0.08984375000000001 0.9468513257575757 0.0967092803030303 0.9527698863636362 0.09315814393939395 0.9617660984848485 0.08392518939393939 0.9629498106060607
0 0.06167140151515152 0.9546638257575757 0.06522253787878787 0.9482717803030302 0.07492897727272728 0.9470880681818181 0.07753314393939395 0.9567945075757575 0.0713778409090909 0.9638967803030302 0.06309185606060605 0.9615293560606061
0 0.04273200757575757 0.9532433712121212 0.050307765151515145 0.9459043560606061 0.058593750000000014 0.9494554924242423 0.05930397727272728 0.9617660984848485 0.049360795454545456 0.9643702651515152 0.042968750000000014 0.9589251893939393
0 0.06664299242424243 0.9250710227272727 0.07185132575757577 0.919152462121212 0.07942708333333334 0.920809659090909 0.08061079545454546 0.9302793560606061 0.07469223484848486 0.9350142045454546 0.06758996212121213 0.9309895833333334 0.06664299242424243 0.9260179924242423
0 0.04796511627906977 0.9240148578811369 0.052890826873385005 0.9194928940568475 0.059350775193798444 0.9210271317829457 0.06096576227390182 0.9289405684754523 0.053698320413436695 0.9333817829457365 0.0476421188630491 0.9286175710594314
0 0.048530361757105935 0.9067344961240311 0.05450581395348838 0.9037467700258399 0.05999677002583978 0.907138242894057 0.05951227390180879 0.9146479328165374 0.05353682170542635 0.9168281653746769 0.048530361757105935 0.9127099483204135
0 0.04893410852713178 0.8907461240310077 0.0546673126614987 0.8874354005167959 0.06080426356589147 0.8917958656330749 0.059431524547803614 0.8991440568475453 0.05402131782945736 0.9005167958656332 0.04877260981912145 0.8977713178294573
0 0.04998385012919896 0.8754037467700259 0.054909560723514224 0.8720122739018088 0.06104651162790697 0.8743540051679586 0.06161175710594315 0.8825096899224807 0.05628229974160207 0.8855781653746769 0.05022609819121448 0.8819444444444444
0 0.06718346253229976 0.9078649870801033 0.073078165374677 0.9030200258397932 0.0798611111111111 0.9069767441860465 0.07905361757105943 0.9161014211886305 0.0700096899224806 0.9161014211886305
0 0.06484173126614987 0.8933301033591732 0.0703326873385013 0.8876776485788114 0.07703488372093023 0.8901808785529716 0.07776162790697674 0.8969638242894056 0.07178617571059433 0.9015665374677002 0.06621447028423773 0.8981750645994832
0 0.09152560763888891 0.8690863715277779 0.09771050347222224 0.8621419270833334 0.10693359375 0.8634440104166666 0.11105685763888891 0.8714735243055556 0.10671657986111112 0.88134765625 0.09608289930555557 0.88134765625 0.09120008680555557 0.8753797743055556
0 0.1398611111111111 0.9126388888888888 0.145 0.909861111111111 0.15125 0.9131944444444444 0.15111111111111108 0.9202777777777778 0.14527777777777776 0.9229166666666667 0.13916666666666666 0.9197222222222221
0 0.12277777777777776 0.8963888888888888 0.1273611111111111 0.8933333333333333 0.13416666666666666 0.8968055555555554 0.1343055555555555 0.90375 0.12791666666666668 0.9073611111111111 0.12152777777777776 0.90375
0 0.11972222222222224 0.8815277777777777 0.12555555555555556 0.877361111111111 0.13222222222222219 0.8819444444444444 0.13013888888888886 0.8895833333333333 0.12333333333333334 0.8898611111111111 0.11958333333333333 0.8854166666666666
0 0.11958333333333333 0.8665277777777777 0.12444444444444443 0.8619444444444444 0.13097222222222218 0.8643055555555554 0.13208333333333333 0.8711111111111111 0.12555555555555556 0.875 0.12 0.87125
0 0.13958333333333334 0.8977777777777777 0.14402777777777775 0.8940277777777778 0.14916666666666667 0.895 0.15166666666666667 0.9004166666666666 0.14875 0.9059722222222221 0.1425 0.9056944444444444 0.13944444444444443 0.9020833333333333
0 0.14 0.8818055555555554 0.1447222222222222 0.8777777777777778 0.15055555555555553 0.8802777777777777 0.1509722222222222 0.8879166666666667 0.145 0.8911111111111111 0.13958333333333334 0.8876388888888888
0 0.13944444444444443 0.8665277777777777 0.14416666666666667 0.861111111111111 0.15125 0.8654166666666666 0.1509722222222222 0.8726388888888887 0.14444444444444443 0.8751388888888888 0.13930555555555552 0.8701388888888888
0 0.16194444444444442 0.8906944444444443 0.1684722222222222 0.8858333333333334 0.1775 0.8876388888888888 0.18055555555555552 0.8947222222222221 0.17791666666666667 0.9040277777777778 0.16666666666666666 0.9058333333333334 0.16055555555555553 0.8997222222222221
0 0.16152777777777777 0.8679166666666667 0.16833333333333333 0.8625 0.17625 0.8634722222222221 0.18055555555555552 0.8695833333333334 0.1784722222222222 0.8788888888888887 0.17055555555555552 0.882361111111111 0.16083333333333333 0.8766666666666667
0 0.2144354043392505 0.8919501972386586 0.22121548323471402 0.8854166666666666 0.23046104536489154 0.8865261341222879 0.23489891518737674 0.8949087771203156 0.23267998027613412 0.9021819526627219 0.22294132149901383 0.9058801775147928 0.2144354043392505 0.900456114398422
0 0.21381903353057202 0.8685281065088757 0.2215853057199211 0.8619945759368837 0.23169378698224852 0.8633505917159763 0.23489891518737674 0.8746918145956607 0.22737919132149903 0.8829511834319527 0.21677761341222881 0.8797460552268245
0 0.23736439842209076 0.8749383629191321 0.24241863905325445 0.8680350098619328 0.25215729783037477 0.8680350098619328 0.2567184418145957 0.8744452662721894 0.25634861932938857 0.883197731755424 0.2483357988165681 0.888128698224852 0.23872041420118345 0.8851701183431954
0 0.23785749506903353 0.8962647928994083 0.24636341222879685 0.8902243589743589 0.2557322485207101 0.8951553254437871 0.2568417159763314 0.9050172583826429 0.24870562130177512 0.9116740631163708 0.23798076923076925 0.908345660749507
0 0.30562943262411346 0.992686170212766 0.31759751773049644 0.9875886524822695 0.325354609929078 0.9944592198581561 0.3249596138691883 0.9997916666666666 0.30629432624113473 0.9997916666666666
0 0.3371010638297872 0.9913563829787233 0.34574468085106386 0.9873670212765957 0.35438829787234044 0.992686170212766 0.3555725472813238 0.9997916666666666 0.33754432624113473 0.9997916666666666
0 0.33444148936170215 0.9348404255319148 0.3419769503546099 0.9275265957446809 0.3552748226950354 0.9286347517730497 0.36281028368794327 0.9457003546099291 0.3495124113475177 0.9572251773049645 0.3353280141843971 0.9496897163120567 0.33421985815602834 0.9350620567375887
0 0.3619237588652482 0.919991134751773 0.369459219858156 0.9084663120567376 0.3849734042553191 0.907136524822695 0.3916223404255319 0.9219858156028369 0.38231382978723405 0.9350620567375887 0.3672429078014184 0.9321808510638299
0 0.2856606606606607 0.9269894894894896 0.291478978978979 0.9191066066066065 0.30405405405405406 0.9179804804804805 0.31081081081081086 0.927927927927928 0.30855855855855857 0.9416291291291291 0.2980480480480481 0.947072072072072 0.28603603603603606 0.9410660660660661 0.2834084084084085 0.9333708708708709
0 0.3138138138138139 0.90746996996997 0.3228228228228229 0.8975225225225226 0.3353978978978979 0.8997747747747749 0.3406531531531532 0.9114114114114114 0.33389639639639646 0.9258633633633633 0.31662912912912916 0.9211711711711712
0 0.3434684684684685 0.8890765765765766 0.3500375375375376 0.8783783783783783 0.36129879879879884 0.8778153153153153 0.3693693693693694 0.8862612612612613 0.36918168168168175 0.8977102102102101 0.35754504504504503 0.9052177177177178 0.3466591591591592 0.9009009009009009
0 0.37218468468468474 0.8684309309309308 0.3798798798798799 0.8586711711711712 0.3920795795795796 0.8569819819819819 0.40052552552552556 0.8678678678678678 0.3945195195195196 0.8838213213213212 0.3761261261261261 0.8828828828828829
0 0.276463963963964 0.8695570570570571 0.28246996996997004 0.8614864864864864 0.2918543543543544 0.8605480480480481 0.2982357357357358 0.868993993993994 0.29542042042042044 0.8778153153153153 0.285472972972973 0.8823198198198198 0.2781531531531532 0.8778153153153153 0.2762762762762763 0.8699324324324325
0 0.2612612612612613 0.8472222222222223 0.2670795795795796 0.8393393393393392 0.27759009009009017 0.8389639639639639 0.2822822822822823 0.8492867867867867 0.27852852852852855 0.8582957957957957 0.2689564564564565 0.859984984984985 0.26276276276276284 0.8549174174174174 0.261448948948949 0.8468468468468469
0 0.28246996996997004 0.8338963963963963 0.2875375375375376 0.8250750750750752 0.2993618618618619 0.8233858858858859 0.30461711711711714 0.8329579579579579 0.30161411411411415 0.841403903903904 0.2946696696696697 0.8445945945945946 0.2862237237237238 0.8429054054054054 0.2828453453453454 0.8338963963963963
0 0.2982357357357358 0.8558558558558559 0.3019894894894895 0.8475975975975975 0.31268768768768773 0.8445945945945946 0.3196321321321322 0.8547297297297297 0.3143768768768769 0.8650525525525525 0.30292792792792794 0.8661786786786786 0.2982357357357358 0.8554804804804805
0 0.3198441247002398 0.8402278177458034 0.3241906474820144 0.8324340527577938 0.3321342925659473 0.8297362110311751 0.3406774580335732 0.8361810551558753 0.33857913669064754 0.8481714628297361 0.32793764988009594 0.8516187050359711 0.3211930455635492 0.8460731414868105
0 0.3412769784172662 0.8235911270983215 0.34802158273381295 0.815347721822542 0.35791366906474825 0.8159472422062349 0.3630095923261391 0.8268884892086331 0.3558153477218225 0.8361810551558753 0.34442446043165464 0.8339328537170264
0 0.30485611510791366 0.8222422062350121 0.3075539568345324 0.8108513189448442 0.3195443645083933 0.8080035971223022 0.3268884892086331 0.8208932853717027 0.3184952038369305 0.8301858513189448 0.3068045563549161 0.8253896882494004
0 0.3265887290167866 0.8081534772182254 0.32943645083932854 0.7954136690647483 0.34052757793764993 0.7928657074340527 0.3481714628297362 0.8036570743405276 0.341726618705036 0.8133992805755396 0.3286870503597123 0.8127997601918466
0 0.2889433551198257 0.7964324618736383 0.2957516339869281 0.7866285403050108 0.3063725490196078 0.7879901960784313 0.3108660130718954 0.7971132897603485 0.30705337690631807 0.8058278867102397 0.2952069716775599 0.80718954248366
0 0.272875816993464 0.7721949891067539 0.27777777777777773 0.7644335511982571 0.2867647058823529 0.7632080610021786 0.2938453159041394 0.7704248366013072 0.2916666666666667 0.781181917211329 0.28145424836601307 0.7833605664488018 0.27491830065359474 0.7781862745098038
0 0.2946623093681917 0.7580337690631808 0.29697712418300654 0.7487745098039216 0.3081427015250544 0.7464596949891068 0.3148148148148148 0.7549019607843137 0.31154684095860563 0.7657952069716776 0.30078976034858385 0.7671568627450981 0.29507080610021785 0.7626633986928104
0 0.3116830065359477 0.7819989106753813 0.31495098039215685 0.7742374727668846 0.32284858387799564 0.7717864923747277 0.3314270152505447 0.7765522875816993 0.3304738562091503 0.7892156862745098 0.32162309368191716 0.7934368191721133 0.3142701525054466 0.7889433551198256
0 0.34763071895424835 0.7888071895424836 0.35239651416122003 0.7799564270152505 0.36111111111111116 0.7779139433551198 0.3691448801742919 0.7858115468409586 0.366285403050109 0.7964324618736383 0.35607298474945537 0.7991557734204793 0.35144335511982566 0.7954793028322441
0 0.36968954248366015 0.7745098039215687 0.3739106753812636 0.7651143790849673 0.3823529411764705 0.7626633986928104 0.3895697167755991 0.7691993464052287 0.3886165577342048 0.7800925925925926 0.3800381263616558 0.784041394335512 0.3711873638344227 0.7794117647058824
0 0.3631535947712418 0.8107298474945533 0.36710239651416116 0.8016067538126361 0.3766339869281046 0.7994281045751633 0.3838507625272331 0.806917211328976 0.38167211328976036 0.8174019607843136 0.37077886710239655 0.8217592592592592 0.36451525054466233 0.8164488017429194
0 0.3846677559912854 0.7958877995642702 0.38916122004357295 0.7867647058823528 0.39828431372549017 0.7845860566448802 0.40509259259259256 0.7920751633986928 0.4031862745098039 0.8021514161220044 0.39406318082788666 0.8062363834422659 0.3871187363834423 0.8017429193899782
0 0.4068627450980392 0.778458605664488 0.4113562091503268 0.7706971677559913 0.42224945533769065 0.7705610021786492 0.42742374727668847 0.7794117647058824 0.4223856209150327 0.7885348583877995 0.4110838779956427 0.789760348583878 0.4069989106753813 0.7819989106753813
0 0.42837690631808284 0.7625272331154683 0.4350490196078431 0.7547657952069716 0.4447167755991285 0.7562636165577342 0.44839324618736387 0.7630718954248366 0.4452614379084967 0.7736928104575164 0.43409586056644883 0.7743736383442267 0.428921568627451 0.767020697167756
0 0.39198717948717954 0.759775641025641 0.3942307692307692 0.7514423076923077 0.4014423076923077 0.7475961538461537 0.40913461538461543 0.7517628205128204 0.41169871794871793 0.7594551282051282 0.4070512820512821 0.7666666666666666 0.3975961538461538 0.7681089743589743
0 0.3467948717948718 0.7570512820512819 0.35096153846153844 0.7493589743589744 0.3594551282051282 0.7467948717948717 0.3665064102564103 0.7517628205128204 0.36730769230769234 0.7628205128205128 0.3583333333333333 0.7682692307692307 0.3483974358974359 0.7642628205128205
0 0.3213141025641026 0.7544871794871795 0.3269230769230769 0.7477564102564103 0.3363782051282051 0.7477564102564103 0.3416666666666667 0.7556089743589743 0.33798076923076925 0.7653846153846153 0.32724358974358975 0.7673076923076922 0.3209935897435897 0.7608974358974359
0 0.16791310541310542 0.825854700854701 0.17556980056980057 0.8187321937321939 0.18678774928774927 0.8206908831908832 0.19106125356125356 0.831908831908832 0.1818019943019943 0.8406339031339033 0.17058404558404555 0.8383190883190884
0 0.20548433048433049 0.7995014245014247 0.2118945868945869 0.7927350427350428 0.21848290598290598 0.7950498575498577 0.2231125356125356 0.8007478632478633 0.21883903133903132 0.8089387464387464 0.20904558404558404 0.8087606837606839
0 0.16648860398860396 0.7987891737891739 0.1759259259259259 0.7893518518518519 0.18660968660968663 0.791488603988604 0.19106125356125356 0.8018162393162394 0.1858974358974359 0.8105413105413107 0.17289886039886043 0.8117877492877493
0 0.1363960113960114 0.8189102564102565 0.1444088319088319 0.8135683760683762 0.15259971509971512 0.8176638176638178 0.15064102564102563 0.8281695156695157 0.14173789173789175 0.8310185185185186
0 0.09052230046948356 0.8047241784037559 0.0943368544600939 0.7992957746478875 0.10328638497652583 0.7984154929577465 0.10607394366197183 0.8064847417840376 0.10108568075117372 0.8138204225352114 0.09066901408450705 0.8089788732394367
0 0.032570422535211266 0.7586561032863851 0.035944835680751186 0.7532276995305165 0.04240023474178404 0.7524941314553991 0.04650821596244132 0.7583626760563381 0.04416079812206572 0.7658450704225352 0.03550469483568076 0.7658450704225352
0 0.0818661971830986 0.7567488262910799 0.08788145539906103 0.7520539906103286 0.09565727699530516 0.7548415492957747 0.09595070422535212 0.7640845070422535 0.08744131455399062 0.7680457746478874 0.0818661971830986 0.761737089201878
0 0.1374706572769953 0.7585093896713616 0.1426056338028169 0.7536678403755869 0.14994131455399062 0.7545481220657277 0.15258215962441318 0.7592429577464789 0.15096830985915494 0.7658450704225352 0.14348591549295775 0.7695129107981221 0.1382042253521127 0.764818075117371
0 0.18691314553990612 0.7494131455399061 0.1936619718309859 0.7454518779342724 0.19982394366197184 0.7488262910798122 0.19747652582159628 0.7571889671361502 0.19087441314553993 0.7579225352112676
0 0.2014377934272301 0.7571889671361502 0.2086267605633803 0.7514671361502347 0.22021713615023478 0.7536678403755869 0.22315140845070427 0.7646713615023475 0.21698943661971834 0.7733274647887325 0.20715962441314553 0.7723004694835681 0.20129107981220662 0.7654049295774649
0 0.42828525641025633 0.7107371794871795 0.4354967948717948 0.7025240384615384 0.44771634615384615 0.7011217948717948 0.4557291666666667 0.7129407051282051 0.4515224358974358 0.7255608974358975 0.4391025641025641 0.7303685897435896 0.4276842948717948 0.719951923076923
0 0.3934294871794871 0.7101362179487178 0.4026442307692308 0.7021233974358975 0.41606570512820507 0.7055288461538461 0.4192708333333333 0.7173477564102564 0.41266025641025633 0.7275641025641025 0.39463141025641024 0.727764423076923
0 0.35616987179487175 0.7105368589743589 0.3667868589743589 0.7013221153846154 0.3782051282051282 0.7033253205128205 0.3834134615384615 0.7155448717948717 0.37860576923076916 0.7265624999999999 0.3621794871794871 0.7287660256410255 0.3573717948717948 0.7203525641025641
0 0.32011217948717946 0.7119391025641025 0.3277243589743589 0.7033253205128205 0.34134615384615385 0.7021233974358975 0.34835737179487175 0.7129407051282051 0.34254807692307687 0.7267628205128205 0.329326923076923 0.7293669871794871 0.32111378205128205 0.7203525641025641
0 0.28668981481481476 0.6725694444444443 0.29293981481481474 0.664236111111111 0.3033564814814814 0.6644675925925926 0.30891203703703707 0.6744212962962963 0.30520833333333336 0.6841435185185185 0.29201388888888885 0.6850694444444444
0 0.3086805555555555 0.6563657407407407 0.3211805555555555 0.6508101851851852 0.3315972222222222 0.6577546296296296 0.3299768518518518 0.670949074074074 0.3170138888888889 0.6732638888888889 0.30983796296296295 0.664236111111111
0 0.33136574074074077 0.6457175925925925 0.34201388888888884 0.6350694444444444 0.3538194444444444 0.6436342592592592 0.35150462962962964 0.6549768518518518 0.34016203703703707 0.6591435185185185
0 0.3540509259259259 0.6332175925925926 0.36331018518518515 0.6234953703703703 0.37534722222222217 0.627199074074074 0.37604166666666666 0.6415509259259259 0.365625 0.6457175925925925 0.3570601851851851 0.6394675925925926
0 0.28812056737588654 0.6201241134751773 0.29609929078014185 0.614804964539007 0.3054078014184397 0.6161347517730497 0.3096187943262411 0.62677304964539 0.3027482269503546 0.6347517730496454 0.29144503546099293 0.6343085106382977 0.2878989361702127 0.6252216312056738
0 0.31006205673758863 0.6085992907801419 0.3171542553191489 0.601063829787234 0.3286790780141844 0.6035017730496454 0.3320035460992908 0.6150265957446808 0.32601950354609927 0.6223404255319148 0.313386524822695 0.6214539007092198
0 0.28767730496453897 0.5975177304964538 0.2945478723404255 0.5879875886524822 0.3036347517730496 0.5895390070921985 0.3098404255319149 0.5977393617021276 0.30562943262411346 0.6085992907801419 0.29210992907801414 0.6092641843971631
0 0.33222517730496454 0.5939716312056738 0.3424202127659574 0.5862145390070922 0.3550531914893617 0.5926418439716311 0.35106382978723405 0.6061613475177305 0.33754432624113473 0.6085992907801419
0 0.3563829787234042 0.5811170212765957 0.3636968085106383 0.5740248226950354 0.37522163120567376 0.576241134751773 0.3761081560283687 0.5886524822695035 0.3690159574468085 0.59552304964539 0.3570478723404255 0.5908687943262411
0 0.31006205673758863 0.5828900709219857 0.31648936170212766 0.5746897163120567 0.3262411347517731 0.5755762411347517 0.33178191489361697 0.5828900709219857 0.3286790780141844 0.5921985815602837 0.3173758865248227 0.5959663120567376 0.3125 0.5899822695035462
0 0.2883421985815603 0.5704787234042553 0.2936613475177305 0.5620567375886524 0.3058510638297872 0.5640514184397163 0.3078457446808511 0.572695035460993 0.3040780141843971 0.5804521276595744 0.29388297872340424 0.582668439716312
0 0.31050531914893614 0.5567375886524822 0.3178191489361702 0.5480939716312055 0.32779255319148937 0.5505319148936171 0.3315602836879432 0.5578457446808511 0.3282358156028369 0.5667109929078012 0.31759751773049644 0.5695921985815602 0.31117021276595747 0.5631648936170213
0 0.33355496453900707 0.5689273049645389 0.3379875886524823 0.5622783687943262 0.3479609929078014 0.5607269503546098 0.35416666666666663 0.5704787234042553 0.35217198581560283 0.5793439716312055 0.33887411347517726 0.582668439716312 0.3337765957446808 0.5751329787234043
0 0.3550531914893617 0.5574024822695035 0.3605939716312057 0.5492021276595744 0.37145390070921985 0.5476507092198581 0.37765957446808507 0.5580673758865248 0.3692375886524823 0.5693705673758864 0.3583776595744681 0.5653812056737589
0 0.3324468085106383 0.5410017730496454 0.3426418439716312 0.5325797872340426 0.35239361702127664 0.5378989361702128 0.3537234042553191 0.5472074468085105 0.34618794326241137 0.5567375886524822 0.3333333333333333 0.5487588652482268
0 0.3554964539007092 0.5301418439716311 0.3614804964539007 0.521941489361702 0.37189716312056736 0.521941489361702 0.37721631205673756 0.5310283687943262 0.37256205673758863 0.5410017730496454 0.36103723404255317 0.5410017730496454
0 0.19566761363636365 0.6163589015151515 0.20063920454545459 0.6059422348484848 0.21768465909090912 0.6052320075757575 0.22312973484848483 0.6170691287878788 0.2186316287878788 0.6293797348484848 0.20395359848484848 0.6329308712121211 0.19566761363636365 0.6239346590909091
0 0.16347064393939395 0.5983664772727272 0.17009943181818182 0.5884232954545454 0.1843039772727273 0.5870028409090908 0.19187973484848483 0.5983664772727272 0.18619791666666666 0.6123342803030303 0.17057291666666666 0.6147017045454545 0.16418087121212124 0.6052320075757575
0 0.17696496212121213 0.5649857954545454 0.18548768939393942 0.5540956439393938 0.19969223484848483 0.5545691287878788 0.2058475378787879 0.5673532196969697 0.19969223484848483 0.5813210227272727 0.18383049242424246 0.580374053030303
0 0.0282907196969697 0.6554214015151515 0.035629734848484855 0.646188446969697 0.04723011363636363 0.6483191287878788 0.048887310606060615 0.6589725378787878 0.042968750000000014 0.6660748106060606 0.03207859848484848 0.6632339015151515
0 0.052201704545454544 0.6547111742424242 0.060014204545454544 0.6454782196969697 0.07066761363636363 0.6497395833333334 0.07232481060606061 0.6589725378787878 0.06380208333333334 0.6674952651515151 0.05291193181818181 0.6615767045454545
0 0.07256155303030304 0.6644176136363636 0.08084753787878787 0.6573153409090908 0.09221117424242423 0.661813446969697 0.08984375000000001 0.6764914772727272 0.07966382575757577 0.6788589015151515 0.07208806818181819 0.6700994318181818
0 0.09221117424242423 0.6781486742424242 0.09978693181818181 0.6689157196969697 0.11162405303030302 0.6731770833333334 0.11138731060606062 0.6861979166666666 0.10357481060606061 0.69140625 0.09505208333333334 0.6869081439393938
0 0.10807291666666667 0.6615767045454546 0.1163589015151515 0.6499763257575757 0.13103693181818182 0.6577888257575757 0.12630208333333334 0.6729403409090909 0.11162405303030302 0.6708096590909091
0 0.12535511363636365 0.6426373106060606 0.13364109848484848 0.6298532196969697 0.14950284090909094 0.6364820075757575 0.14689867424242428 0.6504498106060606 0.13908617424242428 0.6542376893939393 0.12866950757575754 0.65234375
0 0.11304450757575756 0.6168323863636364 0.12133049242424244 0.6061789772727272 0.13458806818181818 0.61328125 0.13458806818181818 0.6248816287878788 0.12535511363636365 0.6308001893939393 0.11446496212121214 0.6255918560606061
0 0.1094933712121212 0.5886600378787878 0.11848958333333333 0.5780066287878788 0.13127367424242428 0.5839251893939393 0.13103693181818182 0.5969460227272727 0.12180397727272729 0.6028645833333334 0.11091382575757577 0.5981297348484848
0 0.11919981060606062 0.5623816287878788 0.130563446969697 0.5512547348484848 0.1435842803030303 0.5630918560606061 0.14026988636363635 0.5737452651515151 0.12937973484848483 0.5789535984848484 0.12156723484848485 0.5732717803030303
0 0.8226594650205761 0.870241769547325 0.829861111111111 0.8617541152263374 0.8391203703703702 0.8653549382716049 0.8432355967078189 0.8733281893004115 0.8380915637860082 0.8818158436213992 0.8265174897119342 0.8820730452674896 0.8229166666666666 0.876929012345679
0 0.846579218106996 0.8674125514403291 0.8545524691358025 0.862011316872428 0.8648405349794238 0.8679269547325102 0.8648405349794238 0.8777006172839505 0.8568672839506172 0.8831018518518519 0.8463220164609053 0.8782150205761317
0 0.8452932098765431 0.84375 0.8558384773662552 0.8373199588477366 0.8674125514403291 0.8463220164609053 0.8591820987654321 0.8591820987654321 0.8481224279835391 0.8589248971193416
0 0.8218878600823044 0.8452932098765431 0.8319187242798355 0.8378343621399176 0.8422067901234567 0.8455504115226338 0.840920781893004 0.8555812757201645 0.8308899176954733 0.8607253086419754 0.8231738683127571 0.8542952674897119
0 0.7992541152263374 0.8463220164609053 0.8092849794238683 0.8386059670781892 0.8190586419753086 0.8458076131687242 0.8193158436213992 0.8553240740740741 0.8085133744855966 0.8617541152263374 0.80054012345679 0.854809670781893
0 0.7987397119341563 0.821630658436214 0.807741769547325 0.8128858024691359 0.8211162551440329 0.8236882716049382 0.8136574074074074 0.8368055555555556 0.8028549382716049 0.8352623456790124
0 0.8234310699588477 0.8226594650205761 0.8306327160493826 0.8146862139917694 0.8419495884773662 0.8211162551440329 0.8419495884773662 0.8332047325102881 0.8308899176954733 0.8362911522633745 0.8229166666666666 0.8329475308641975
0 0.8458076131687242 0.8242026748971193 0.8537808641975307 0.8157150205761317 0.8645833333333334 0.821630658436214 0.8635545267489712 0.8329475308641975 0.8530092592592592 0.8378343621399176 0.8455504115226338 0.8296039094650206
0 0.7650462962962963 0.8468364197530864 0.7714763374485597 0.839891975308642 0.7833076131687242 0.840920781893004 0.7845936213991769 0.8545524691358025 0.7737911522633745 0.8602109053497943 0.7671039094650206 0.857638888888889
0 0.7393261316872428 0.8458076131687242 0.7475565843621399 0.8386059670781892 0.7581018518518519 0.8427211934156378 0.7593878600823044 0.8530092592592592 0.7511574074074074 0.858667695473251 0.7411265432098766 0.8545524691358025
0 0.7138631687242798 0.8434927983539093 0.7228652263374485 0.8380915637860082 0.7328960905349794 0.8432355967078189 0.7336676954732511 0.8522376543209876 0.725437242798354 0.8591820987654321 0.7148919753086419 0.8537808641975307
0 0.7156635802469136 0.8190586419753086 0.7246656378600823 0.8118569958847737 0.73315329218107 0.8198302469135803 0.7318672839506173 0.828832304526749 0.7236368312757202 0.8329475308641975 0.7146347736625513 0.8265174897119342
0 0.7400977366255145 0.8193158436213992 0.748585390946502 0.8110853909465021 0.759645061728395 0.8193158436213992 0.7599022633744855 0.8285751028806584 0.7498713991769547 0.8344907407407408 0.7421553497942387 0.8293467078189299
0 0.7655606995884774 0.8208590534979424 0.7735339506172839 0.8095421810699588 0.7853652263374487 0.8193158436213992 0.785108024691358 0.8280606995884773 0.7768775720164609 0.8339763374485597 0.7671039094650206 0.8290895061728395
0 0.8002829218106996 0.7835648148148149 0.8054269547325102 0.7771347736625513 0.8141718106995885 0.777391975308642 0.8190586419753086 0.7835648148148149 0.8175154320987654 0.7920524691358025 0.8090277777777777 0.7966820987654321 0.8020833333333334 0.7943672839506172
0 0.8002829218106996 0.7599022633744855 0.8067129629629629 0.7534722222222222 0.8164866255144032 0.7565586419753086 0.8185442386831276 0.7653034979423868 0.8126286008230452 0.7730195473251028 0.8015689300411523 0.7704475308641975
0 0.8234310699588477 0.762474279835391 0.8314043209876544 0.7575874485596708 0.8411779835390947 0.7637602880658436 0.840920781893004 0.7748199588477366 0.829861111111111 0.7781635802469136 0.8242026748971193 0.7735339506172839
0 0.8236882716049382 0.7856224279835391 0.8324331275720164 0.7807355967078189 0.840920781893004 0.7876800411522633 0.8406635802469136 0.7969393004115227 0.8314043209876544 0.8020833333333334 0.8242026748971193 0.7959104938271605
0 0.8460648148148149 0.7676183127572016 0.8532664609053497 0.7611882716049382 0.8643261316872427 0.7686471193415638 0.8638117283950618 0.777391975308642 0.8560956790123456 0.7830504115226338 0.8458076131687242 0.7779063786008229
0 0.8458076131687242 0.7920524691358025 0.8545524691358025 0.7853652263374487 0.8645833333333334 0.7925668724279834 0.8648405349794238 0.80054012345679 0.8550668724279834 0.8059413580246914 0.8458076131687242 0.8018261316872427
0 0.8681841563786008 0.7946244855967078 0.8753858024691359 0.7899948559670782 0.8864454732510288 0.7941100823045267 0.8877314814814815 0.8054269547325102 0.8771862139917694 0.810570987654321 0.8689557613168724 0.8059413580246914
0 0.8910751028806584 0.7943672839506172 0.8998199588477366 0.787937242798354 0.9108796296296295 0.7946244855967078 0.9080504115226338 0.8059413580246914 0.8969907407407408 0.8097993827160492 0.8903034979423868 0.8025977366255145
0 0.8679269547325102 0.7737911522633745 0.8753858024691359 0.7671039094650206 0.8861882716049382 0.7717335390946501 0.8869598765432097 0.7820216049382716 0.8782150205761317 0.7881944444444444 0.8704989711934157 0.7845936213991769
0 0.8910751028806584 0.7735339506172839 0.8993055555555556 0.7655606995884774 0.9095936213991769 0.7722479423868313 0.9085648148148149 0.7820216049382716 0.9008487654320987 0.7874228395061729 0.8908179012345679 0.78125
0 0.874099794238683 0.7542438271604939 0.8818158436213992 0.7542438271604939 0.8818158436213992 0.762988683127572 0.8748713991769548 0.7632458847736625 0.8728137860082303 0.759645061728395
0 0.8843878600823044 0.7563014403292181 0.8921039094650206 0.7524434156378601 0.8985339506172839 0.7568158436213992 0.8954475308641975 0.7619598765432098 0.8905606995884773 0.7635030864197531
0 0.08997395833333334 0.2930989583333333 0.09518229166666667 0.28684895833333335 0.10403645833333333 0.29153645833333336 0.100390625 0.3006510416666667 0.09309895833333333 0.3009114583333333
0 0.089453125 0.32721354166666666 0.097265625 0.32200520833333335 0.105859375 0.32981770833333335 0.097265625 0.337109375 0.090234375 0.33294270833333334
0 0.4781650641025641 0.23477564102564097 0.484375 0.2315705128205128 0.4911858974358974 0.23737980769230765 0.48677884615384615 0.24479166666666666 0.4791666666666667 0.2433894230769231
0 0.4777173913043478 0.19257246376811604 0.48188405797101447 0.18786231884057977 0.48949275362318845 0.1905797101449276 0.48894927536231886 0.1990942028985508 0.48224637681159416 0.20108695652173922 0.4777173913043478 0.19764492753623197
0 0.47681159420289854 0.14927536231884067 0.4815217391304348 0.14329710144927546 0.48985507246376814 0.14764492753623196 0.4860507246376811 0.15615942028985516 0.4791666666666667 0.15652173913043485
0 0.5201086956521739 0.12663043478260874 0.5248188405797101 0.12101449275362328 0.5331521739130435 0.1248188405797102 0.5295289855072464 0.13405797101449285 0.5215579710144927 0.13206521739130442
0 0.5147058823529411 0.2150735294117647 0.5204248366013072 0.2085375816993464 0.5283905228758169 0.21323529411764705 0.5243055555555555 0.22242647058823525 0.516748366013072 0.22038398692810457
0 0.5151143790849673 0.25735294117647056 0.5216503267973857 0.2540849673202614 0.5283905228758169 0.25878267973856206 0.523080065359477 0.26633986928104575 0.5155228758169934 0.26266339869281047
0 0.5571305841924399 0.23818728522336774 0.5612113402061856 0.23152920962199317 0.5689432989690721 0.23195876288659795 0.5717353951890035 0.23711340206185563 0.5691580756013745 0.24291237113402067 0.5616408934707905 0.24420103092783507
0 0.5575601374570447 0.1913659793814433 0.5625 0.18599656357388314 0.5702319587628867 0.18964776632302405 0.5704467353951891 0.19737972508591065 0.5640034364261168 0.20081615120274915 0.5579896907216496 0.1956615120274914
0 0.5964347079037801 0.2564432989690722 0.6030927835051546 0.25193298969072164 0.6099656357388317 0.25923539518900346 0.6060996563573883 0.2650343642611684 0.599012027491409 0.26481958762886604
0 0.5960051546391754 0.21327319587628865 0.6018041237113403 0.20704467353951891 0.6101804123711341 0.2149914089347079 0.6030927835051546 0.2227233676975945 0.5964347079037801 0.21821305841924393
0 0.5955756013745704 0.16988831615120273 0.6005154639175259 0.16323024054982815 0.6086769759450172 0.16859965635738833 0.6052405498281788 0.1765463917525773 0.5985824742268042 0.17740549828178692
0 0.595360824742268 0.1247852233676976 0.6024484536082475 0.11855670103092784 0.6084621993127148 0.12607388316151205 0.6026632302405499 0.1333762886597938 0.5970790378006874 0.13079896907216496
0 0.59106529209622 0.0743127147766323 0.5994415807560137 0.06701030927835051 0.6039518900343643 0.07731958762886598 0.5975085910652921 0.0824742268041237 0.59106529209622 0.07860824742268041
0 0.6328446502057613 0.19200102880658443 0.6385030864197531 0.18557098765432103 0.6449331275720165 0.18711419753086425 0.6469907407407408 0.19611625514403297 0.6387602880658436 0.20048868312757204
0 0.6325874485596708 0.14544753086419757 0.6415895061728395 0.14030349794238686 0.6469907407407408 0.14956275720164613 0.6403034979423868 0.15573559670781897 0.6338734567901234 0.1513631687242799
0 0.6331018518518519 0.1022376543209877 0.6395318930041152 0.0955504115226338 0.6469907407407408 0.10352366255144038 0.6410751028806584 0.1109825102880659 0.6333590534979424 0.10841049382716056
0 0.6318158436213992 0.060313786008230515 0.6397890946502057 0.0500257201646091 0.6469907407407408 0.06159979423868319 0.6385030864197531 0.06854423868312762
0 0.6701388888888888 0.07986111111111116 0.6768261316872428 0.07317386831275727 0.6845421810699588 0.07986111111111116 0.6801697530864197 0.08912037037037043 0.67065329218107 0.08551954732510293
0 0.6737397119341564 0.12538580246913586 0.6781121399176955 0.1168981481481482 0.6876286008230452 0.12384259259259264 0.6799125514403292 0.13130144032921817
0 0.6721965020576132 0.20769032921810704 0.6786265432098766 0.2007458847736626 0.6871141975308642 0.21051954732510295 0.678369341563786 0.21694958847736634 0.6724537037037037 0.2125771604938272
0 0.6733923884514436 0.2565616797900262 0.6776574803149606 0.2518044619422572 0.6838910761154856 0.25377296587926507 0.6852034120734909 0.2601706036745407 0.6786417322834646 0.265255905511811 0.6730643044619423 0.2618110236220472
0 0.7101362179487178 0.19130608974358976 0.7133413461538461 0.18609775641025642 0.7211538461538461 0.1862980769230769 0.7219551282051282 0.19491185897435895 0.7165464743589743 0.19951923076923078 0.7105368589743589 0.19491185897435895
0 0.7097355769230769 0.1466346153846154 0.7143429487179487 0.14002403846153846 0.7223557692307692 0.14483173076923078 0.719551282051282 0.15284455128205127 0.7105368589743589 0.15224358974358976
0 0.7103365384615384 0.10316506410256408 0.7153445512820512 0.09635416666666667 0.7245592948717948 0.10256410256410256 0.7173477564102564 0.11157852564102565 0.7109374999999999 0.1063701923076923
0 0.7077323717948717 0.05869391025641024 0.7153445512820512 0.051883012820512824 0.7223557692307692 0.058894230769230754 0.7159455128205128 0.0671073717948718
0 0.7491987179487178 0.2107371794871795 0.7546073717948717 0.20532852564102563 0.7622195512820512 0.2127403846153846 0.7544070512820512 0.22135416666666666 0.7483974358974358 0.2137419871794872
0 0.7481971153846154 0.16666666666666663 0.7548076923076923 0.1622596153846154 0.7610176282051282 0.16786858974358976 0.7566105769230769 0.17407852564102563 0.7510016025641025 0.1736778846153846
0 0.7487980769230769 0.1217948717948718 0.7550080128205128 0.11778846153846154 0.7602163461538461 0.12439903846153846 0.7556089743589743 0.13060897435897434 0.7485977564102564 0.12760416666666666
0 0.7856638418079097 0.10134180790960454 0.7876059322033898 0.0969279661016949 0.7951977401129944 0.09622175141242938 0.7969632768361582 0.10399011299435028 0.791313559322034 0.10787429378531073 0.785840395480226 0.10628531073446329
0 0.7862179487179487 0.14647435897435898 0.7889423076923077 0.14102564102564102 0.7948717948717947 0.13958333333333334 0.7985576923076921 0.14471153846153845 0.7971153846153847 0.1512820512820513 0.7916666666666665 0.15288461538461537 0.7873397435897436 0.15064102564102563
0 0.7868589743589743 0.23237179487179488 0.7907051282051281 0.22788461538461538 0.7966346153846153 0.22868589743589743 0.7999999999999999 0.23573717948717945 0.7959935897435896 0.24086538461538462 0.7889423076923077 0.24086538461538462
0 0.8267276422764227 0.2552506775067751 0.8297764227642277 0.24983062330623307 0.8377371273712737 0.2503387533875339 0.8385840108401084 0.258130081300813 0.834349593495935 0.26168699186991873 0.8272357723577236 0.26016260162601623
0 0.8241869918699187 0.21138211382113822 0.8302845528455284 0.20562330623306233 0.8373983739837397 0.21019647696476965 0.834518970189702 0.21747967479674798 0.8267276422764227 0.21781842818428185
0 0.8241869918699187 0.16632791327913282 0.8289295392953929 0.16158536585365857 0.8382452574525744 0.165819783197832 0.831808943089431 0.17496612466124664 0.8246951219512194 0.17090108401084014
0 0.8238482384823848 0.122289972899729 0.828760162601626 0.11771680216802168 0.8357046070460704 0.12127371273712739 0.834518970189702 0.1282181571815718 0.8265582655826558 0.12923441734417343
0 0.8634615384615385 0.23445512820512823 0.8647435897435897 0.22868589743589743 0.8706730769230769 0.22724358974358974 0.8748397435897437 0.2309294871794872 0.8746794871794873 0.23701923076923076 0.8690705128205128 0.24022435897435898 0.8647435897435897 0.2378205128205128
0 0.8623397435897436 0.18830128205128205 0.8666666666666667 0.18349358974358973 0.8733974358974359 0.18429487179487178 0.8756410256410256 0.191025641025641 0.8711538461538463 0.1963141025641026 0.8637820512820514 0.19423076923076923
0 0.8628205128205129 0.1424679487179487 0.8681089743589744 0.13830128205128203 0.8748397435897437 0.14262820512820512 0.8724358974358974 0.1501602564102564 0.8652243589743589 0.15192307692307694 0.8625 0.1474358974358974 0.8621794871794873 0.14070512820512823
0 0.8612179487179488 0.09823717948717947 0.8671474358974359 0.09455128205128206 0.8746794871794873 0.0983974358974359 0.8714743589743589 0.10737179487179484 0.8657051282051281 0.10817307692307693 0.860897435897436 0.10384615384615384
0 0.8607371794871795 0.054487179487179474 0.8669871794871795 0.05032051282051281 0.8733974358974359 0.05432692307692308 0.872596153846154 0.061698717948717945 0.8679487179487181 0.06394230769230767 0.8642628205128207 0.06394230769230767 0.8612179487179488 0.0610576923076923
0 0.8993589743589744 0.07772435897435896 0.903525641025641 0.07147435897435897 0.9126602564102564 0.07692307692307693 0.9078525641025641 0.08477564102564102 0.9017628205128206 0.08413461538461539
0 0.9006410256410255 0.12051282051282049 0.9044871794871796 0.11666666666666667 0.9112179487179488 0.11939102564102565 0.9107371794871796 0.12628205128205128 0.9064102564102563 0.12868589743589742 0.9016025641025641 0.12740384615384615 0.8998397435897436 0.12307692307692307
0 0.9003205128205128 0.16618589743589743 0.9033653846153847 0.16153846153846155 0.9105769230769231 0.1608974358974359 0.9121794871794873 0.16618589743589743 0.9120192307692307 0.17131410256410257 0.9036858974358974 0.17291666666666666
0 0.9011217948717949 0.21153846153846156 0.9024038461538463 0.2059294871794872 0.9091346153846155 0.20512820512820512 0.9128205128205129 0.21057692307692308 0.9110576923076923 0.21618589743589742 0.9065705128205129 0.21698717948717947 0.9017628205128206 0.21474358974358973
0 0.9014423076923077 0.2551282051282051 0.9049679487179488 0.24903846153846157 0.9120192307692307 0.24935897435897436 0.9137820512820514 0.25913461538461535 0.90625 0.2626602564102564
