0 0.5520833333333333 0.10240384615384614 0.5661858974358974 0.09887820512820512 0.5806089743589743 0.10528846153846153 0.5806089743589743 0.12355769230769231 0.5674679487179486 0.13285256410256407 0.550801282051282 0.12932692307692306 0.5459935897435897 0.11073717948717947
0 0.5056089743589743 0.10432692307692308 0.5213141025641025 0.09759615384615383 0.5373397435897436 0.11330128205128204 0.5296474358974358 0.13028846153846155 0.5094551282051282 0.13285256410256407 0.49951923076923077 0.11586538461538462
0 0.46298076923076914 0.10304487179487179 0.47676282051282043 0.09887820512820512 0.4889423076923076 0.10881410256410258 0.48862179487179486 0.12900641025641027 0.4671474358974358 0.1338141025641026 0.4549679487179486 0.12003205128205129 0.4559294871794871 0.10913461538461537
0 0.5530448717948717 0.14759615384615388 0.5668269230769231 0.14471153846153845 0.5786858974358974 0.152724358974359 0.5809294871794871 0.16907051282051286 0.5674679487179486 0.17932692307692308 0.5482371794871794 0.1735576923076923 0.5450320512820512 0.16009615384615386
0 0.5062499999999999 0.14951923076923077 0.5197115384615384 0.14439102564102566 0.5325320512820512 0.15080128205128204 0.5363782051282051 0.1658653846153846 0.523878205128205 0.17932692307692308 0.5056089743589743 0.17548076923076925 0.5014423076923077 0.16714743589743591
0 0.5068910256410256 0.19118589743589742 0.5197115384615384 0.18798076923076926 0.5306089743589744 0.1963141025641026 0.5315705128205128 0.20849358974358972 0.522275641025641 0.21810897435897436 0.5059294871794872 0.21746794871794872 0.5001602564102563 0.20336538461538461
0 0.4610576923076923 0.1488782051282051 0.47387820512820505 0.14375 0.4873397435897436 0.1498397435897436 0.4911858974358974 0.1636217948717949 0.4825320512820512 0.1786858974358974 0.4604166666666666 0.17900641025641026 0.45240384615384616 0.16201923076923075
0 0.4133012820512821 0.10336538461538461 0.4258012820512821 0.10048076923076923 0.434775641025641 0.10753205128205129 0.43605769230769226 0.12131410256410258 0.4245192307692308 0.13125 0.40849358974358974 0.12612179487179484 0.40560897435897436 0.11426282051282048
0 0.41778846153846155 0.1357371794871795 0.4309294871794871 0.13798076923076924 0.43862179487179487 0.1498397435897436 0.4286858974358974 0.16458333333333333 0.40849358974358974 0.16426282051282054 0.40528846153846154 0.14471153846153845
0 0.3764423076923077 0.10016025641025642 0.39374999999999993 0.09951923076923076 0.40240384615384617 0.11233974358974361 0.39567307692307696 0.12932692307692306 0.37612179487179487 0.12740384615384615 0.3713141025641025 0.11586538461538462
0 0.3758012820512821 0.14022435897435898 0.3883012820512821 0.13541666666666666 0.39855769230769234 0.13862179487179488 0.4017628205128205 0.15625 0.3873397435897436 0.16650641025641028 0.37099358974358976 0.15528846153846157
0 0.34118589743589745 0.10208333333333332 0.352724358974359 0.0985576923076923 0.3633012820512821 0.10624999999999998 0.36458333333333326 0.12355769230769231 0.3488782051282051 0.13060897435897437 0.33541666666666664 0.11971153846153844 0.3350961538461538 0.10592948717948716
0 0.30080128205128204 0.10657051282051282 0.31522435897435896 0.09823717948717947 0.3280448717948718 0.10528846153846153 0.3261217948717949 0.12451923076923076 0.3139423076923077 0.13092948717948721 0.2988782051282051 0.12035256410256409
0 0.3382175116550116 0.14054487179487174 0.3510380244755245 0.13381410256410253 0.36514058857808857 0.14246794871794866 0.36353802447552447 0.15753205128205125 0.34789299242424243 0.1670217803030303 0.3359739219114219 0.15368589743589736
0 0.3005445075757576 0.14169034090909094 0.31356534090909094 0.13293087121212124 0.3287168560606061 0.14192708333333334 0.32848011363636365 0.15731534090909094 0.3123816287878788 0.16465435606060608 0.2995975378787879 0.15471117424242428
0 0.411813446969697 0.18098958333333334 0.41915246212121215 0.174124053030303 0.43004261363636365 0.17838541666666666 0.42956912878787873 0.193063446969697 0.4139441287878788 0.19282670454545459
0 0.3751183712121212 0.17294034090909088 0.3890861742424243 0.16867897727272724 0.40258049242424243 0.17838541666666666 0.3983191287878788 0.19732481060606064 0.37701231060606066 0.19732481060606058 0.37133049242424243 0.1873816287878788
0 0.33629261363636365 0.17696496212121213 0.34812973484848486 0.16844223484848483 0.36233428030303033 0.17388731060606064 0.36446496212121215 0.1911695075757576 0.34907670454545453 0.19921875 0.33558238636363635 0.18951231060606064
0 0.2988873106060606 0.17862215909090912 0.31214488636363635 0.16796875 0.32421875 0.17128314393939395 0.3299005681818182 0.18548768939393942 0.3194839015151515 0.19779829545454547 0.3033854166666667 0.19590435606060608
0 0.41276041666666674 0.2077414772727273 0.4212831439393939 0.2030066287878788 0.4309895833333333 0.20939867424242428 0.43075284090909083 0.220999053030303 0.41654829545454547 0.2233664772727273 0.4122869318181818 0.21768465909090912
0 0.3720407196969697 0.20987215909090912 0.3836410984848485 0.20324337121212124 0.3978456439393939 0.20750473484848483 0.40163352272727276 0.22005208333333334 0.3921638257575758 0.23283617424242428 0.3741714015151515 0.22904829545454547
0 0.3365293560606061 0.21081912878787884 0.34860321969696967 0.20111268939393942 0.36493844696969696 0.20916193181818188 0.36233428030303033 0.228811553030303 0.3438683712121212 0.232125946969697 0.3358191287878788 0.2231297348484849
0 0.2995975378787879 0.21342329545454547 0.3111979166666667 0.20229640151515152 0.3249289772727273 0.20703125 0.3287168560606061 0.220999053030303 0.31830018939393945 0.23259943181818182 0.3014914772727273 0.22833806818181818
0 0.3732244318181818 0.24656723484848483 0.3843513257575758 0.23686079545454547 0.40163352272727276 0.24419981060606064 0.3983191287878788 0.26361268939393945 0.3812736742424242 0.2674005681818182 0.37156723484848486 0.2553267045454546
0 0.3372395833333333 0.24419981060606064 0.34907670454545453 0.236624053030303 0.36257102272727276 0.24301609848484848 0.3661221590909091 0.26171875 0.3459990530303031 0.26787405303030304 0.335345643939394 0.25508996212121215
0 0.2984138257575758 0.24633049242424246 0.3178267045454546 0.23283617424242428 0.3308475378787879 0.2527225378787879 0.31830018939393945 0.2664535984848485 0.3022017045454546 0.2645596590909091
0 0.37347846441947563 0.2782069288389513 0.38611891385767794 0.2711844569288389 0.4011001872659176 0.2765683520599251 0.3996956928838951 0.30067883895131087 0.37464887640449435 0.2985720973782771
0 0.33462078651685395 0.28312265917602997 0.34819756554307113 0.2714185393258427 0.3650514981273408 0.2765683520599251 0.36528558052434457 0.3002106741573034 0.3362593632958802 0.2990402621722847
0 0.29974250936329594 0.2798455056179775 0.3135533707865168 0.26931179775280895 0.32853464419475653 0.2786750936329588 0.32853464419475653 0.29693352059925093 0.3039559925093633 0.30044475655430714
0 0.4352762172284644 0.29669943820224715 0.44183052434456926 0.28944288389513106 0.454939138576779 0.28827247191011235 0.46336610486891383 0.2990402621722847 0.4591526217228464 0.3147237827715356 0.44042602996254676 0.31683052434456926 0.43457397003745313 0.3074672284644195
0 0.4136636636636637 0.2834084084084085 0.42023273273273276 0.2779654654654655 0.43055555555555564 0.27909159159159164 0.4326201201201202 0.29129129129129133 0.42342342342342343 0.2978603603603604 0.41460210210210213 0.2926051051051051
0 0.4100975975975976 0.30855855855855857 0.4179804804804805 0.30217717717717724 0.42774024024024027 0.3036786786786787 0.4301801801801802 0.3198198198198199 0.4132882882882883 0.32038288288288297
0 0.41084834834834844 0.33239489489489493 0.4177927927927928 0.3248873873873874 0.4298048048048048 0.3301426426426427 0.4269894894894895 0.3466591591591592 0.4117867867867868 0.3432807807807808
0 0.3751876876876877 0.31024774774774777 0.386448948948949 0.306493993993994 0.39996246246246253 0.3121246246246247 0.40052552552552556 0.3295795795795796 0.3830705705705706 0.3370870870870871 0.371996996996997 0.32526276276276284
0 0.3376501501501502 0.3138138138138139 0.34947447447447455 0.3051801801801802 0.36392642642642653 0.3117492492492493 0.36467717717717724 0.32995495495495497 0.3477852852852853 0.3357732732732733 0.33502252252252257 0.3250750750750751
0 0.37293543543543545 0.34834834834834844 0.3823198198198199 0.3406531531531532 0.39339339339339346 0.3408408408408409 0.40071321321321324 0.34909909909909914 0.40090090090090097 0.362987987987988 0.3868243243243244 0.36955705705705705 0.3746246246246247 0.3637387387387388
0 0.33633633633633636 0.3489114114114114 0.34684684684684686 0.3402777777777778 0.3601726726726727 0.3417792792792793 0.36542792792792794 0.3522897897897898 0.3597972972972973 0.3716216216216216 0.3376501501501502 0.3644894894894895
0 0.30161411411411415 0.3123123123123123 0.31024774774774777 0.30574324324324326 0.3248873873873874 0.30668168168168175 0.32939189189189194 0.3211336336336337 0.3228228228228229 0.33333333333333337 0.30574324324324326 0.33464714714714716 0.29898648648648657 0.3192567567567568
0 0.30123873873873874 0.3470345345345346 0.3115615615615616 0.338963963963964 0.32545045045045046 0.3425300300300301 0.3295795795795796 0.35792042042042044 0.3190690690690691 0.3701201201201202 0.3014264264264265 0.36392642642642653
0 0.2699742268041237 0.3275343642611684 0.2774914089347079 0.32302405498281783 0.2869415807560137 0.3277491408934708 0.28479381443298973 0.34170962199312716 0.27212199312714774 0.3427835051546392 0.2676116838487973 0.33526632302405496
0 0.26288659793814434 0.3535223367697595 0.27362542955326463 0.3477233676975946 0.28479381443298973 0.35309278350515466 0.2860824742268041 0.36920103092783507 0.2723367697594502 0.3780068728522338 0.2603092783505155 0.3646907216494845
0 0.23281786941580757 0.33204467353951894 0.23990549828178692 0.32302405498281783 0.25343642611683853 0.3236683848797251 0.25837628865979384 0.33612542955326463 0.25193298969072164 0.34836769759450176 0.235180412371134 0.3485824742268041
0 0.23582474226804123 0.3603951890034365 0.24420103092783507 0.3548109965635739 0.2536512027491409 0.35803264604810997 0.2536512027491409 0.37285223367697595 0.2424828178694158 0.375 0.235180412371134 0.3698453608247423
0 0.20253436426116836 0.3301116838487973 0.2115549828178694 0.32173539518900346 0.2225085910652921 0.32731958762886604 0.22207903780068733 0.33913230240549824 0.21176975945017185 0.3436426116838488 0.20210481099656355 0.3371993127147766
0 0.201245704467354 0.3556701030927835 0.2152061855670103 0.34815292096219935 0.22959621993127152 0.3558848797250859 0.22465635738831613 0.376073883161512 0.20081615120274915 0.3702749140893471
0 0.640687751004016 0.561621485943775 0.6524849397590361 0.5490712851405622 0.6695532128514056 0.5606174698795181 0.664031124497992 0.5827058232931727 0.6411897590361445 0.5779367469879518
0 0.6778363453815259 0.561621485943775 0.6886295180722891 0.5503263052208834 0.7074548192771083 0.5598644578313252 0.7014307228915662 0.5819528112449799 0.6828564257028111 0.5804467871485943 0.6778363453815259 0.5709086345381525
0 0.720758032128514 0.5613704819277108 0.7328062248995983 0.5513303212851405 0.7481174698795181 0.5573544176706827 0.749121485943775 0.5776857429718876 0.7300451807228915 0.5827058232931727 0.7190010040160641 0.5691516064257028
0 0.7405873493975903 0.6027861445783131 0.7488704819277108 0.5914909638554217 0.7666917670682731 0.5940010040160643 0.7679467871485943 0.6145833333333334 0.7501255020080321 0.6223644578313252 0.7388303212851405 0.6113202811244979
0 0.7016817269076305 0.5995230923694779 0.7139809236947792 0.5897339357429718 0.7318022088353413 0.5985190763052208 0.7255271084337349 0.6216114457831325 0.7044427710843373 0.6178463855421686
0 0.6612700803212852 0.6007781124497992 0.6750753012048192 0.5894829317269076 0.6918925702811245 0.5977660642570282 0.6873744979919678 0.6193524096385542 0.6657881526104418 0.6198544176706826
0 0.624121485943775 0.6002761044176707 0.6369226907630522 0.5897339357429718 0.6532379518072289 0.5990210843373494 0.650476907630522 0.6196034136546185 0.6261295180722891 0.6188504016064257
0 0.7019230769230769 0.6358173076923076 0.7139423076923076 0.6284054487179487 0.7281650641025641 0.6358173076923076 0.7279647435897435 0.6536458333333334 0.7123397435897435 0.6600560897435896 0.6981169871794871 0.6478365384615384
0 0.7353766025641025 0.6382211538461537 0.7453926282051282 0.6288060897435896 0.7610176282051282 0.6344150641025641 0.7632211538461537 0.6538461538461537 0.7455929487179487 0.6590544871794871 0.7323717948717948 0.6466346153846154
0 0.7702323717948717 0.6372195512820512 0.7788461538461539 0.6282051282051282 0.7948717948717947 0.6338141025641025 0.7966746794871795 0.6534455128205128 0.7784455128205128 0.6588541666666666 0.7682291666666665 0.6486378205128205
0 0.7690304487179487 0.6708733974358975 0.7810496794871795 0.6618589743589743 0.7964743589743588 0.6702724358974358 0.7952724358974358 0.6870993589743589 0.7790464743589743 0.6939102564102564 0.7676282051282051 0.6828926282051282
0 0.7345753205128205 0.6724759615384616 0.7455929487179487 0.6626602564102564 0.7602163461538461 0.6668669871794871 0.7630208333333333 0.6854967948717948 0.7477964743589743 0.6951121794871795 0.7335737179487178 0.6830929487179487
0 0.7009214743589743 0.672676282051282 0.711338141025641 0.6624599358974358 0.7271634615384616 0.6696714743589743 0.7281650641025641 0.6872996794871795 0.7139423076923076 0.6949118589743589 0.6991185897435896 0.6854967948717948
0 0.7674278846153846 0.7095352564102564 0.7778445512820513 0.6971153846153846 0.7952724358974358 0.7027243589743589 0.7950721153846154 0.7211538461538461 0.7810496794871795 0.727363782051282 0.7700320512820513 0.7201522435897435
0 0.7345753205128205 0.7059294871794871 0.7461939102564102 0.696514423076923 0.7610176282051282 0.7025240384615384 0.7614182692307692 0.7203525641025641 0.7471955128205128 0.7275641025641025 0.735576923076923 0.7197516025641025
0 0.6991185897435896 0.7081330128205128 0.7109374999999999 0.6969150641025641 0.7291666666666665 0.7021233974358975 0.7259615384615384 0.7231570512820512 0.7099358974358975 0.7265624999999999 0.7005208333333333 0.7187499999999999
0 0.5392287234042553 0.6715425531914893 0.5489804964539008 0.6622340425531915 0.5640514184397163 0.6653368794326241 0.569813829787234 0.6761968085106383 0.5636081560283687 0.6912677304964538 0.5460992907801419 0.6932624113475178 0.5383421985815602 0.6795212765957447
0 0.5095301418439717 0.6761968085106383 0.520168439716312 0.6686613475177303 0.5294769503546098 0.6753102836879431 0.5261524822695035 0.6855053191489361 0.5164007092198581 0.686613475177305
0 0.5159574468085105 0.7063386524822695 0.5265957446808511 0.6963652482269503 0.5407801418439717 0.7005762411347517 0.544991134751773 0.7136524822695035 0.5359042553191489 0.726063829787234 0.523936170212766 0.7251773049645389 0.5157358156028369 0.7152039007092198
0 0.5489804964539008 0.7344858156028369 0.5613918439716311 0.7247340425531915 0.5775709219858155 0.7338209219858155 0.5753546099290779 0.7559840425531915 0.5518617021276596 0.7528812056737589 0.5478723404255319 0.7429078014184396
0 0.5334663120567376 0.8100620567375887 0.5416666666666666 0.8000886524822695 0.5585106382978722 0.8029698581560283 0.5622783687943262 0.8187056737588652 0.5496453900709221 0.8308953900709221 0.53302304964539 0.8211436170212767
0 0.5498670212765957 0.8399822695035462 0.5609485815602837 0.8286790780141845 0.5773492907801419 0.8355496453900709 0.5777925531914893 0.8546099290780143 0.5625 0.8617021276595744 0.5505319148936171 0.853058510638298
0 0.5152925531914893 0.8402039007092198 0.5283687943262411 0.8271276595744681 0.5443262411347517 0.8371010638297872 0.5425531914893617 0.8541666666666666 0.530363475177305 0.8599290780141845 0.5177304964539008 0.8535017730496454
0 0.48226950354609927 0.8395390070921985 0.4931294326241135 0.8284574468085105 0.5093085106382977 0.836436170212766 0.5113031914893617 0.853945035460993 0.49379432624113484 0.8603723404255319 0.48160460992907794 0.851063829787234
0 0.5510010822510822 0.870806277056277 0.5626352813852814 0.8637716450216449 0.5753517316017316 0.8682359307359306 0.5799512987012987 0.8801406926406925 0.5729166666666666 0.893262987012987 0.5551948051948052 0.8936688311688311 0.5499188311688311 0.8810876623376623
0 0.5133928571428571 0.8720238095238094 0.523538961038961 0.8635010822510821 0.535849567099567 0.8663419913419913 0.5416666666666666 0.8790584415584416 0.5344967532467533 0.891504329004329 0.5181277056277056 0.893262987012987 0.5117694805194805 0.8801406926406925
0 0.47497294372294374 0.8704004329004329 0.4849837662337662 0.8628246753246753 0.4985119047619047 0.8659361471861471 0.5039231601731602 0.8806818181818181 0.4924242424242424 0.8939393939393939 0.47470238095238093 0.8871753246753247 0.47334956709956705 0.8758116883116882
0 0.5512716450216449 0.9122023809523809 0.5606060606060607 0.9024621212121212 0.5738636363636364 0.9051677489177489 0.5799512987012987 0.9180194805194805 0.5718344155844156 0.9312770562770563 0.5574945887445888 0.9307359307359306 0.5496482683982684 0.9201839826839826
0 0.5120400432900433 0.9119318181818181 0.5204274891774892 0.9028679653679652 0.5349025974025974 0.9040854978354979 0.5404491341991342 0.9153138528138527 0.5363906926406926 0.9288419913419913 0.519345238095238 0.9312770562770563 0.5131222943722943 0.9223484848484848
0 0.47470238095238093 0.9093614718614718 0.4839015151515151 0.9023268398268398 0.49634740259740256 0.9035443722943722 0.5021645021645021 0.9134199134199134 0.4986471861471861 0.9261363636363635 0.48714826839826836 0.9323593073593073 0.47294372294372294 0.9226190476190476
0 0.4350606540084388 0.8171809071729957 0.43980748945147674 0.8111155063291138 0.4475870253164556 0.8117747890295358 0.4502241561181434 0.821664029535865 0.44244462025316444 0.8272020042194093 0.4354562236286919 0.8235100210970463
0 0.43558808016877637 0.8670226793248944 0.44231276371308015 0.8635944092827004 0.44956487341772144 0.8700553797468353 0.4465321729957806 0.8791534810126582 0.43585179324894513 0.8791534810126582 0.43361023206751054 0.872956223628692
0 0.4359836497890294 0.9104034810126582 0.44626845991561176 0.911722046413502 0.45061972573839654 0.9231935654008437 0.4404667721518987 0.9289952531645569 0.4304456751054852 0.9221387130801687
