0 0.6861370716510903 0.0286214953271028 0.6913940809968847 0.025895638629283475 0.6980140186915886 0.03134735202492212 0.6910046728971962 0.03738317757009344 0.6855529595015576 0.033683800623052956
0 0.6688084112149532 0.046534267912772584 0.675233644859813 0.04380841121495326 0.6816588785046728 0.04672897196261681 0.6806853582554516 0.056464174454828646 0.6703660436137071 0.059774143302180685 0.6666666666666665 0.05218068535825544
0 0.7001557632398753 0.07281931464174454 0.7079439252336448 0.0689252336448598 0.7182632398753893 0.07457165109034268 0.717289719626168 0.08625389408099687 0.7073598130841121 0.09092679127725856 0.6972352024922117 0.08566978193146417
0 0.6725077881619936 0.10650311526479751 0.6793224299065419 0.10299844236760124 0.6888629283489096 0.10708722741433022 0.690031152647975 0.11721183800623053 0.6826323987538939 0.12344236760124612 0.671144859813084 0.12207943925233646 0.6690031152647975 0.11195482866043614
0 0.6401869158878504 0.08138629283489096 0.6450545171339563 0.0778816199376947 0.6534267912772584 0.08080218068535824 0.6532320872274142 0.08878504672897194 0.647196261682243 0.09345794392523363 0.6394080996884735 0.09073208722741433
0 0.6249999999999999 0.09871495327102803 0.6327881619937694 0.09345794392523363 0.6394080996884735 0.09949376947040497 0.6372663551401868 0.10728193146417443 0.6310358255451712 0.1111760124610592 0.6248052959501558 0.10942367601246104
0 0.6092289719626168 0.11779595015576325 0.6152647975077882 0.11253894080996886 0.6244158878504673 0.11507009345794392 0.6240264797507787 0.1246105919003115 0.6140965732087227 0.12733644859813084
0 0.6434968847352025 0.1434968847352025 0.6516744548286604 0.13862928348909656 0.6608255451713395 0.14427570093457945 0.6582943925233644 0.1536214953271028 0.646417445482866 0.1553738317757009 0.6417445482866043 0.1489485981308411
0 0.5809968847352025 0.15128504672897197 0.5883956386292835 0.1446651090342679 0.5969626168224299 0.147196261682243 0.5973520249221184 0.15595794392523363 0.5889797507788161 0.16160436137071651 0.5809968847352025 0.1571261682242991
0 0.5523753894080996 0.1849688473520249 0.558411214953271 0.17893302180685358 0.5675623052959501 0.17971183800623053 0.5698987538940808 0.19022585669781933 0.5615264797507787 0.19626168224299065 0.5537383177570093 0.19295171339563866
0 0.5866433021806853 0.2114485981308411 0.5940420560747662 0.205607476635514 0.6047507788161993 0.2124221183800623 0.597936137071651 0.22332554517133957 0.5860591900311526 0.22059968847352024
0 0.6787383177570093 0.1736760124610592 0.6839953271028036 0.16880841121495327 0.6925623052959501 0.17231308411214954 0.6910046728971962 0.18068535825545168 0.6841900311526479 0.1828271028037383 0.6777647975077881 0.1795171339563863
0 0.76654984423676 0.13006230529595014 0.7753115264797507 0.12538940809968846 0.7848520249221184 0.12947819314641743 0.7877725856697819 0.1409657320872274 0.7772585669781932 0.14836448598130844 0.7659657320872273 0.14388629283489096 0.7642133956386292 0.13590342679127726
0 0.7365654205607476 0.1656931464174455 0.7474688473520249 0.15965732087227413 0.7570093457943924 0.1651090342679128 0.7575934579439252 0.17601246105919002 0.7468847352024921 0.18146417445482868 0.7361760124610591 0.17620716510903425
0 0.7104750778816199 0.19840342679127726 0.7231308411214952 0.19275700934579437 0.7307242990654205 0.20580218068535824 0.7211838006230529 0.2155373831775701 0.708917445482866 0.20950155763239878
0 0.6213006230529594 0.2398753894080997 0.6281152647975077 0.23461838006230526 0.6380451713395638 0.2420171339563863 0.6325934579439252 0.25058411214953275 0.6211059190031152 0.2496105919003115
0 0.6536214953271028 0.26869158878504673 0.6631619937694704 0.2628504672897196 0.6717289719626168 0.27102803738317754 0.6649143302180685 0.2813473520249221 0.6530373831775701 0.27511682242990654
0 0.688382768361582 0.23499293785310735 0.6869158878504672 0.241822429906542 0.6935358255451712 0.24435358255451714 0.6984034267912772 0.23461838006230526
0 0.6007302405498283 0.28157216494845355 0.6099656357388317 0.27426975945017185 0.6219931271477663 0.2828608247422681 0.6166237113402062 0.29531786941580757 0.6033075601374571 0.2961769759450172 0.5996563573883162 0.2873711340206186
0 0.5826890034364262 0.3039089347079038 0.5904209621993127 0.29682130584192445 0.6037371134020619 0.30326460481099654 0.5987972508591066 0.31765463917525777 0.5846219931271478 0.3163659793814433 0.5809707903780069 0.30949312714776633
0 0.6237113402061856 0.3026202749140894 0.6340206185567011 0.2948883161512027 0.6447594501718213 0.30176116838487976 0.6447594501718213 0.3122852233676976 0.6325171821305842 0.31701030927835055 0.625 0.31185567010309273
0 0.6050257731958762 0.3245274914089347 0.6144759450171822 0.3165807560137457 0.6286512027491409 0.32195017182130586 0.6245704467353952 0.3365549828178695 0.6101804123711341 0.3380584192439863
0 0.5571305841924399 0.38487972508591073 0.5629295532646048 0.3741408934707904 0.5779639175257733 0.37457044673539525 0.5805412371134021 0.39067869415807566 0.5670103092783505 0.3990549828178695 0.5577749140893471 0.39218213058419255
0 0.6625859106529209 0.3322594501718213 0.6726804123711341 0.32302405498281783 0.6862113402061856 0.3333333333333333 0.6827749140893471 0.34729381443298973 0.6681701030927836 0.34901202749140897 0.6619415807560137 0.34020618556701027
0 0.6434707903780069 0.3541666666666667 0.6559278350515464 0.34836769759450176 0.6681701030927836 0.36297250859106533 0.6570017182130584 0.3737113402061856 0.6428264604810997 0.3711340206185567
0 0.6956615120274915 0.34793814432989695 0.6890034364261168 0.3576030927835052 0.6945876288659795 0.3685567010309279 0.7126288659793815 0.36898625429553267 0.7143470790378007 0.35309278350515466 0.7036082474226805 0.3447164948453608
0 0.6707474226804124 0.3771477663230241 0.6778350515463918 0.3713487972508592 0.6896477663230242 0.37220790378006874 0.6958762886597938 0.38552405498281783 0.6849226804123713 0.39540378006872856 0.6701030927835052 0.3900343642611684
0 0.6524914089347079 0.39776632302405496 0.6638745704467354 0.3949742268041237 0.6724656357388317 0.4005584192439863 0.6726804123711341 0.4110824742268041 0.6638745704467354 0.4201030927835052 0.6514175257731959 0.41451890034364264 0.6499140893470791 0.40549828178694164
0 0.595790378006873 0.42547250859106533 0.5994415807560137 0.4190292096219932 0.6112542955326461 0.41774054982817876 0.6200601374570447 0.43084192439862545 0.6065292096219932 0.43857388316151213 0.5972938144329897 0.43298969072164956
0 0.5805412371134021 0.44265463917525777 0.5874140893470791 0.4383591065292096 0.5955756013745704 0.4405068728522338 0.599012027491409 0.45146048109965636 0.5904209621993127 0.45768900343642616 0.5796821305841925 0.45210481099656363
0 0.06286146161934807 0.6906874342797056 0.06259858044164038 0.687992902208202 0.0640444269190326 0.6849040483701367 0.06752760252365932 0.6821437960042062 0.07147082018927445 0.68142087276551 0.07593980021030494 0.6835239221871714 0.0785686119873817 0.687927181913775 0.07830573080967403 0.6929876445846478 0.07416535226077813 0.6963393796004206 0.06949921135646688 0.6970623028391167 0.06437302839116721 0.6943677707676131
0 0.11495535714285722 0.6928013392857143 0.11374627976190482 0.6884300595238095 0.11569940476190482 0.68359375 0.12090773809523815 0.6807105654761905 0.1276041666666667 0.6821056547619048 0.13095238095238101 0.6885230654761905 0.12853422619047625 0.6948474702380952 0.12239583333333338 0.6974516369047619
0 0.16608502538071068 0.6913599830795263 0.16492174280879865 0.6878701353637902 0.16682529610829103 0.6830054991539762 0.17253595600676822 0.6801501692047377 0.17866962774957698 0.6813134517766497 0.18237098138747887 0.6862838409475465 0.18099619289340102 0.692734771573604 0.1766603214890017 0.6967533840947546 0.1693633671742809 0.6948498307952623
0 0.1484045358649789 0.7532304852320674 0.14721782700421943 0.7475606540084389 0.14853639240506328 0.7428138185654007 0.15539293248945144 0.7368802742616034 0.16475474683544303 0.7370121308016877 0.17042457805907174 0.7421545358649788 0.17266613924050633 0.7491429324894514 0.16712816455696203 0.7578454641350211 0.15763449367088608 0.7604825949367089 0.1503823839662447 0.7567906118143459
0 0.11517668776371306 0.758504746835443 0.10805643459915612 0.755472046413502 0.10515559071729957 0.7492747890295358 0.10660601265822783 0.7436049578059072 0.11122099156118144 0.7392536919831223 0.11992352320675105 0.7385944092827004 0.12651635021097046 0.7425501054852319 0.12717563291139242 0.7501977848101266 0.12546149789029534 0.7566587552742615
0 0.06920219638242894 0.7554909560723514 0.06677971576227389 0.7527454780361758 0.06637596899224807 0.7463662790697674 0.07170542635658915 0.7397448320413438 0.08002260981912146 0.7385335917312662 0.08575581395348837 0.7415213178294574 0.08825904392764858 0.7462047803617571 0.08825904392764858 0.7521802325581395 0.08470607235142119 0.7571059431524548 0.07881136950904392 0.7594476744186047 0.07122093023255814 0.7579134366925064
0 0.0339042467948718 0.7576622596153846 0.029497195512820512 0.7544571314102564 0.027994791666666668 0.7479467147435896 0.030799278846153844 0.7422375801282051 0.036708733974358976 0.7389322916666666 0.04472155448717949 0.7404346955128205 0.0495292467948718 0.7456430288461539 0.049228766025641024 0.753155048076923 0.04442107371794871 0.7584635416666666 0.03811097756410258 0.7593649839743589
0 0.32049319727891157 0.685969387755102 0.32049319727891157 0.6827380952380951 0.31836734693877544 0.6802721088435374 0.3142857142857143 0.6791666666666667 0.31037414965986393 0.6806972789115645 0.30756802721088433 0.6845238095238095 0.30884353741496595 0.6886904761904762 0.31249999999999994 0.6913265306122449 0.31828231292517 0.6897959183673469
0 0.29370748299319727 0.7295068027210885 0.2902210884353741 0.7298469387755101 0.2865646258503401 0.7289115646258503 0.2848639455782313 0.7246598639455782 0.285969387755102 0.7213435374149659 0.2900510204081632 0.7187074829931973 0.2943877551020408 0.7194727891156463 0.29634353741496594 0.7233843537414966
0 0.3091836734693877 0.769047619047619 0.3067176870748299 0.7658163265306123 0.30629251700680266 0.7619897959183674 0.3084183673469388 0.7590986394557824 0.3113945578231292 0.7576530612244897 0.3142857142857143 0.758078231292517 0.3177721088435374 0.7621598639455782 0.31692176870748295 0.7672619047619047 0.3121598639455782 0.7697278911564626
0 0.7545600858369099 0.5808297567954219 0.7525035765379112 0.5776108726752504 0.7524141630901288 0.5745708154506438 0.7550071530758226 0.5716201716738197 0.7597460658082975 0.5707260371959942 0.7630543633762518 0.5734084406294706 0.763590844062947 0.5793097281831187 0.7603719599427754 0.5817238912732475 0.7562589413447782 0.58181330472103
0 0.7147073412698411 0.6188740079365078 0.7117311507936507 0.6156498015873015 0.7114831349206349 0.6128224206349205 0.7127728174603174 0.610094246031746 0.7156994047619047 0.6081597222222221 0.7181795634920635 0.6082093253968253 0.7208085317460317 0.6094494047619047 0.7219990079365078 0.6110863095238095 0.722643849206349 0.6145585317460317 0.7220982142857143 0.6167906746031745 0.718923611111111 0.6187748015873015
0 0.7170882936507936 0.5613839285714285 0.7147569444444444 0.5607886904761905 0.7127728174603174 0.5587549603174602 0.712078373015873 0.5562748015873015 0.7130208333333332 0.5528521825396825 0.7151041666666665 0.5510168650793651 0.7196676587301586 0.5505208333333332 0.7223462301587301 0.553000992063492 0.7233878968253968 0.5558779761904761 0.722643849206349 0.5594494047619047 0.7202628968253968 0.5607390873015873
0 0.7766905162738497 0.5477342873176206 0.7751473063973063 0.5464015151515152 0.774165263748597 0.5438061167227833 0.7748667227833895 0.5405794051627385 0.7772516835016834 0.5385451739618407 0.7811798540965208 0.537773569023569 0.7840558361391695 0.5395272166105499 0.7857393378226711 0.5426837822671156 0.7848975869809203 0.5463313692480359 0.7822320426487094 0.5482253086419754 0.779145622895623 0.5490670594837261
0 0.8035860655737704 0.5137636612021858 0.802561475409836 0.5110997267759563 0.8024931693989071 0.5082991803278689 0.8041325136612021 0.5055669398907104 0.8073428961748632 0.5041325136612023 0.8112363387978141 0.5051571038251366 0.813422131147541 0.5084357923497268 0.8130122950819672 0.5127390710382513 0.8094603825136613 0.5153346994535519
0 0.7691708229426434 0.4837905236907731 0.7689110556940981 0.4807772236076476 0.7702098919368248 0.47745220282626766 0.7731712385702412 0.4757896924355777 0.7776392352452204 0.4765689941812136 0.779977140482128 0.4795822942643392 0.7800810473815462 0.48285536159601 0.7776911886949294 0.4858167082294264 0.773898586866168 0.4869596841230258 0.7708333333333334 0.4856088944305902
0 0.8307625534188033 0.47532719017094016 0.8317641559829059 0.4731904380341879 0.8332999465811965 0.47145432692307687 0.8372395833333334 0.4704527243589743 0.840511485042735 0.4723891559829059 0.8419137286324786 0.4761952457264957 0.840511485042735 0.47966746794871784 0.8373063568376068 0.48160389957264954 0.8336338141025641 0.4810029380341879 0.8315638354700855 0.47899973290598286
0 0.7997718539865513 0.45274975984630156 0.7974903938520652 0.4501681075888568 0.7970100864553312 0.447826609029779 0.7976705091258404 0.4448246878001921 0.7998318924111432 0.44290345821325644 0.8037944284341977 0.44230307396733903 0.8062560038424591 0.44392411143131594 0.80835734870317 0.4470461095100864 0.8072766570605187 0.4506484149855908 0.80559558117195 0.45262968299711803 0.8018131604226705 0.4533501440922189
0 0.760295542635659 0.3619186046511628 0.7583575581395349 0.35931443798449614 0.757873062015504 0.35580184108527135 0.7595687984496124 0.35259205426356593 0.7628997093023256 0.3507751937984496 0.7674418604651163 0.352046996124031 0.7689559108527132 0.35507509689922484 0.7691981589147288 0.35895106589147285 0.767562984496124 0.3614946705426357 0.7648376937984497 0.36234253875968997
0 0.7920733233233233 0.32917292292292294 0.7883821321321322 0.32829704704704704 0.7860047547547547 0.3253566066066066 0.7859421921921921 0.32222847847847846 0.7870057557557557 0.32028903903903905 0.7891954454454454 0.3187875375375375 0.79126001001001 0.3181619119119119 0.7956393893893894 0.3196008508508508 0.7970783283283284 0.3237925425425425 0.796828078078078 0.3264827327327327
0 0.8296303986710962 0.4192621816168328 0.8264465669988926 0.41739341085271325 0.8255467884828349 0.4138635105204873 0.8262389258028792 0.41054125138427466 0.8292151162790697 0.4079803433001108 0.8326758028792912 0.40839562569213733 0.8364825581395349 0.41109496124031014 0.8362057032115171 0.41587070874861576 0.8346830011074196 0.4182931893687708
0 0.8627209595959596 0.44693813131313137 0.860385101010101 0.4452967171717172 0.8591224747474748 0.441824494949495 0.860574494949495 0.43828914141414144 0.8635416666666667 0.43645833333333334 0.867203282828283 0.43715277777777783 0.8702967171717173 0.44037247474747476 0.8698547979797981 0.4443497474747475 0.8682765151515152 0.44719065656565654 0.864804292929293 0.4480113636363636
0 0.8918099647266312 0.4133046737213404 0.888392857142857 0.41021825396825395 0.8879519400352732 0.4063602292768959 0.8900462962962962 0.40272266313932975 0.8954475308641975 0.4020612874779541 0.8994157848324513 0.40624999999999994 0.8990850970017635 0.4107694003527336 0.8956679894179893 0.41352513227513227
0 0.8594439845474614 0.3854511589403973 0.855442880794702 0.3839334988962472 0.8537872516556291 0.3807602097130243 0.8537872516556291 0.3776559050772627 0.8558567880794702 0.3752414459161148 0.8605477373068432 0.37393073951434874 0.8649627483443709 0.3777938741721854 0.8644108719646798 0.3828297461368653
0 0.7822730654761904 0.26450892857142866 0.780970982142857 0.2619977678571429 0.7811569940476191 0.25846354166666674 0.7836681547619048 0.2555803571428572 0.7873883928571428 0.25520833333333337 0.7912016369047619 0.25725446428571436 0.7920386904761904 0.26097470238095244 0.7904575892857143 0.26515997023809534 0.7878534226190476 0.26636904761904767
0 0.8395748987854251 0.19770580296896095 0.8373819163292848 0.1947537112010797 0.8383097165991903 0.19028340080971665 0.8409244264507424 0.18809041835357632 0.844551282051282 0.188006072874494 0.8479251012145749 0.19019905533063436 0.8485998650472335 0.19509109311740896 0.8455634278002699 0.19863360323886647 0.8418522267206479 0.1991396761133604
0 0.8175020627062706 0.2939356435643564 0.8152330858085808 0.2918729372937294 0.8147174092409241 0.28867574257425743 0.816006600660066 0.2855301155115511 0.8186365511551155 0.2837252475247525 0.8223494224422442 0.28393151815181517 0.8249793729372936 0.28604579207920794 0.8259075907590759 0.2896039603960396 0.8247215346534653 0.2929558580858086 0.8211633663366337 0.2947607260726072
0 0.8430795019157089 0.25601053639846744 0.8433668582375479 0.2533764367816092 0.8449952107279693 0.2511254789272031 0.8476293103448275 0.2500239463601533 0.8508860153256705 0.2504549808429119 0.8534243295019157 0.2527538314176246 0.854094827586207 0.2568247126436782 0.8518917624521074 0.2602729885057472 0.8478208812260537 0.2609913793103449 0.8439894636015326 0.2591714559386974
0 0.8711805555555556 0.22099116161616167 0.8716856060606061 0.21897095959595964 0.8738952020202021 0.2168876262626263 0.8762310606060606 0.21575126262626265 0.8797664141414142 0.2170138888888889 0.8825441919191921 0.22017045454545459 0.8810921717171719 0.2247159090909091 0.8783775252525254 0.22673611111111114 0.8749053030303031 0.2266098484848485 0.8725063131313131 0.22490530303030307
0 0.8500330687830687 0.32170414462081126 0.8488205467372134 0.31949955908289235 0.8483796296296297 0.31602733686067014 0.8505291005291005 0.31299603174603174 0.8543871252204583 0.3117835097001763 0.8583002645502644 0.3136574074074074 0.8593474426807759 0.31751543209876537 0.8580798059964726 0.32115299823633153 0.8547178130511464 0.3230820105820105 0.8509700176366843 0.32258597883597884
0 0.8804650821596245 0.28898914319248825 0.8778242370892019 0.2871552230046948 0.8768705985915495 0.28429430751173707 0.8773840962441316 0.2812866784037559 0.8792913732394367 0.27893926056338025 0.8832526408450705 0.2783524061032864 0.8869938380281691 0.2807731807511737 0.8880208333333334 0.28341402582159625 0.8866270539906104 0.2880355046948357 0.8831792840375589 0.2890625
0 0.9085186605316974 0.25456927402862994 0.9060263292433537 0.2529716257668712 0.9051955521472391 0.25041538854805734 0.9052594580777096 0.24805086912065444 0.9067292944785275 0.2456863496932516 0.9096050613496931 0.24415260736196326 0.9137589468302658 0.24511119631901845 0.9158039366053168 0.2484982106339469 0.9156761247443762 0.25220475460122704 0.913055981595092 0.2548248977505113
0 0.883063399778516 0.34901024363233674 0.8819559800664453 0.3454111295681064 0.883686323366556 0.34229651162790703 0.885139811738649 0.3409122369878185 0.8898463455149503 0.3404277408637874 0.8926148947951275 0.34319629014396463 0.8933070321151717 0.34748754152823924 0.8908153377630122 0.35067137320044306 0.8868701550387598 0.3519172203765228
0 0.9212792127921279 0.3793819188191882 0.9172047970479703 0.3781519065190652 0.9159747847478473 0.37476937269372695 0.9166666666666666 0.3709255842558426 0.9186654366543665 0.36931119311193117 0.9211254612546124 0.3682349323493236 0.924661746617466 0.3696186961869619 0.926660516605166 0.3719249692496926 0.9269680196801967 0.37684501845018453
0 0.9462950747581353 0.3449318381706245 0.9444810905892699 0.34251319261213725 0.9440963060686014 0.3388852242744063 0.9459652594547052 0.33641160949868076 0.9487137203166227 0.33487247141600707 0.9512423043095866 0.33481750219876866 0.9539907651715039 0.3367963940193492 0.9553649956024625 0.33948988566402816 0.9547053649956024 0.3430079155672823 0.9526165347405453 0.3454265611257695 0.9486037818821459 0.34625109938434484
0 0.9187282986111113 0.31765407986111116 0.9141167534722223 0.3180881076388889 0.9104817708333334 0.3158094618055556 0.909884982638889 0.31179470486111116 0.9110243055555556 0.3088107638888889 0.9148763020833334 0.30669487847222227 0.9175889756944445 0.30718315972222227 0.9204644097222223 0.3092990451388889 0.921115451388889 0.31108940972222227 0.9208984375 0.3148328993055556
0 0.9737015845070424 0.31062940140845074 0.9720877347417841 0.3069615610328638 0.9731880868544601 0.303293720657277 0.9767092136150236 0.3003594483568075 0.9808171948356809 0.30160651408450706 0.984118251173709 0.30615463615023475 0.9817708333333334 0.3110695422535211 0.9779562793427232 0.3125366784037559
0 0.9453858568075119 0.2839275234741784 0.9420848004694837 0.28282717136150237 0.9392972417840375 0.28047975352112675 0.9391505281690141 0.2773987676056338 0.9401775234741785 0.27431778169014087 0.9436252934272301 0.27248386150234744 0.9484668427230047 0.27402435446009393 0.9498606220657277 0.279012617370892 0.9482467723004695 0.28282717136150237
