0 0.30057565789473684 0.17447916666666666 0.30879934210526316 0.16954495614035087 0.32058662280701755 0.17420504385964913 0.3216831140350877 0.18928179824561403 0.30825109649122806 0.19394188596491227 0.30002741228070173 0.18928179824561403 0.2961896929824561 0.17996162280701752
0 0.33292214912280704 0.17256030701754388 0.3458059210526316 0.1679002192982456 0.35512609649122806 0.1763980263157895 0.35430372807017546 0.1870888157894737 0.34279057017543857 0.19311951754385964 0.33155153508771934 0.18599232456140352
0 0.3652686403508772 0.1722861842105263 0.37897478070175444 0.16735197368421054 0.38911732456140347 0.17859100877192982 0.38336074561403505 0.19065241228070173 0.3696546052631579 0.19120065789473684 0.3622532894736842 0.18050986842105265
0 0.22930372807017543 0.21422697368421054 0.23944627192982457 0.2109375 0.2465734649122807 0.21861293859649122 0.2446546052631579 0.22793311403508773 0.2339638157894737 0.22930372807017543 0.22765899122807018 0.2229989035087719
0 0.30112390350877194 0.20956688596491227 0.3109923245614035 0.20545504385964913 0.3183936403508772 0.2145010964912281 0.31620065789473684 0.22491776315789475 0.3060581140350877 0.22683662280701752 0.2983826754385965 0.22025767543859648
0 0.33429276315789475 0.20874451754385964 0.3466282894736842 0.2065515350877193 0.35211074561403505 0.2153234649122807 0.34690241228070173 0.2227247807017544 0.33538925438596495 0.22108004385964913
0 0.36499451754385964 0.20435855263157895 0.3767817982456141 0.2002467105263158 0.3871984649122807 0.20627741228070173 0.38829495614035087 0.2208059210526316 0.3762335526315789 0.22546600877192982 0.3622532894736842 0.21998355263157895
0 0.30002741228070173 0.24520285087719296 0.3085252192982456 0.23999451754385964 0.3178453947368421 0.24328399122807018 0.31757127192982454 0.2567160087719298 0.30934758771929827 0.2627467105263158 0.3008497807017544 0.26000548245614036 0.2964638157894737 0.24986293859649122
0 0.3027686403508772 0.27891995614035087 0.31702302631578944 0.27700109649122806 0.32003837719298245 0.28741776315789475 0.31565241228070173 0.2970120614035088 0.30194627192982454 0.29344846491228066
0 0.33867872807017546 0.27754934210526316 0.35019188596491224 0.2753563596491228 0.3559484649122807 0.2871436403508772 0.3430646929824561 0.2961896929824561 0.3345668859649123 0.28851425438596495
0 0.30362654320987653 0.3128858024691359 0.3149434156378601 0.3095421810699589 0.3200874485596708 0.3236882716049383 0.3090277777777778 0.33063271604938277 0.29951131687242805 0.32214506172839513
0 0.3362911522633745 0.31082818930041156 0.34915123456790126 0.30877057613168724 0.3555812757201646 0.3185442386831276 0.3458076131687243 0.3285751028806585 0.33294753086419754 0.32214506172839513
0 0.36715534979423875 0.3123713991769548 0.376929012345679 0.306712962962963 0.3877314814814815 0.3095421810699589 0.3900462962962963 0.3224022633744857 0.3802726337448559 0.3301183127572017 0.3684413580246914 0.32497427983539096 0.3684413580246914 0.3123713991769548
0 0.40444958847736623 0.13721707818930046 0.4142232510288066 0.1359310699588478 0.41911008230452673 0.14596193415637862 0.41448045267489714 0.15213477366255151 0.40496399176954734 0.15316358024691362 0.4000771604938272 0.14956275720164613 0.39981995884773663 0.14056069958847742
0 0.402906378600823 0.17168209876543214 0.4152520576131687 0.16988168724279837 0.4209104938271605 0.17914094650205767 0.41448045267489714 0.18865740740740744 0.4057355967078189 0.188914609053498 0.4000771604938272 0.18402777777777785
0 0.4666923868312757 0.17013888888888892 0.4805812757201646 0.16730967078189307 0.48469650205761317 0.1781121399176955 0.47800925925925924 0.18865740740740744 0.46566358024691357 0.18428497942386834 0.4641203703703704 0.1757973251028807
0 0.5513117283950617 0.1328446502057614 0.5608281893004116 0.13078703703703706 0.564429012345679 0.13644547325102885 0.5662294238683128 0.14287551440329221 0.5587705761316872 0.14699074074074078 0.5487397119341564 0.14390432098765438
0 0.5695730452674898 0.13258744855967083 0.5790895061728395 0.13130144032921817 0.582690329218107 0.13695987654320996 0.5819187242798354 0.14261831275720172 0.5770318930041152 0.14416152263374493 0.571630658436214 0.14647633744855973 0.5672582304526749 0.14107510288065847
0 0.4034207818930041 0.2046039094650206 0.4180812757201646 0.20100308641975315 0.4237397119341564 0.21000514403292184 0.4237397119341564 0.2208076131687243 0.41268004115226337 0.22672325102880658 0.4016203703703704 0.2244084362139918 0.39699074074074076 0.21360596707818938
0 0.4371141975308642 0.20666152263374493 0.4484310699588478 0.20306069958847742 0.4551183127572017 0.21309156378600824 0.4497170781893004 0.22209362139917696 0.435570987654321 0.22235082304526751
0 0.465406378600823 0.20974794238683134 0.47595164609053503 0.2022890946502058 0.4862397119341564 0.2118055555555556 0.4823816872427984 0.22003600823045275 0.47003600823045266 0.22235082304526751
0 0.4342849794238683 0.23623971193415647 0.4474022633744856 0.2328960905349795 0.4589763374485596 0.24035493827160498 0.4569187242798354 0.2537294238683128 0.44817386831275713 0.2581018518518519 0.43634259259259256 0.2537294238683128
0 0.47055041152263377 0.24009773662551442 0.4805812757201646 0.23778292181069968 0.48881172839506176 0.24369855967078194 0.4885545267489712 0.2547582304526749 0.47698045267489714 0.2593878600823046 0.46566358024691357 0.25012860082304533
0 0.4036779835390947 0.2784207818930041 0.4142232510288066 0.2722479423868313 0.4242541152263375 0.27996399176954734 0.4214248971193416 0.28948045267489714 0.4108796296296296 0.29411008230452673 0.4034207818930041 0.28845164609053503
0 0.43865740740740744 0.2766203703703704 0.44817386831275724 0.27044753086419754 0.46051954732510286 0.2768775720164609 0.46231995884773663 0.29230967078189307 0.4497170781893004 0.30131172839506176 0.43351337448559674 0.29153806584362146
0 0.501414609053498 0.2802211934156379 0.5106738683127572 0.27893518518518523 0.5160751028806584 0.29050925925925936 0.5093878600823045 0.29230967078189307 0.49832818930041156 0.2892232510288066
0 0.4762088477366255 0.30851337448559674 0.4906121399176954 0.3069701646090535 0.49781378600823045 0.3190586419753087 0.48932613168724276 0.33037551440329227 0.472093621399177 0.32780349794238683
0 0.4083076131687243 0.3149434156378601 0.4026491769547325 0.32085905349794247 0.41216563786008226 0.3290895061728396 0.4224537037037037 0.3224022633744857 0.41653806584362146 0.310570987654321
0 0.4057355967078189 0.34760802469135804 0.4162808641975309 0.3422067901234568 0.42631172839506176 0.35403806584362146 0.4183384773662552 0.3635545267489712 0.4047067901234568 0.36046810699588483
0 0.43814300411522633 0.33963477366255146 0.44380144032921814 0.3393775720164609 0.4468878600823046 0.3465792181069959 0.44122942386831276 0.3506944444444445 0.4373713991769548 0.3478652263374486 0.4373713991769548 0.34194958847736623
0 0.45138888888888895 0.34234234234234234 0.45664414414414417 0.33971471471471476 0.4598348348348349 0.3440315315315316 0.457957957957958 0.3489114114114114 0.45101351351351354 0.347972972972973
0 0.43843843843843844 0.35660660660660665 0.4442567567567568 0.3549174174174175 0.4491366366366367 0.359984984984985 0.4453828828828829 0.36505255255255253 0.43656156156156156 0.3641141141141141
0 0.47785285285285295 0.34271771771771775 0.4883633633633634 0.33971471471471476 0.49418168168168175 0.34872372372372373 0.48686186186186187 0.3551051051051052 0.47747747747747754 0.35322822822822825
0 0.4378753753753754 0.37293543543543545 0.4450075075075075 0.36955705705705705 0.448948948948949 0.37743993993993996 0.44275525525525533 0.38081831831831836 0.4373123123123124 0.3789414414414415
0 0.40746996996997004 0.37969219219219225 0.4166666666666667 0.3753753753753754 0.4258633633633634 0.3785660660660661 0.4258633633633634 0.3920795795795796 0.4102852852852853 0.39264264264264265
0 0.49868618618618615 0.38813813813813813 0.5060060060060061 0.38400900900900903 0.5103228228228228 0.3920795795795796 0.5039414414414415 0.39658408408408413 0.4988738738738739 0.3945195195195196
0 0.4373123123123124 0.40465465465465467 0.44313063063063063 0.40108858858858865 0.4493243243243244 0.40465465465465467 0.4481981981981983 0.4110360360360361 0.43993993993993996 0.4106606606606607
0 0.4286858974358974 0.4453125 0.4375 0.44090544871794873 0.44671474358974356 0.44711538461538464 0.4463141025641025 0.4575320512820512 0.43269230769230765 0.45913461538461536 0.42588141025641024 0.453125 0.4296875 0.4443108974358974
0 0.40865384615384615 0.41586538461538464 0.41386217948717946 0.4112580128205128 0.42067307692307687 0.41085737179487175 0.4240785256410256 0.41586538461538464 0.42548076923076916 0.42487980769230765 0.41486378205128205 0.4276842948717948 0.4078525641025641 0.423076923076923 0.40865384615384615 0.4162660256410256
0 0.4771634615384615 0.4198717948717948 0.4819711538461538 0.4166666666666667 0.4865785256410256 0.42067307692307687 0.4837740384615384 0.42427884615384615 0.4783653846153845 0.4246794871794871 0.4771634615384615 0.42007211538461536
0 0.5517912772585669 0.1674454828660436 0.5475077881619936 0.17834890965732086 0.5564641744548287 0.18672118380062305 0.5663940809968847 0.1779595015576324 0.5624999999999999 0.1674454828660436
0 0.5930685358255451 0.16861370716510904 0.6028037383177569 0.1656931464174455 0.6088395638629283 0.17464953271028036 0.6072819314641743 0.18380062305295952 0.5934579439252335 0.18419003115264795 0.5897585669781931 0.17348130841121492
0 0.5515965732087227 0.2124221183800623 0.5595794392523364 0.20950155763239878 0.5665887850467289 0.2172897196261682 0.5644470404984423 0.2281931464174455 0.5527647975077881 0.2274143302180685 0.5471183800623052 0.2176791277258567
0 0.5928738317757009 0.21222741433021805 0.6028037383177569 0.20774922118380063 0.6098130841121495 0.2155373831775701 0.6082554517133956 0.22683021806853584 0.5950155763239874 0.2281931464174455 0.5887850467289719 0.220404984423676
0 0.5500389408099688 0.25681464174454827 0.5588006230529594 0.25253115264797504 0.5675623052959501 0.2558411214953271 0.5675623052959501 0.2657710280373832 0.5593847352024921 0.2723909657320872 0.5480919003115264 0.2642133956386293
0 0.5926791277258566 0.2542834890965732 0.6012461059190031 0.2511682242990654 0.610202492211838 0.2558411214953271 0.610202492211838 0.2667445482866043 0.6016355140186915 0.27102803738317754 0.5905373831775701 0.2659657320872274
0 0.6394751082251082 0.19791666666666666 0.6494859307359306 0.1954816017316017 0.6603084415584416 0.20251623376623376 0.6613906926406926 0.21415043290043287 0.6470508658008658 0.2233495670995671 0.6294642857142857 0.21387987012987011
0 0.5515422077922078 0.2988365800865801 0.5604707792207793 0.2939664502164502 0.5683170995670995 0.3004599567099567 0.5661525974025974 0.3096590909090909 0.5556006493506493 0.3120941558441558
0 0.5902326839826839 0.29531926406926406 0.6013257575757575 0.28963744588744583 0.6124188311688311 0.2955898268398268 0.6129599567099566 0.30830627705627706 0.5978084415584416 0.31561147186147187 0.5888798701298701 0.304788961038961
0 0.5520833333333334 0.3318452380952381 0.5642586580086579 0.3299512987012987 0.5685876623376623 0.3372564935064935 0.5696699134199134 0.34672619047619047 0.5520833333333334 0.347267316017316 0.5491071428571429 0.337797619047619
0 0.5745400432900433 0.3323863636363636 0.5853625541125541 0.3304924242424242 0.5899621212121211 0.3383387445887446 0.5869859307359306 0.34456168831168826 0.5761634199134199 0.34618506493506485 0.5723755411255411 0.337797619047619
0 0.5929166666666666 0.3389583333333333 0.5954166666666667 0.33125 0.6072916666666667 0.32895833333333335 0.6125 0.33645833333333336 0.6102083333333334 0.3464583333333333 0.5989583333333334 0.3489583333333333
0 0.6425 0.30333333333333334 0.6527083333333333 0.2975 0.6683333333333333 0.3045833333333333 0.66625 0.321875 0.6466666666666666 0.3252083333333333 0.6389583333333333 0.3127083333333333
0 0.7651869158878504 0.19723520249221183 0.7677180685358255 0.19275700934579437 0.7743380062305295 0.1950934579439252 0.7743380062305295 0.1991822429906542 0.7710280373831774 0.20424454828660435 0.7649922118380061 0.20093457943925236
0 0.7279984423676011 0.2599299065420561 0.7268302180685358 0.2684968847352025 0.7361760124610591 0.2696651090342679 0.7389018691588785 0.2618769470404984
0 0.7161214953271028 0.2599299065420561 0.7137850467289719 0.268107476635514 0.7211838006230529 0.2712227414330218 0.7246884735202492 0.2636292834890966
0 0.5061553030303029 0.19207702020202022 0.49921085858585856 0.19965277777777776 0.5052083333333334 0.20691287878787876 0.5121527777777777 0.20470328282828282 0.5149936868686869 0.19618055555555552
0 0.508996212121212 0.20912247474747475 0.4995265151515152 0.2132260101010101 0.5026830808080809 0.22269570707070704 0.5118371212121212 0.22458964646464646 0.5168876262626263 0.21291035353535354
0 0.43690476190476196 0.4166666666666667 0.4453869047619048 0.4151785714285715 0.44821428571428573 0.4239583333333333 0.4424107142857144 0.4269345238095238 0.4357142857142857 0.42366071428571433
0 0.885 0.270625 0.896875 0.273125 0.9010416666666666 0.28875 0.8889583333333333 0.2972916666666667 0.87375 0.28583333333333333 0.8785416666666667 0.27270833333333333
0 0.9064583333333334 0.28479166666666667 0.9141666666666667 0.283125 0.9175 0.289375 0.9152083333333333 0.294375 0.9070833333333334 0.29354166666666665
0 0.905 0.303125 0.9160416666666666 0.30125 0.9229166666666667 0.3120833333333333 0.9120833333333334 0.3202083333333333 0.9027083333333333 0.313125
0 0.8877083333333333 0.3045833333333333 0.893125 0.30104166666666665 0.898125 0.3075 0.8933333333333333 0.3125 0.8866666666666667 0.30895833333333333
0 0.8754166666666666 0.30375 0.881875 0.30145833333333333 0.8852083333333334 0.303125 0.8854166666666666 0.31104166666666666 0.88 0.3129166666666667 0.875625 0.3129166666666667 0.874375 0.3102083333333333
0 0.6685416666666667 0.8191666666666667 0.6847916666666667 0.815625 0.6941666666666667 0.826875 0.6916666666666667 0.8404166666666667 0.6714583333333334 0.84625 0.6641666666666667 0.8333333333333334
0 0.5934684684684685 0.797484984984985 0.607545045045045 0.7905405405405407 0.6221846846846847 0.8003003003003003 0.6199324324324325 0.8164414414414415 0.6017267267267267 0.8198198198198198 0.5910285285285285 0.8079954954954954
0 0.5994744744744744 0.8288288288288288 0.6111111111111112 0.8256381381381381 0.618993993993994 0.8382132132132133 0.6066066066066066 0.8453453453453454 0.5970345345345346 0.8374624624624625
0 0.5640015015015015 0.8293918918918919 0.5752627627627628 0.8256381381381381 0.5833333333333334 0.8357732732732732 0.5771396396396397 0.846096096096096 0.5623123123123123 0.841403903903904
0 0.5625 0.7926051051051051 0.572072072072072 0.789039039039039 0.5780780780780781 0.7965465465465466 0.5777027027027027 0.806493993993994 0.5679429429429429 0.8091216216216217 0.5602477477477478 0.8016141141141141
0 0.5272147147147147 0.7931681681681682 0.5388513513513514 0.7894144144144144 0.5469219219219219 0.7976726726726726 0.541478978978979 0.808183183183183 0.5296546546546547 0.8061186186186187
0 0.5287162162162162 0.8273273273273274 0.5431681681681682 0.8262012012012011 0.5476726726726727 0.8395270270270271 0.5330330330330331 0.8451576576576576 0.526463963963964 0.8393393393393392
0 0.5613695090439276 0.7548449612403101 0.5765503875968992 0.752422480620155 0.5831718346253231 0.7646963824289406 0.5702519379844961 0.7745478036175711 0.5587855297157622 0.7676033591731266
0 0.5268087855297158 0.7583979328165374 0.5350452196382429 0.7533914728682171 0.5439276485788114 0.7579134366925064 0.5432816537467701 0.7692183462532299 0.5334302325581395 0.7730943152454781 0.5253552971576227 0.7658268733850129
0 0.49442488262910805 0.761737089201878 0.5011737089201879 0.7568955399061034 0.5079225352112676 0.7615903755868545 0.508362676056338 0.7693661971830986 0.5008802816901409 0.7731807511737089 0.49266431924882637 0.7681924882629109
0 0.4696302816901409 0.7580692488262911 0.4791666666666667 0.7571889671361502 0.4825410798122066 0.7667253521126761 0.4740316901408451 0.7724471830985916 0.4680164319248827 0.7671654929577465 0.4674295774647888 0.7593896713615024
0 0.45407863849765256 0.7599765258215962 0.46258802816901406 0.7571889671361502 0.46698943661971837 0.7654049295774649 0.46053403755868544 0.7711267605633804 0.4537852112676056 0.7693661971830986
0 0.4335387323943662 0.7573356807511737 0.44219483568075124 0.7524941314553991 0.4498239436619718 0.7596830985915494 0.4486502347417841 0.7709800469483568 0.4342723004694836 0.7717136150234742 0.4310446009389671 0.7640845070422535
0 0.5029761904761905 0.7172619047619048 0.5127314814814815 0.7139550264550265 0.5181878306878307 0.7197420634920636 0.5168650793650794 0.7280092592592593 0.5061177248677249 0.7298280423280423 0.501984126984127 0.724702380952381
0 0.46841931216931226 0.7255291005291006 0.4768518518518519 0.72255291005291 0.4829695767195767 0.7294973544973545 0.4783399470899471 0.7361111111111112 0.4695767195767196 0.7377645502645503 0.466931216931217 0.7313161375661376
0 0.49140211640211645 0.6962632275132276 0.5 0.6924603174603174 0.5072751322751323 0.697585978835979 0.5049603174603174 0.705191798941799 0.4937169312169312 0.7081679894179894
0 0.5044642857142857 0.6802248677248678 0.5142195767195767 0.6777447089947091 0.5190145502645503 0.6848544973544974 0.5132275132275133 0.6924603174603174 0.5023148148148149 0.6921296296296297 0.5011574074074074 0.6846891534391535
0 0.4674272486772487 0.7080026455026456 0.4652777777777778 0.7162698412698413 0.47371031746031744 0.72255291005291 0.482473544973545 0.71494708994709 0.4809854497354498 0.7086640211640212 0.47139550264550273 0.7061838624338624
0 0.4652777777777778 0.6949404761904762 0.4662698412698413 0.7023809523809524 0.47701719576719576 0.7053571428571429 0.48131613756613767 0.6967592592592593 0.4743716931216932 0.6898148148148149
0 0.4943783068783069 0.6504629629629629 0.4890873015873016 0.6574074074074074 0.4943783068783069 0.6646825396825398 0.5047949735449736 0.6623677248677249 0.5046296296296297 0.6514550264550265
0 0.43166666666666664 0.6814583333333334 0.44104166666666667 0.6772916666666666 0.4483333333333333 0.6833333333333333 0.4477083333333333 0.693125 0.4352083333333333 0.6960416666666667 0.42895833333333333 0.69125 0.43083333333333335 0.6827083333333334
0 0.53625 0.694375 0.5322916666666667 0.6997916666666667 0.53875 0.7039583333333334 0.5439583333333333 0.7002083333333333 0.540625 0.693125 0.536875 0.6945833333333333
0 0.47172619047619047 0.65625 0.4646164021164021 0.6636904761904762 0.4702380952380953 0.6714616402116402 0.48015873015873023 0.6673280423280423 0.47949735449735453 0.6577380952380952
0 0.4647817460317461 0.6448412698412699 0.4662698412698413 0.6537698412698413 0.47867063492063494 0.6552579365079365 0.4798280423280424 0.642526455026455 0.4695767195767196 0.6392195767195767
0 0.43716931216931226 0.6433531746031746 0.4470899470899471 0.6421957671957673 0.45287698412698413 0.6504629629629629 0.4469246031746032 0.6593915343915344 0.43320105820105825 0.6574074074074074 0.43303571428571436 0.6489748677248678
0 0.40251572327044016 0.9665880503144655 0.4099842767295597 0.9634433962264151 0.41804245283018865 0.9673742138364779 0.41961477987421375 0.9775943396226415 0.40919811320754707 0.983687106918239 0.4005503144654088 0.9779874213836479 0.3999606918238993 0.9715015723270441
0 0.3989779874213836 0.9215801886792453 0.40703616352201255 0.9162735849056604 0.41548742138364775 0.9194182389937108 0.418435534591195 0.9286556603773585 0.41214622641509424 0.9375 0.3993710691823899 0.9335691823899371
0 0.3631341839840014 0.9262926412196041 0.3761058820972089 0.9203964148045097 0.38493663594470057 0.9290034562211982 0.382984812914819 0.9404435846158307 0.36928763440860224 0.9410042242703534 0.3635272657450077 0.9363959293394779
0 0.33431603773584906 0.9292452830188679 0.34060534591194963 0.9243317610062894 0.3490566037735849 0.9274764150943396 0.35062893081761 0.9388757861635221 0.34099842767295596 0.9430031446540881 0.3333333333333333 0.9376965408805032
0 0.36792452830188677 0.885809748427673 0.37598270440251574 0.8808962264150944 0.3852201257861635 0.8865959119496857 0.38482704402515716 0.8970125786163523 0.3728380503144654 0.8987814465408805 0.36615566037735847 0.8924921383647798
0 0.335691823899371 0.8926886792452831 0.3459119496855345 0.8889544025157232 0.35180817610062887 0.8962264150943396 0.35003930817610057 0.9038915094339622 0.3398191823899371 0.9070361635220127 0.3352987421383648 0.9017295597484277
0 0.6701030927835052 0.5887027491408935 0.6688144329896908 0.5996563573883162 0.6810567010309279 0.6024484536082475 0.685352233676976 0.594286941580756 0.6786941580756014 0.5856958762886598
0 0.6529209621993127 0.5880584192439863 0.6494845360824743 0.5972938144329897 0.6585051546391754 0.6035223367697595 0.6668814432989691 0.5975085910652921 0.6625859106529209 0.5882731958762887
0 0.3800381263616558 0.803649237472767 0.3849400871459695 0.8025599128540305 0.38779956427015244 0.8046023965141612 0.3882080610021786 0.8088235294117646 0.38548474945533767 0.8112745098039216 0.3819444444444445 0.8108660130718954 0.37922113289760345 0.8096405228758169
0 0.3820806100217865 0.8135893246187365 0.38752723311546833 0.8133169934640523 0.3879357298474945 0.8199891067538125 0.383578431372549 0.8214869281045751 0.38031045751633985 0.8209422657952069 0.3788126361655773 0.8164488017429194
0 0.3689159292035399 0.8041113569321534 0.3724188790560472 0.8018989675516225 0.3765671091445428 0.8035582595870207 0.37776548672566373 0.8084439528023598 0.3754609144542773 0.8112094395280236 0.37002212389380534 0.8113938053097346 0.3684550147492626 0.8088126843657817
0 0.36919247787610626 0.8139749262536874 0.3744469026548673 0.8127765486725662 0.3771202064896756 0.8148045722713864 0.37730457227138653 0.8188606194690264 0.3761061946902655 0.8213495575221239 0.3714970501474926 0.821994837758112 0.36910029498525077 0.8210730088495576 0.3681784660766962 0.8182153392330382
0 0.3573930678466077 0.804848820058997 0.361080383480826 0.8026364306784661 0.36449115044247793 0.8033738938053098 0.36605825958702076 0.807061209439528 0.3648598820058997 0.8107485250737463 0.3606194690265488 0.8114859882005899 0.35794616519174044 0.8113016224188789 0.35674778761061954 0.8081674041297935
0 0.34679203539823017 0.805678466076696 0.3488200589970502 0.8033738938053098 0.352415191740413 0.8035582595870207 0.3537979351032449 0.8054019174041297 0.3537979351032449 0.8081674041297935 0.352415191740413 0.8107485250737463 0.34937315634218297 0.8101954277286136 0.3466998525073747 0.8093657817109144
0 0.35905535499398317 0.8134025270758123 0.36421460176991155 0.8136061946902654 0.3659747292418773 0.8159596871239472 0.36672683513838755 0.8194193742478941 0.36514741275571605 0.8222773766546329 0.3614620938628159 0.8219013237063779 0.3587545126353791 0.8210740072202167 0.3580024067388688 0.8180655836341757
0 0.34717208182912157 0.8149067388688327 0.3515342960288809 0.8138537906137184 0.3542418772563177 0.815809265944645 0.3540914560770157 0.8191185318892901 0.35243682310469315 0.8209987966305655 0.3496540312876053 0.8212244283995186 0.3474729241877257 0.8204723225030084 0.34702166064981954 0.8175391095066186
0 0.33739470517448855 0.81543321299639 0.34017749699157646 0.8140794223826715 0.3437123947051745 0.8149067388688327 0.345367027677497 0.8173886883273166 0.345291817087846 0.8204723225030084 0.3437123947051745 0.822126955475331 0.33995186522262333 0.8226534296028881 0.33664259927797835 0.8213748495788208 0.33626654632972325 0.8187424789410349
0 0.32573706377858 0.8167870036101083 0.3281438026474128 0.8143050541516246 0.3326564380264741 0.8140042117930205 0.33468712394705175 0.8168622141997592 0.3346119133574007 0.8208483754512637 0.33310770156438024 0.8228038507821902 0.32806859205776173 0.8229542719614922 0.32588748495788206 0.8219765342960289
0 0.3270908543922984 0.8256618531889289 0.33115222623345364 0.8245336943441637 0.3337845968712395 0.8261131167268352 0.3349879663056558 0.8294975932611311 0.33348375451263534 0.832205174488568 0.33002406738868834 0.8334837545126353 0.32618832731648617 0.832280385078219 0.32543622141997597 0.8294975932611311
0 0.3365673886883273 0.8260379061371842 0.33935018050541516 0.8250601684717208 0.34280986762936216 0.8250601684717208 0.3441636582430807 0.8264891696750903 0.3449157641395909 0.8299488567990374 0.34348676293622143 0.8316787003610109 0.33995186522262333 0.8325812274368232 0.3368682310469314 0.832205174488568 0.3359657039711191 0.8300240673886883
0 0.3470968712394706 0.8255114320096271 0.3501805054151625 0.8240824308062575 0.35281287605294825 0.8242328519855595 0.3542418772563177 0.8262635379061373 0.3542418772563177 0.8300992779783393 0.3515342960288809 0.8312274368231047 0.34935318892900125 0.8314530685920578 0.34694645006016844 0.8302496991576415 0.3468712394705175 0.8285198555956679
0 0.35634777376654636 0.8245336943441637 0.35943140794223827 0.8236311672683514 0.3615373044524669 0.8250601684717208 0.36243983152827924 0.8273916967509025 0.36101083032490977 0.8288959085439229 0.35770156438026474 0.8294223826714803 0.35574608904933813 0.8280685920577617 0.35574608904933813 0.8252105896510228
0 0.13792579075425798 0.9086070559610706 0.1361009732360098 0.9151459854014599 0.13807785888077867 0.9184914841849148 0.1426399026763991 0.9184914841849148 0.14628953771289543 0.9168187347931873 0.14887469586374705 0.9142335766423357 0.14750608272506088 0.9078467153284671 0.14522506082725065 0.9054136253041363
0 0.9220281862745098 0.3382352941176471 0.9204963235294118 0.34313725490196084 0.923406862745098 0.3471200980392157 0.9306066176470588 0.34574142156862747 0.931985294117647 0.3416053921568628 0.9301470588235294 0.33609068627450983 0.9252450980392156 0.3363970588235295
0 0.9224877450980392 0.34941789215686286 0.921109068627451 0.35294117647058826 0.921875 0.3566176470588236 0.9266237745098038 0.35876225490196084 0.9315257352941176 0.35585171568627455 0.9333639705882352 0.3506433823529412 0.9310661764705882 0.34727328431372556 0.9275428921568628 0.3471200980392157
