0 0.06939102564102563 0.9001602564102563 0.08512369791666667 0.8927408854166666 0.09619140625 0.90380859375 0.09228515625 0.91552734375 0.08121744791666667 0.9207356770833334 0.07014973958333333 0.9142252604166666
0 0.06041666666666665 0.8636217948717948 0.07323717948717948 0.8556089743589744 0.08830128205128206 0.8658653846153848 0.08219401041666667 0.8829752604166666 0.06461588541666667 0.8839518229166666 0.057779947916666664 0.87060546875
0 0.09000651041666667 0.8406575520833334 0.10563151041666667 0.8338216145833334 0.11767578125 0.8484700520833334 0.10400390625 0.86474609375 0.08935546875 0.8566080729166666
0 0.10595703125 0.9005533854166666 0.12353515625 0.8933919270833334 0.13509615384615387 0.9091346153846155 0.12581380208333334 0.9210611979166666 0.10823567708333333 0.91943359375
0 0.12227564102564102 0.8665064102564103 0.1376602564102564 0.858173076923077 0.15080128205128204 0.8693910256410255 0.14599358974358972 0.8854166666666666 0.12320963541666667 0.8849283854166666
0 0.15849358974358974 0.8969551282051281 0.17451923076923076 0.892147435897436 0.18573717948717947 0.9036858974358974 0.17772435897435898 0.920352564102564 0.1559294871794872 0.9149038461538462
0 0.20336538461538461 0.8761217948717949 0.22151692708333334 0.87353515625 0.22868589743589743 0.8863782051282052 0.22003205128205128 0.9011217948717949 0.20296223958333334 0.8972981770833334 0.19823717948717948 0.8828525641025641
0 0.17131410256410257 0.8498397435897436 0.18669871794871795 0.8411858974358973 0.1998397435897436 0.8527243589743588 0.19791666666666666 0.86875 0.18477564102564104 0.8741987179487181 0.17035256410256408 0.8671474358974359
0 0.14407051282051284 0.8219551282051281 0.15528846153846157 0.8142628205128205 0.17008463541666666 0.82568359375 0.16618589743589743 0.8424679487179487 0.14925130208333334 0.84521484375 0.13883463541666666 0.8328450520833334
0 0.24919871794871795 0.8373397435897435 0.2623397435897436 0.8315705128205128 0.27355769230769234 0.8386217948717948 0.2736002604166667 0.8556315104166666 0.26123046875 0.8634440104166666 0.24788411458333334 0.8556315104166666
0 0.19547526041666666 0.79150390625 0.2123397435897436 0.7831730769230769 0.22259615384615386 0.7953525641025639 0.21500651041666666 0.8097330729166666 0.19905598958333334 0.8055013020833334
0 0.17854817708333334 0.76318359375 0.18961588541666666 0.76123046875 0.19775390625 0.7736002604166666 0.18733723958333334 0.7853190104166666 0.17301432291666666 0.7791341145833334 0.17366536458333334 0.7696940104166666
0 0.22932692307692307 0.7501602564102563 0.24690755208333334 0.74658203125 0.2560221354166667 0.7677408854166666 0.23714192708333334 0.7762044270833334 0.22131410256410258 0.7623397435897435
0 0.2635091145833333 0.7882486979166666 0.2820638020833333 0.7810872395833334 0.2937825520833333 0.8035481770833334 0.2736002604166667 0.8133138020833334 0.2599283854166667 0.7980143229166666
0 0.3046875 0.7265625 0.3149830426356589 0.7235343992248062 0.32321947674418605 0.7321342054263567 0.31740552325581395 0.744609980620155 0.3020227713178295 0.7429142441860466 0.30093265503875966 0.7314074612403101
0 0.28542877906976744 0.6945857558139535 0.29378633720930236 0.6888929263565892 0.30614098837209297 0.6989462209302326 0.2976623062015504 0.7110586240310077 0.2810683139534884 0.7069404069767442
0 0.32382509689922484 0.6945857558139535 0.332061531007752 0.6876816860465116 0.3439316860465116 0.695796996124031 0.33884447674418605 0.7093628875968992 0.320796996124031 0.7076671511627908
0 0.34631642512077304 0.7398852657004831 0.3561292270531401 0.7361111111111112 0.36503623188405804 0.7413949275362319 0.3644323671497585 0.7545289855072463 0.3519021739130435 0.7583031400966184 0.34239130434782616 0.7489432367149759
0 0.37001811594202905 0.702445652173913 0.3831521739130435 0.7013888888888888 0.3884359903381643 0.7105978260869565 0.38375603864734303 0.7205615942028986 0.36835748792270534 0.7207125603864735 0.3653381642512078 0.7098429951690822
0 0.39221014492753625 0.6743659420289855 0.38979468599033823 0.6843297101449276 0.3967391304347826 0.6932367149758454 0.4094202898550725 0.6885567632850241 0.4101751207729469 0.6763285024154589 0.39960748792270534 0.6713466183574879
0 0.3970410628019324 0.768719806763285 0.40881642512077304 0.7610205314009661 0.4208937198067633 0.7708333333333334 0.4184782608695652 0.7835144927536232 0.40413647342995174 0.7862318840579711 0.3935688405797102 0.7767210144927535
0 0.42844202898550726 0.7333937198067634 0.4251207729468599 0.7436594202898551 0.43251811594202905 0.7524154589371981 0.44293478260869573 0.7498490338164251 0.44625603864734303 0.7371678743961353 0.4346316425120773 0.730072463768116
0 0.3806022408963586 0.7879901960784313 0.37570028011204487 0.8000700280112044 0.38427871148459386 0.8093487394957983 0.398984593837535 0.8054971988795518 0.3986344537815126 0.7899159663865547 0.3837535014005603 0.7846638655462186
0 0.404936974789916 0.8214285714285714 0.4177170868347339 0.8188025210084033 0.42612044817927175 0.834733893557423 0.4138655462184874 0.8440126050420168 0.3986344537815126 0.8364845938375349
0 0.4289215686274509 0.7939425770308123 0.43890056022408963 0.7874649859943977 0.4502801120448179 0.7958683473389356 0.44870448179271705 0.8082983193277311 0.4396008403361344 0.8132002801120449 0.42647058823529416 0.806547619047619
0 0.37885154061624654 0.8571428571428572 0.38778011204481794 0.8532913165266106 0.39460784313725494 0.8625700280112045 0.3898809523809524 0.8697478991596639 0.381827731092437 0.8699229691876752 0.3765756302521009 0.863795518207283
0 0.4302248677248678 0.8594576719576719 0.44179894179894186 0.8558201058201058 0.45155423280423285 0.867063492063492 0.4444444444444445 0.8783068783068783 0.4292328042328043 0.8769841269841269 0.4279100529100529 0.8637566137566136
0 0.4535383597883598 0.8313492063492063 0.4646164021164021 0.8270502645502645 0.4756944444444445 0.833994708994709 0.47321428571428575 0.8462301587301587 0.4606481481481482 0.8500330687830687 0.45138888888888895 0.8411044973544973
0 0.4485294117647059 0.7593443627450981 0.4466911764705882 0.7662377450980392 0.4514399509803922 0.7751225490196078 0.4629289215686274 0.7751225490196078 0.46890318627450983 0.765625 0.4641544117647059 0.7559742647058824 0.4522058823529412 0.7541360294117647
0 0.4659926470588236 0.7372855392156863 0.4785539215686274 0.7302389705882353 0.4889705882352941 0.7385110294117647 0.4865196078431373 0.7518382352941176 0.4724264705882353 0.7555147058823529 0.4638480392156863 0.7432598039215687
0 0.44566082802547774 0.7145037154989383 0.45428609341825904 0.7102574309978767 0.4633094479830149 0.7176884288747345 0.46238057324840764 0.7283041401273884 0.45123407643312097 0.7336119957537155 0.4415472399150743 0.7264463906581741
0 0.49312714776632305 0.8528780068728523 0.5019329896907216 0.8492268041237114 0.5100945017182131 0.8576030927835052 0.5051546391752578 0.8674828178694158 0.49334192439862545 0.867053264604811 0.48969072164948463 0.8586769759450174
0 0.5412371134020619 0.8408505154639175 0.551331615120275 0.8367697594501718 0.5573453608247423 0.8429982817869416 0.5575601374570447 0.8535223367697595 0.546606529209622 0.8552405498281788 0.5378006872852233 0.8513745704467355
0 0.5859106529209622 0.809278350515464 0.5936426116838488 0.8028350515463918 0.6056701030927836 0.8069158075601375 0.6097508591065293 0.8178694158075601 0.602233676975945 0.8292525773195877 0.585266323024055 0.8266752577319588
0 0.5532646048109966 0.7996134020618556 0.5631443298969072 0.791881443298969 0.5753865979381444 0.7942439862542957 0.5796821305841925 0.8069158075601375 0.5693728522336771 0.8182989690721649 0.5547680412371134 0.8125
0 0.5992268041237113 0.7768470790378007 0.6086769759450172 0.7725515463917526 0.6202749140893471 0.7794243986254297 0.6200601374570447 0.7927405498281788 0.6071735395189004 0.7989690721649485 0.5947164948453608 0.7901632302405498
0 0.5663659793814433 0.7646048109965636 0.5805412371134021 0.7605240549828179 0.5906357388316151 0.7697594501718213 0.5876288659793815 0.7852233676975946 0.5756013745704468 0.7882302405498282 0.5618556701030929 0.7766323024054983
0 0.5790378006872853 0.7315292096219932 0.5919243986254296 0.7302405498281788 0.6026632302405499 0.7401202749140894 0.5985824742268042 0.7545103092783505 0.5856958762886598 0.7566580756013747 0.5743127147766324 0.7450601374570447
0 0.6121134020618557 0.7426975945017182 0.6243556701030929 0.740979381443299 0.6353092783505154 0.7525773195876289 0.6260738831615121 0.7695446735395189 0.6069587628865979 0.7624570446735396 0.6065292096219932 0.7484965635738832
0 0.6234965635738832 0.7126288659793815 0.6389604810996564 0.7117697594501718 0.6458333333333334 0.7212199312714777 0.6400343642611684 0.7381872852233677 0.6273625429553266 0.7368986254295533 0.6164089347079038 0.7216494845360826 0.6237113402061856 0.7121993127147768
0 0.5996563573883162 0.6917955326460482 0.6071735395189004 0.6894329896907216 0.6123281786941581 0.6958762886597938 0.6103951890034365 0.7025343642611684 0.6037371134020619 0.7055412371134021 0.5955756013745704 0.7006013745704468
0 0.6619937694704049 0.6536214953271028 0.6682242990654205 0.6524532710280373 0.671923676012461 0.6577102803738317 0.668613707165109 0.6635514018691588 0.6614096573208722 0.6635514018691588
0 0.5245327102803737 0.7455218068535825 0.5330996884735202 0.7383177570093458 0.5440031152647975 0.7455218068535825 0.5416666666666665 0.7568146417445482 0.5338785046728971 0.7614875389408099 0.5227803738317757 0.7542834890965732
0 0.5482866043613707 0.7241043613707164 0.5529595015576323 0.722157320872274 0.5576323987538939 0.7252725856697818 0.5576323987538939 0.7320872274143302 0.550233644859813 0.733644859813084 0.5465342679127725 0.7289719626168224
0 0.5008992805755397 0.7155275779376499 0.506294964028777 0.712679856115108 0.5124400479616308 0.7156774580335732 0.5133393285371703 0.72242206235012 0.5086930455635492 0.7263189448441247 0.5011990407673862 0.7246702637889689 0.4988009592326139 0.7197242206235012
0 0.5152877697841728 0.699490407673861 0.5209832134292567 0.6958932853717027 0.5272781774580336 0.7011390887290169 0.5242805755395684 0.7099820143884892 0.5137889688249401 0.706984412470024
0 0.48246402877697847 0.7012889688249401 0.49070743405275785 0.6969424460431655 0.49655275779376506 0.702937649880096 0.49295563549160676 0.7111810551558753 0.48261390887290173 0.7078836930455636
0 0.49625299760191854 0.6839028776978417 0.5047961630695444 0.6804556354916067 0.5106414868105517 0.6885491606714629 0.5041966426858514 0.6957434052757794 0.49430455635491616 0.6900479616306955
0 0.4796163069544365 0.6681654676258993 0.4875599520383693 0.6656175059952039 0.49415467625899284 0.6719124700239809 0.4898081534772183 0.6804556354916067 0.47946642685851326 0.6788069544364509
0 0.6723130841121495 0.5767133956386292 0.6664719626168224 0.583917445482866 0.6705607476635513 0.5919003115264797 0.6787383177570093 0.5882009345794391 0.6775700934579438 0.5806074766355139 0.6730919003115264 0.5767133956386292
0 0.6781542056074766 0.5638629283489096 0.686721183800623 0.5597741433021806 0.694119937694704 0.5619158878504672 0.6948987538940808 0.5722352024922117 0.6863317757009345 0.5772975077881619 0.6787383177570093 0.5718457943925234 0.6781542056074766 0.5636682242990654
0 0.6911993769470404 0.5445872274143302 0.6970404984423675 0.5393302180685358 0.7067757009345793 0.546923676012461 0.70404984423676 0.5564641744548287 0.6919781931464174 0.5539330218068534 0.6919781931464174 0.5449766355140186
0 0.7028816199376946 0.5292056074766355 0.7104750778816199 0.5233644859813084 0.7211838006230529 0.5309579439252335 0.7167056074766354 0.5414719626168224 0.7036604361370716 0.5401090342679127 0.7030763239875388 0.529789719626168
0 0.7205255681818181 0.5377604166666666 0.7285825545171338 0.536214953271028 0.7348130841121495 0.5453660436137071 0.7262461059190031 0.5521806853582554 0.7162642045454545 0.5465198863636364 0.720999053030303 0.5372869318181818
0 0.6368769470404984 0.555880062305296 0.6446651090342678 0.5486760124610591 0.6567367601246106 0.5549065420560747 0.6542056074766355 0.5661993769470404 0.6442757009345793 0.5702881619937694 0.634929906542056 0.5632788161993769
0 0.6512850467289719 0.5424454828660435 0.6586838006230529 0.5358255451713395 0.668613707165109 0.5416666666666665 0.6649143302180685 0.5527647975077881 0.6549844236760124 0.5523753894080996
0 0.6777647975077881 0.5085669781931463 0.6890576323987538 0.5033099688473519 0.6948987538940808 0.5130451713395638 0.6855529595015576 0.5186915887850466 0.6793224299065419 0.5134345794392523
0 0.7210081585081586 0.4583333333333333 0.726981351981352 0.4525058275058276 0.7358682983682984 0.453962703962704 0.738490675990676 0.46139277389277394 0.7322261072261073 0.46867715617715616 0.7210081585081586 0.46590909090909094
0 0.7439990942028986 0.39979619565217384 0.7528306159420289 0.3932291666666667 0.7641530797101449 0.39390851449275366 0.7709465579710145 0.40274003623188404 0.7680027173913043 0.41655344202898553 0.7569067028985508 0.4199501811594203 0.7462635869565216 0.41677989130434784 0.7421875 0.40930706521739124 0.7433197463768115 0.40024909420289856
0 0.7652853260869564 0.37466032608695654 0.7745697463768115 0.3669610507246377 0.7872509057971013 0.36967844202898553 0.7915534420289855 0.37783061594202894 0.7895153985507247 0.39051177536231885 0.777740036231884 0.39345561594202894 0.7659646739130435 0.3887001811594203 0.7655117753623188 0.37466032608695654 0.7655117753623188 0.37466032608695654
0 0.7881567028985508 0.35020380434782605 0.7991593567251463 0.341374269005848 0.8125000000000001 0.3483187134502924 0.8119338768115942 0.36265851449275366 0.7976973684210527 0.36750730994152053 0.7898391812865497 0.3614766081871345 0.7886096014492753 0.35020380434782605
0 0.7960824275362318 0.4276494565217392 0.804008152173913 0.4226675724637681 0.8151041666666665 0.4287817028985507 0.8137454710144928 0.43965126811594196 0.8071784420289855 0.4444067028985507 0.7972146739130435 0.4412364130434782 0.7922327898550724 0.43466938405797106 0.7951766304347826 0.42832880434782605
0 0.6499999999999999 0.6116987179487179 0.6525641025641025 0.6092948717948717 0.6564102564102563 0.6094551282051281 0.6565705128205128 0.6149038461538461 0.6532051282051282 0.616025641025641
0 0.6613782051282051 0.6036858974358974 0.6644230769230769 0.6012820512820511 0.6682692307692306 0.6030448717948718 0.6684294871794871 0.6068910256410256 0.6649038461538461 0.6092948717948717 0.6613782051282051 0.6080128205128205
0 0.657051282051282 0.6177156177156178 0.6602564102564104 0.6140734265734266 0.6655011655011656 0.6169871794871795 0.664918414918415 0.6213578088578089 0.6621503496503497 0.6232517482517482 0.6583624708624709 0.6225233100233101
0 0.6647727272727273 0.6247086247086248 0.6678321678321678 0.6213578088578089 0.6723484848484849 0.6222319347319347 0.6726398601398602 0.6266025641025641 0.6707459207459208 0.629516317016317 0.6663752913752914 0.6289335664335665
0 0.671474358974359 0.6127622377622378 0.6749708624708625 0.609411421911422 0.6796328671328672 0.6111596736596737 0.6794871794871795 0.6156759906759907 0.6755536130536131 0.6171328671328672 0.6720571095571096 0.615967365967366
0 0.680603448275862 0.5992816091954023 0.6830459770114943 0.5971264367816093 0.6876436781609195 0.5978448275862068 0.6886494252873563 0.6007183908045977 0.6886494252873563 0.6033045977011494 0.6862068965517242 0.6044540229885057 0.6831896551724138 0.605028735632184 0.6811781609195402 0.603735632183908
0 0.6860632183908045 0.5920977011494253 0.6887931034482758 0.5899425287356321 0.691235632183908 0.5897988505747126 0.6938218390804598 0.5913793103448276 0.6951149425287356 0.5945402298850575 0.6942528735632184 0.5966954022988505 0.6913793103448276 0.5981321839080459 0.6877873563218391 0.5975574712643679
0 0.6915229885057471 0.5846264367816092 0.6942528735632184 0.5798850574712643 0.7010057471264367 0.5820402298850574 0.7020114942528736 0.587212643678161 0.6975574712643678 0.5918103448275862 0.694683908045977 0.5896551724137932
0 0.6992816091954023 0.5754310344827587 0.7027298850574712 0.5719827586206896 0.7073275862068965 0.5739942528735632 0.7083333333333334 0.5808908045977011 0.7038793103448276 0.5817528735632184 0.6998563218390804 0.5800287356321839
0 0.7073275862068965 0.5668103448275862 0.710632183908046 0.5642241379310345 0.7158045977011495 0.5660919540229885 0.7165229885057471 0.5702586206896552 0.7127873563218391 0.5728448275862069 0.7068965517241379 0.5711206896551724
0 0.7130747126436782 0.5594827586206896 0.7162356321839081 0.5567528735632185 0.721551724137931 0.5576149425287357 0.7225574712643679 0.5626436781609195 0.7176724137931035 0.565948275862069 0.7137931034482758 0.5636494252873563
0 0.7646825396825395 0.48888888888888893 0.7700396825396826 0.48452380952380947 0.7777777777777778 0.4901315789473685 0.7757675438596491 0.4968932748538012 0.7697368421052632 0.49945175438596495 0.7653508771929824 0.495248538011696 0.7646825396825395 0.4890873015873016
0 0.432864010989011 0.6374198717948718 0.4379006410256411 0.6329555860805861 0.4475160256410257 0.6327266483516484 0.44911858974358976 0.6429143772893773 0.44282280219780223 0.6479510073260073 0.43252060439560436 0.6439445970695971
0 0.3954326923076923 0.6315819597069597 0.40218635531135527 0.6264308608058609 0.41065705128205127 0.629635989010989 0.41134386446886445 0.6393658424908425 0.40149954212454214 0.6429143772893773 0.39566163003663 0.6362751831501832
0 0.42040229885057473 0.5942528735632184 0.4260057471264368 0.589367816091954 0.43778735632183907 0.5890804597701149 0.4454022988505747 0.5997126436781609 0.4415229885057471 0.6112068965517241 0.4264367816091954 0.6169540229885058 0.41609195402298854 0.6027298850574713
0 0.3507183908045977 0.6179597701149425 0.3584770114942529 0.6125 0.36652298850574716 0.617816091954023 0.3652298850574713 0.6264367816091954 0.3574712643678161 0.6293103448275862 0.3505747126436782 0.6231321839080459
0 0.38204022988505754 0.5841954022988506 0.3920977011494253 0.5808908045977011 0.39827586206896554 0.5895114942528735 0.39117324561403505 0.5973135964912281 0.3828125 0.5941611842105263
0 0.4653735632183908 0.6043103448275863 0.46566091954022987 0.6132183908045977 0.47356321839080456 0.6176724137931034 0.480316091954023 0.6107758620689655 0.478735632183908 0.6030172413793103 0.46910919540229884 0.6008620689655172
0 0.4817528735632184 0.5834770114942529 0.4801724137931034 0.5923850574712644 0.48491379310344823 0.5991379310344828 0.49583333333333335 0.5988505747126437 0.5002873563218391 0.5889367816091954 0.4949712643678161 0.5790229885057471 0.4847701149425287 0.5785919540229885
0 0.5021551724137931 0.5666666666666667 0.5074712643678161 0.5636494252873563 0.5150862068965517 0.5676724137931034 0.5153735632183908 0.5754310344827587 0.5087643678160919 0.5797413793103448 0.5007183908045977 0.5762931034482759 0.49971264367816093 0.5699712643678161
0 0.45416666666666666 0.559051724137931 0.4619252873563218 0.5551724137931034 0.47313218390804596 0.5586206896551724 0.4772988505747126 0.5676724137931034 0.47543103448275864 0.5777298850574712 0.46336206896551724 0.584051724137931 0.44813218390804593 0.5735632183908046
0 0.41781609195402303 0.546264367816092 0.4252873563218391 0.5405172413793103 0.43433908045977004 0.543103448275862 0.43778735632183907 0.5515804597701149 0.4329022988505747 0.5616379310344828 0.4200932017543859 0.5597587719298246 0.41652298850574715 0.5505747126436781
0 0.5214080459770114 0.5454022988505747 0.5281609195402298 0.5429597701149426 0.5364942528735632 0.5482758620689655 0.5346264367816093 0.5576149425287357 0.5260057471264368 0.5600574712643678 0.5186781609195402 0.5541666666666667
0 0.4363505747126437 0.5265804597701149 0.4442528735632184 0.5225574712643678 0.4528735632183908 0.525 0.455603448275862 0.5339080459770115 0.4498563218390804 0.5418103448275863 0.43893678160919536 0.541235632183908 0.434051724137931 0.5337643678160919
0 0.48433908045977003 0.5288793103448276 0.4929597701149425 0.5244252873563218 0.5053160919540229 0.5288793103448276 0.5080459770114942 0.5399425287356322 0.5030172413793104 0.5488505747126436 0.4913793103448276 0.5520114942528735 0.48218390804597705 0.5451149425287357 0.4801724137931034 0.5379310344827586
0 0.45474137931034475 0.5081896551724138 0.4613505747126437 0.5028735632183908 0.4714080459770114 0.5054597701149426 0.47471264367816096 0.5142241379310345 0.46882183908045977 0.523132183908046 0.46048850574712646 0.5229885057471264 0.45373563218390806 0.5176724137931034
0 0.509051724137931 0.5123563218390804 0.5147988505747126 0.5080459770114942 0.5252873563218391 0.5109195402298851 0.5264367816091954 0.5192528735632184 0.5189655172413793 0.5252873563218391 0.5103448275862069 0.5211206896551723
0 0.3360745614035088 0.5631853070175439 0.3471765350877193 0.5564692982456141 0.35704495614035087 0.5601699561403509 0.3626644736842105 0.5685307017543859 0.3606085526315789 0.5785361842105263 0.3495065789473684 0.5860745614035088 0.3384046052631579 0.5823739035087719 0.33374451754385964 0.5723684210526316
0 0.36647135416666665 0.5391276041666667 0.3741536458333333 0.5331380208333333 0.3844401041666667 0.5373046875 0.3861328125 0.5470703125 0.3783203125 0.5547526041666667 0.3673828125 0.5514973958333333
0 0.39720052083333335 0.5110026041666667 0.4034505208333333 0.5052734375 0.4149088541666667 0.5074869791666666 0.4168619791666667 0.5176432291666667 0.4112630208333333 0.5257161458333334 0.4009765625 0.5244140625 0.39602864583333336 0.5152994791666666
0 0.3350911458333333 0.5082682291666667 0.3426432291666667 0.5020182291666667 0.35305989583333336 0.5022786458333334 0.35944010416666666 0.5094401041666666 0.36009114583333335 0.5186848958333333 0.3541015625 0.5275390625 0.3380859375 0.5275390625 0.3336588541666667 0.5167317708333333
0 0.3628875968992248 0.4811046511627907 0.3704780361757105 0.4754521963824289 0.38081395348837205 0.4785206718346254 0.38291343669250644 0.4883720930232558 0.37709948320413433 0.49531653746770027 0.36757105943152446 0.49660852713178294 0.3603036175710594 0.48724160206718353
0 0.3817829457364341 0.4605943152454781 0.39050387596899216 0.4551033591731266 0.4013242894056847 0.46333979328165376 0.39954780361757103 0.4752906976744186 0.39228036175710596 0.4777131782945737 0.38226744186046513 0.47496770025839796
0 0.3992248062015503 0.4428294573643411 0.4056847545219638 0.4378229974160207 0.4161821705426356 0.4394379844961241 0.41973514211886304 0.44961240310077516 0.413921188630491 0.458171834625323 0.39954780361757103 0.4560723514211887
0 0.3491602067183462 0.4416989664082687 0.3614341085271318 0.43814599483204136 0.3717700258397933 0.44186046511627913 0.37516149870801035 0.45671834625323 0.3653100775193798 0.46656976744186046 0.34883720930232553 0.4618863049095608 0.34479974160206717 0.4471899224806201
0 0.35448966408268734 0.4114987080103359 0.3628875968992248 0.40891472868217055 0.3706395348837209 0.41101421188630494 0.3737080103359173 0.42118863049095606 0.3669250645994832 0.42942506459948326 0.35448966408268734 0.4253875968992248
0 0.36789405684754517 0.38598191214470284 0.37532299741602065 0.38436692506459946 0.38275193798449614 0.3893733850129199 0.38291343669250644 0.39970930232558144 0.37451550387596894 0.4048772609819121 0.3646640826873384 0.4001937984496124 0.36385658914728686 0.3913113695090439
0 0.3906653746770026 0.39567183462532296 0.39728682170542634 0.39163436692506454 0.4066537467700258 0.397125322997416 0.4076227390180879 0.4063307493540051 0.39954780361757103 0.41262919896640826 0.3893733850129199 0.4066537467700258
0 0.4063307493540051 0.3659560723514212 0.4161821705426356 0.3617571059431524 0.42861757105943155 0.36950904392764855 0.42861757105943155 0.38436692506459946 0.4155361757105943 0.3911498708010336 0.4006782945736434 0.3832364341085271 0.40164728682170536 0.3722545219638243
0 0.3816214470284237 0.41989664082687334 0.3892118863049095 0.41472868217054265 0.39777131782945735 0.42054263565891475 0.3992248062015503 0.43055555555555564 0.3887273901808785 0.437015503875969 0.3785529715762274 0.42942506459948326
0 0.4171262254901962 0.4905024509803922 0.42187500000000006 0.4854473039215686 0.4309129901960784 0.4871323529411765 0.4352022058823529 0.4960171568627451 0.4316789215686274 0.5041360294117647 0.4214154411764707 0.5064338235294118 0.4149816176470589 0.5003063725490197
0 0.4341299019607843 0.4692095588235294 0.4399509803921569 0.4646139705882353 0.4494485294117647 0.4676776960784314 0.4541973039215686 0.479626225490196 0.4456188725490196 0.4882046568627451 0.4303002450980392 0.481311274509804
0 0.4768688725490196 0.4878982843137255 0.4739583333333333 0.4950980392156863 0.4787071078431373 0.5012254901960784 0.4862132352941177 0.5003063725490197 0.4909620098039216 0.4937193627450981 0.4862132352941177 0.4860600490196078
0 0.4342830882352941 0.40625000000000006 0.4408700980392157 0.4018075980392157 0.4518995098039216 0.40487132352941185 0.4557291666666667 0.41666666666666674 0.4471507352941177 0.42555147058823534 0.4342830882352941 0.4217218137254903 0.4315257352941177 0.4128370098039216
0 0.4692095588235294 0.37760416666666674 0.4756433823529412 0.37561274509803927 0.4808517156862745 0.38143382352941185 0.4776348039215686 0.3872549019607844 0.4702818627450981 0.38802083333333337 0.4678308823529412 0.38342524509803927
0 0.4469975490196078 0.3435968137254903 0.45327818627450983 0.3417585784313726 0.4580269607843137 0.3488051470588236 0.4555759803921569 0.35554534313725494 0.4479166666666667 0.3556985294117648 0.4443933823529412 0.35049019607843146
0 0.4730392156862745 0.3340992647058824 0.4787071078431373 0.33164828431372556 0.4846813725490196 0.33777573529411775 0.4814644607843137 0.34451593137254904 0.4731924019607843 0.34298406862745107 0.4704350490196078 0.3382352941176471 0.471813725490196 0.33563112745098045
0 0.3345238095238096 0.3610119047619048 0.3430059523809524 0.35476190476190483 0.3572916666666667 0.35997023809523815 0.3574404761904762 0.37366071428571435 0.34791666666666665 0.3805059523809524 0.33511904761904765 0.37604166666666666
0 0.359375 0.3375 0.36815476190476193 0.33184523809523814 0.38125 0.3395833333333334 0.38095238095238104 0.35342261904761907 0.3706845238095239 0.35833333333333334 0.35625 0.35089285714285723
0 0.49902647975077874 0.40868380062305293 0.5035046728971962 0.40381619937694696 0.513239875389408 0.4065420560747663 0.5151869158878504 0.4131619937694704 0.5114875389408099 0.4211448598130841 0.5011682242990654 0.42133956386292837 0.49727414330218056 0.4143302180685358 0.49902647975077874 0.40848909657320875
0 0.5303738317757009 0.37480529595015577 0.5272585669781931 0.3833722741433022 0.534657320872274 0.3915498442367601 0.5459501557632398 0.38434579439252337 0.5430295950155762 0.37285825545171336 0.536214953271028 0.3707165109034267
0 0.5064252336448597 0.36059190031152644 0.5130451713395638 0.35533489096573206 0.5220015576323986 0.3623442367601246 0.5169392523364486 0.37013239875389403 0.5081775700934579 0.36993769470404986 0.5070093457943924 0.3607866043613707
0 0.5383566978193145 0.5229750778816199 0.5451713395638629 0.5159657320872273 0.5545171339563862 0.517328660436137 0.5560747663551401 0.5276479750778816 0.5484813084112148 0.534657320872274 0.5377725856697819 0.5290109034267912
0 0.5303738317757009 0.4906542056074766 0.5403037383177569 0.4869548286604361 0.5457554517133956 0.4949376947040498 0.5434190031152647 0.5033099688473519 0.532126168224299 0.5056464174454828 0.5274532710280373 0.498442367601246
0 0.5704828660436136 0.47001557632398744 0.5782710280373832 0.4651479750778816 0.5889797507788161 0.4711838006230529 0.5883956386292835 0.48072429906542047 0.5774922118380061 0.4840342679127725 0.5695093457943924 0.47858255451713383
0 0.5938473520249221 0.4425623052959501 0.6035825545171338 0.44080996884735196 0.6100077881619936 0.4517133956386292 0.6028037383177569 0.4616433021806853 0.5893691588785046 0.45677570093457937 0.5876168224299064 0.4491822429906541
0 0.5463395638629284 0.4482087227414329 0.5568535825545171 0.4447040498442367 0.5648364485981308 0.4521028037383177 0.5638629283489096 0.46028037383177567 0.5517912772585669 0.46534267912772576 0.543613707165109 0.45891744548286595
0 0.5114875389408099 0.443341121495327 0.5235591900311526 0.4386682242990653 0.5317367601246106 0.4482087227414329 0.5276479750778816 0.45735981308411205 0.5181074766355139 0.46028037383177567 0.5105140186915887 0.4530763239875389
0 0.532126168224299 0.4156931464174454 0.5430295950155762 0.4096573208722741 0.5572429906542056 0.4147196261682243 0.5601635514018691 0.4295171339563862 0.5498442367601245 0.4404205607476635 0.5311526479750778 0.43633177570093457 0.5278426791277258 0.42445482866043616
0 0.5992990654205607 0.4010903426791277 0.6107866043613707 0.3977803738317757 0.6211059190031152 0.407904984423676 0.6197429906542056 0.42309190031152644 0.6065031152647975 0.4287383177570093 0.5917056074766355 0.41939252336448596 0.5924844236760124 0.4057632398753894
0 0.6303800366300366 0.3975503663003663 0.6413690476190476 0.3909111721611721 0.65625 0.39800824175824173 0.6530448717948718 0.414720695970696 0.6372481684981686 0.4181547619047619 0.6280906593406592 0.4076236263736263
0 0.6548281762097552 0.36247670458196773 0.6678776267592057 0.35537963498489816 0.6803728070175439 0.36494883040935683 0.6787280701754386 0.3793859649122807 0.6602704678362573 0.38559941520467844 0.6514985380116959 0.3698830409356726
0 0.6798305860805861 0.3329899267399267 0.6752518315018314 0.34374999999999994 0.6816620879120879 0.3503891941391941 0.6924221611721612 0.341231684981685
0 0.6951694139194139 0.33001373626373626 0.6965430402930401 0.33985805860805857 0.7068452380952381 0.34260531135531136 0.711881868131868 0.3320741758241758 0.7027243589743589 0.32520604395604397
0 0.9263117283950618 0.25064300411522644 0.9358281893004115 0.24344135802469138 0.9417438271604939 0.2545010288065844 0.9360853909465021 0.2599022633744857 0.9296553497942387 0.2599022633744857
0 0.9275977366255145 0.22620884773662558 0.935570987654321 0.22286522633744862 0.9425154320987654 0.22852366255144033 0.9404578189300412 0.23623971193415647 0.9332561728395061 0.23906893004115232 0.928369341563786 0.23521090534979427
0 0.9005915637860082 0.2593878600823046 0.9126800411522633 0.25681584362139925 0.9175668724279834 0.2689043209876543 0.9072788065843622 0.27199074074074076 0.9011059670781892 0.26684670781893005
0 0.8973471487360378 0.3006760728982952 0.9104644326866552 0.2960464432686656 0.9140652557319225 0.3099353321575544 0.902233980011758 0.31199294532627875
0 0.891332304526749 0.2802211934156379 0.9003343621399176 0.277391975308642 0.9057355967078189 0.2881944444444445 0.8977623456790124 0.29230967078189307 0.8910751028806584 0.2879372427983539
0 0.8771862139917694 0.2887088477366256 0.8872170781893004 0.284593621399177 0.8944187242798355 0.29153806584362146 0.8903034979423868 0.2987397119341564 0.8818158436213992 0.2987397119341564
0 0.8722993827160492 0.2755915637860083 0.8833590534979424 0.2712191358024692 0.8861882716049382 0.2848508230452675 0.8738425925925926 0.28613683127572015
0 0.8368055555555556 0.273019547325103 0.8332047325102881 0.27944958847736634 0.8362911522633745 0.28510802469135804 0.8468364197530864 0.28202160493827166 0.84375 0.27430555555555564
0 0.8221450617283951 0.2727623456790124 0.8185442386831276 0.2825360082304528 0.8293467078189299 0.28510802469135804 0.8332047325102881 0.2755915637860083
0 0.7336829836829838 0.4944638694638695 0.7386363636363636 0.49125874125874125 0.7450466200466201 0.4947552447552448 0.743006993006993 0.5011655011655012 0.7365967365967366 0.5026223776223777 0.7338286713286714 0.4989801864801865
0 0.743006993006993 0.5033508158508159 0.7470862470862472 0.4997086247086247 0.7532051282051283 0.5004370629370629 0.7532051282051283 0.506993006993007 0.7476689976689976 0.5106351981351981 0.7422785547785549 0.5077214452214452
0 0.7517482517482518 0.5099067599067599 0.7568473193473194 0.5061188811188811 0.7616550116550117 0.5125291375291375 0.7567016317016317 0.5163170163170163 0.7523310023310024 0.5142773892773893
0 0.690413752913753 0.2948717948717949 0.696532634032634 0.2897727272727273 0.7027972027972028 0.29239510489510495 0.7033799533799534 0.29938811188811193 0.6975524475524476 0.30259324009324007 0.6909965034965035 0.300990675990676 0.6901223776223777 0.29472610722610726
0 0.8006993006993008 0.40792540792540793 0.8030303030303031 0.40384615384615385 0.8091491841491841 0.40472027972027974 0.8114801864801865 0.4108391608391609 0.805506993006993 0.4147727272727273 0.7999708624708626 0.4125874125874126
0 0.824446386946387 0.4006410256410257 0.8299825174825175 0.39976689976689983 0.8321678321678322 0.40311771561771564 0.8315850815850816 0.40705128205128205 0.8264860139860141 0.40734265734265734 0.8238636363636365 0.40486596736596736
0 0.8326048951048951 0.3901515151515152 0.8382867132867132 0.3885489510489511 0.8423659673659675 0.3937937062937063 0.8368298368298368 0.3968531468531468 0.8324592074592074 0.3936480186480187
0 0.817785303776683 0.3813115763546799 0.8233569591328215 0.3763872621631242 0.8271243842364532 0.38079844006568153 0.8229166666666665 0.385314039408867
0 0.6131436314363143 0.3584010840108401 0.6192411924119241 0.3551829268292683 0.6231368563685636 0.3597560975609756 0.6205962059620596 0.36399051490514905 0.6153455284552846 0.3636517615176152
0 0.6233062330623306 0.34637533875338755 0.6285569105691057 0.34129403794037944 0.6351626016260162 0.34586720867208676 0.6326219512195121 0.35128726287262874 0.6285569105691057 0.35382791327913277 0.6244918699186992 0.3519647696476965
0 0.6065379403794037 0.32740514905149054 0.6104336043360433 0.32266260162601623 0.6161924119241192 0.32621951219512196 0.6129742547425474 0.3319783197831978 0.6085704607046071 0.3319783197831978
0 0.5269927536231884 0.9068840579710143 0.5331521739130435 0.9021739130434782 0.5403985507246377 0.9063405797101448 0.5376811594202898 0.9128623188405796 0.5313405797101449 0.9155797101449274 0.5264492753623189 0.9108695652173913
0 0.4994565217391304 0.9407608695652173 0.5036231884057971 0.9367753623188404 0.5092391304347826 0.9378623188405796 0.5125 0.9451086956521738 0.5083333333333333 0.9496376811594203 0.5 0.9481884057971015 0.49782608695652175 0.9445652173913044
