0 0.5262027491408935 0.9314862542955327 0.531786941580756 0.9261168384879725 0.5399484536082475 0.9312714776632303 0.5378006872852233 0.9394329896907216 0.5264175257731959 0.9383591065292097
0 0.5425257731958762 0.9117268041237114 0.5478951890034365 0.9063573883161513 0.554553264604811 0.910438144329897 0.5536941580756014 0.9185996563573883 0.5429553264604812 0.918384879725086
0 0.55908203125 0.8907877604166666 0.5643988715277778 0.8859049479166666 0.5714518229166666 0.8898111979166666 0.571017795138889 0.8975151909722223 0.5623372395833334 0.900119357638889 0.558322482638889 0.895236545138889
0 0.5754665798611112 0.8710394965277779 0.5792643229166666 0.8662651909722223 0.58740234375 0.8681098090277779 0.588595920138889 0.8761393229166666 0.5796983506944445 0.87939453125 0.5755750868055556 0.8761393229166666
0 0.5923936631944445 0.8499891493055556 0.5966254340277778 0.8462999131944445 0.6037868923611112 0.84814453125 0.6047634548611112 0.8538953993055556 0.59912109375 0.859103732638889 0.592502170138889 0.8556315104166666
0 0.5474717881944445 0.8596462673611113 0.5537651909722223 0.8553059895833334 0.5616861979166666 0.8583441840277779 0.56201171875 0.8663736979166666 0.5538736979166666 0.8709309895833334 0.5477973090277778 0.8663736979166666
0 0.5257703993055556 0.8879665798611113 0.5318467881944445 0.8834092881944445 0.5398763020833334 0.8868815104166666 0.53857421875 0.89501953125 0.5283745659722223 0.8967556423611113
0 0.5037434895833334 0.9154188368055556 0.5079752604166666 0.9094509548611113 0.5165473090277778 0.9101019965277779 0.5204535590277778 0.9187825520833334 0.51416015625 0.92431640625 0.505588107638889 0.9224717881944445
0 0.6139248084291188 0.8234554597701149 0.6177562260536398 0.8178280651340996 0.628412356321839 0.8193845785440612 0.6306872605363985 0.8288433908045977 0.6208692528735633 0.8356681034482759 0.6126077586206896 0.8305196360153257
0 0.6353568007662835 0.7944803639846744 0.6413433908045977 0.7888529693486591 0.6514008620689655 0.794719827586207 0.6512811302681992 0.8042983716475095 0.6379909003831418 0.8060943486590039 0.6335608237547893 0.8003472222222223
0 0.5919384057971014 0.8057065217391305 0.5972725442834139 0.7999698067632851 0.6049214975845412 0.8023852657004832 0.6072363123993559 0.8110406602254429 0.5978764090177134 0.8163747987117552 0.5918377616747182 0.811443236714976
0 0.6161936392914654 0.7774255233494365 0.6205213365539453 0.7740036231884059 0.6274657809983898 0.7765197262479872 0.628371578099839 0.7831622383252819 0.6221316425120773 0.7873892914653786 0.6149859098228664 0.783564814814815
0 0.47720959595959606 0.8943813131313131 0.4820075757575758 0.8890782828282827 0.4885732323232324 0.8912247474747473 0.4905934343434344 0.8982954545454543 0.48503787878787885 0.9027146464646465 0.4791035353535354 0.9006944444444444
0 0.4986742424242425 0.8650883838383837 0.5044823232323232 0.8596590909090909 0.5121843434343435 0.8631944444444444 0.5140782828282828 0.8712752525252525 0.5042297979797981 0.8767045454545455 0.49766414141414145 0.8726641414141413
0 0.52114898989899 0.8378156565656566 0.5298611111111111 0.8333964646464647 0.5350378787878789 0.8399621212121211 0.5331439393939393 0.8458964646464647 0.5246843434343434 0.8474116161616162 0.5208964646464647 0.8434974747474747
0 0.5645424836601307 0.7854030501089325 0.5683551198257081 0.778730936819172 0.576661220043573 0.7783224400871459 0.5810185185185185 0.7858115468409586 0.5772058823529411 0.7933006535947713 0.5659041394335511 0.7919389978213508
0 0.5874183006535948 0.7563997821350763 0.5928649237472766 0.75 0.6006263616557734 0.7532679738562091 0.60239651416122 0.7615740740740741 0.5943627450980392 0.7662037037037037 0.5872821350762527 0.7622549019607843
0 0.4703159041394336 0.8469498910675382 0.47263071895424835 0.8402777777777777 0.4790305010893246 0.8379629629629629 0.4873366013071895 0.8423202614379085 0.485702614379085 0.8515795206971677 0.4754901960784314 0.8544389978213508
0 0.4252450980392157 0.8510348583877995 0.42973856209150324 0.8468137254901962 0.43736383442265797 0.8488562091503267 0.4388616557734205 0.8559368191721133 0.4335511982570806 0.8604302832244008 0.42660675381263613 0.8577069716775599
0 0.49455705705705705 0.8165352852852853 0.49821696696696693 0.8118430930930932 0.5056306306306306 0.8135322822822822 0.5082582582582583 0.8198198198198198 0.5032845345345346 0.8250750750750752 0.49408783783783783 0.8228228228228228
0 0.516701582867784 0.7903282122905029 0.5187965549348231 0.7852071694599628 0.5270600558659218 0.7847416201117318 0.529969739292365 0.7927723463687151 0.5229864990689013 0.7982425512104282 0.5164688081936686 0.7947509310986964
0 0.4921085858585859 0.7695075757575758 0.4962752525252526 0.7644570707070707 0.5038510101010101 0.765719696969697 0.5063762626262627 0.774179292929293 0.4979166666666667 0.7787247474747474 0.4919823232323232 0.7759469696969696 0.4916035353535354 0.7693813131313131
0 0.47039141414141417 0.7969065656565657 0.4740530303030303 0.7919823232323232 0.48263888888888895 0.7942550505050505 0.48301767676767676 0.8027146464646465 0.4714015151515152 0.8048611111111111
0 0.4473710317460317 0.8256448412698413 0.4502480158730159 0.8206845238095238 0.4581845238095238 0.8199900793650792 0.461656746031746 0.8278273809523808 0.4555059523809523 0.8328869047619047 0.4480654761904761 0.8302083333333332
0 0.4009186351706037 0.8321850393700788 0.40419947506561676 0.8270997375328085 0.4133858267716535 0.827755905511811 0.4145341207349081 0.8375984251968503 0.4053477690288714 0.8400590551181102 0.3997703412073491 0.8353018372703411
0 0.4181430446194226 0.8090551181102362 0.4240485564304462 0.8039698162729659 0.4329068241469816 0.8083989501312335 0.4311023622047244 0.8162729658792652 0.4192913385826772 0.8170931758530184
0 0.4356441570881226 0.7868175287356322 0.43983477011494254 0.7817887931034483 0.447617337164751 0.782986111111111 0.4509698275862069 0.7913673371647509 0.44306752873563215 0.7974736590038314 0.43528496168582376 0.7925646551724138
0 0.4540828544061302 0.7650263409961686 0.45911159003831414 0.7597581417624522 0.4672533524904215 0.7629909003831418 0.46713362068965514 0.7713721264367815 0.4571958812260537 0.7743654214559388 0.45336446360153254 0.7707734674329502
0 0.47212683150183155 0.7435325091575092 0.47613324175824173 0.7396405677655677 0.48345924908424914 0.7402129120879121 0.4854052197802198 0.7475389194139194 0.47991071428571425 0.7521176739926739 0.4707532051282052 0.7494848901098902
0 0.4896405677655678 0.721783424908425 0.49456272893772896 0.7166323260073261 0.5032623626373627 0.7196085164835165 0.503033424908425 0.7275068681318682 0.49433379120879123 0.7312843406593407 0.488610347985348 0.7270489926739927
0 0.4897186147186147 0.6634199134199134 0.49540043290043284 0.6586850649350648 0.5029761904761905 0.6638257575757575 0.5 0.672077922077922 0.48863636363636365 0.6700487012987012
0 0.4765963203463203 0.6523268398268397 0.4830898268398268 0.6481331168831168 0.48904220779220775 0.6525974025974025 0.4880952380952381 0.660443722943723 0.4771374458874459 0.6603084415584416
0 0.3642769607843137 0.8498161764705882 0.3715073529411764 0.8427083333333333 0.3814338235294118 0.8474877450980393 0.3816789215686274 0.8581495098039216 0.36685049019607846 0.8613357843137254
0 0.3391544117647059 0.8800857843137254 0.3479779411764705 0.8731004901960785 0.3563112745098039 0.8753063725490196 0.35962009803921563 0.8847426470588236 0.3506740196078431 0.8911151960784313 0.33988970588235295 0.8870710784313726
0 0.35618872549019603 0.8920955882352941 0.361703431372549 0.885968137254902 0.37052696078431374 0.8879289215686275 0.37310049019607844 0.8973651960784313 0.362438725490196 0.9020220588235295 0.3563112745098039 0.8971200980392157
0 0.3452818627450981 0.9060661764705882 0.35055147058823527 0.9004289215686274 0.35827205882352936 0.9021446078431372 0.3621936274509804 0.9099877450980393 0.355453431372549 0.9155024509803921 0.34564950980392156 0.9137867647058823
0 0.3602328431372549 0.9175857843137254 0.3667279411764705 0.9124387254901961 0.3734681372549019 0.9153799019607843 0.37518382352941176 0.9228553921568629 0.36501225490196076 0.9271446078431372 0.3599877450980392 0.9234681372549021
0 0.3700367647058823 0.9037377450980393 0.37640931372549014 0.898468137254902 0.3853553921568627 0.8990808823529413 0.38707107843137256 0.9074142156862746 0.3805759803921568 0.9129289215686275 0.3710171568627451 0.9108455882352942
0 0.26771593673965943 0.9726277372262774 0.2727341849148419 0.9673053527980535 0.28086982968369834 0.9682937956204379 0.28444343065693434 0.9745285888077859 0.2813260340632604 0.9800790754257908 0.2723540145985402 0.9824361313868611 0.26741180048661806 0.9758972019464719
0 0.2833789537712895 0.9832725060827251 0.2871046228710462 0.9796228710462287 0.29394768856447695 0.9795468369829683 0.2997262773722629 0.9848692214111922 0.2975212895377129 0.9904197080291971 0.29037408759124095 0.9935371046228709 0.28360705596107055 0.9907238442822384
0 0.29409975669099764 0.9686739659367396 0.30010644768856454 0.9646441605839415 0.30580900243309 0.9660127737226277 0.30968673965936744 0.9688260340632602 0.30961070559610715 0.9756690997566909 0.3005626520681266 0.97992700729927 0.29341545012165454 0.9730839416058393
0 0.5930103550295858 0.69409516765286 0.5963387573964496 0.6897805719921105 0.6039817554240631 0.6912598619329388 0.6058308678500987 0.6986563116370809 0.6010231755424065 0.7030941814595661 0.5920241617357003 0.7009985207100592
0 0.6197608481262328 0.7176405325443788 0.6240754437869822 0.712586291913215 0.6319649901380672 0.7140655818540435 0.6333210059171597 0.7207223865877713 0.627034023668639 0.7263929980276135 0.6192677514792899 0.722448224852071
0 0.647990631163708 0.7383505917159764 0.6516888560157791 0.7348989151873767 0.6593318540433925 0.736008382642998 0.6608111439842209 0.7427884615384616 0.65625 0.747596153846154 0.6478673570019724 0.745870315581854
0 0.6371425049309665 0.6719058185404339 0.6426898422090731 0.6668515779092703 0.6523052268244576 0.66857741617357 0.6556336291913215 0.6779462524654832 0.6473742603550297 0.6846030571992111 0.637389053254438 0.6810281065088757
0 0.6754298941798942 0.6496362433862434 0.6803902116402116 0.6416997354497355 0.6932870370370371 0.6463293650793651 0.6926256613756614 0.6555886243386244 0.6770833333333334 0.6608796296296297
0 0.6588955026455027 0.6364087301587302 0.6661706349206349 0.6307870370370371 0.6750992063492064 0.6327711640211641 0.6750992063492064 0.6383928571428571 0.673776455026455 0.6469907407407408 0.662202380952381 0.644675925925926
0 0.6457720588235294 0.6233455882352941 0.6510416666666666 0.6181985294117648 0.6569240196078431 0.6199142156862745 0.6608455882352942 0.6261642156862745 0.6568014705882352 0.6318014705882352 0.6469975490196078 0.6321691176470589 0.6446691176470588 0.625796568627451
0 0.6740808823529412 0.618811274509804 0.6784926470588236 0.6148897058823529 0.6864583333333333 0.616360294117647 0.6893995098039215 0.6235906862745098 0.6842524509803922 0.6294730392156863 0.6750612745098039 0.6288602941176471 0.6719975490196078 0.6216299019607844
0 0.657986111111111 0.6068497474747475 0.6642992424242423 0.6016414141414141 0.6728219696969696 0.6044823232323231 0.6731376262626263 0.6147411616161617 0.665246212121212 0.618371212121212 0.6581439393939393 0.6142676767676767 0.6575126262626263 0.6052714646464646
0 0.7044101731601731 0.6129599567099566 0.7084686147186148 0.6101190476190476 0.7150974025974025 0.6113365800865801 0.716314935064935 0.619047619047619 0.7119859307359306 0.6222943722943722 0.7034632034632033 0.6202651515151515
0 0.7202380952380952 0.5944264069264069 0.7252435064935064 0.5918560606060607 0.7307900432900433 0.5963203463203463 0.7284902597402597 0.6037608225108225 0.71875 0.603219696969697 0.7164502164502164 0.597943722943723
0 0.6300071530758226 0.6052396280400572 0.6342095851216022 0.6013054363376252 0.6430615164520744 0.6024678111587982 0.6466380543633762 0.610783261802575 0.6392167381974249 0.617310443490701 0.6291130185979971 0.6148962804005722 0.6294706723891274 0.6060443490701001
0 0.7139008620689655 0.663014846743295 0.7160560344827587 0.6607399425287357 0.7186576809453471 0.6607736336779911 0.7196116445100936 0.662189192516002 0.7201040128015755 0.6641278926637125 0.7185961349089118 0.6654819054652881 0.7152726489414082 0.6658204086656819
0 0.7186255688282138 0.65744098407281 0.7201898464163822 0.6556633959044369 0.7230339874857793 0.655521188850967 0.7244916097838453 0.6584719852104665 0.7229984357224118 0.6604984357224118 0.7198343287827076 0.6606050910125142 0.7185900170648464 0.6589697098976108
0 0.7129017349260522 0.65267704778157 0.7142882536973834 0.6511127701934016 0.7166702218430034 0.6511127701934016 0.7185189135381115 0.6528192548350398 0.7185544653014789 0.6545612912400455 0.715568117178612 0.6563388794084186 0.7134350113765642 0.6557700511945392
0 0.7169901877133106 0.6474509385665528 0.7185544653014789 0.6458511092150171 0.7215763651877133 0.6458511092150171 0.7226429180887372 0.6485530432309442 0.7217185722411832 0.6505794937428897 0.7181278441410693 0.6508283560864618 0.7167057736063708 0.6486952502844141
0 0.7226429180887372 0.6528192548350398 0.7236028156996587 0.6508283560864618 0.7256648179749715 0.6501884243458474 0.7275490614334471 0.6508283560864618 0.7285800625711035 0.6530325654152446 0.7278334755403868 0.6551656712172923 0.7247404721274174 0.655912258248009 0.7226073663253697 0.6543124288964732
0 0.7270686619718308 0.6471097417840376 0.7272153755868545 0.6488996478873239 0.7284477699530515 0.6504841549295773 0.7309419014084506 0.650425469483568 0.7327611502347418 0.6484595070422534 0.7323796948356807 0.6464055164319249 0.7302963615023473 0.6451731220657276 0.727831572769953 0.6457012910798121
0 0.7209239130434784 0.6421557971014493 0.722626811594203 0.6407427536231884 0.7248369565217392 0.6403079710144928 0.7267572463768116 0.6422644927536232 0.7261775362318841 0.6449818840579711 0.723786231884058 0.6459963768115943 0.72125 0.6448007246376811
0 0.7313059505002633 0.6413572933122696 0.7313059505002633 0.6435294892048447 0.7327869931542917 0.645240916271722 0.7361769352290679 0.6449447077409163 0.7369339125855713 0.6421471827277514 0.735057925223802 0.6401724591890469 0.7320300157977883 0.6402053712480253
0 0.7256450763559769 0.636255924170616 0.7253488678251712 0.6383622959452343 0.726467877830437 0.640337019483939 0.7305160610847814 0.6401724591890469 0.7308451816745656 0.6369799894681412 0.7285742496050553 0.6350710900473934
0 0.7295616113744076 0.6324052132701421 0.7297919957872565 0.6338533438651922 0.7313059505002633 0.6354331226961559 0.7340376513954713 0.6350710900473934 0.7354857819905214 0.632635597682991 0.7335768825697735 0.6298709847288047 0.7302527646129542 0.6304304897314376
0 0.7359601449275363 0.6358514492753624 0.7353804347826087 0.637663043478261 0.7360688405797102 0.6400181159420291 0.7392210144927537 0.6404166666666666 0.7413586956521739 0.6378442028985507 0.7396920289855072 0.6346557971014493
0 0.7390974246841593 0.6313471817298347 0.7416484450923225 0.6295250242954324 0.7451712827988337 0.6308612730806608 0.7452927599611272 0.6338982021379981 0.7418306608357629 0.6352951895043731 0.73964407191448 0.6341411564625851
0 0.7337524295432458 0.6269132653061223 0.7350279397473275 0.625334062196307 0.7377004373177842 0.6252125850340136 0.7393403790087464 0.6269740038872692 0.7393403790087464 0.6290998542274052 0.7373360058309038 0.6302538872691934 0.7343598153547133 0.6299501943634597
0 0.737761175898931 0.6216897473275024 0.739401117589893 0.6202320213799806 0.7418913994169096 0.6199890670553936 0.7435920796890184 0.6218719630709427 0.7437135568513119 0.6239370748299319 0.7415877065111759 0.625577016520894 0.7387937317784257 0.6249696307094267
0 0.7438470179738562 0.6261999591503268 0.7448171977124183 0.6247702205882353 0.7470639297385621 0.6247191584967321 0.7493617238562091 0.6262510212418301 0.7497702205882353 0.6290594362745099 0.7473703022875817 0.6303359885620915 0.7445618872549019 0.6297232434640523 0.7434385212418301 0.6279871323529411
0 0.7418555964052287 0.6157832924836601 0.7435406454248367 0.6137408088235293 0.7471149918300654 0.6134854983660131 0.7491574754901961 0.6162939133986928 0.7475234885620915 0.6202767565359477 0.7419066584967321 0.6195618872549019
0 0.7472681781045751 0.6088899101307189 0.7492085375816994 0.6073069852941176 0.7521701388888888 0.6078686683006536 0.7542636846405228 0.6105749591503268 0.7532935049019608 0.6131791258169934 0.7505872140522876 0.6144556781045751 0.7469107434640523 0.6132301879084968
0 0.7478181306306306 0.6209412537537538 0.7489911786786787 0.619064376876877 0.7515718843843845 0.6183605480480481 0.7535895270270271 0.6199089714714716 0.7542933558558559 0.6224427552552553 0.7529795420420421 0.623850412912913 0.7492727102102102 0.6242727102102102 0.7479119744744746 0.6219735360360361
0 0.7528856981981983 0.6143252627627628 0.7528856981981983 0.6164367492492493 0.754199512012012 0.6185482357357358 0.7563109984984986 0.6188297672672673 0.7586570945945946 0.6182667042042043 0.7597362987987989 0.6156390765765767 0.7598770645645646 0.6137621996996997 0.7564048423423424 0.6119322447447447 0.7546687312312313 0.6122137762762764
0 0.6512177938808374 0.5249094202898551 0.6500100644122384 0.529639694041868 0.6526268115942029 0.5341686795491143 0.6597725442834139 0.5338667471819647 0.6607789855072465 0.5255132850241546
0 0.6385366344605475 0.5153482286634461 0.6369263285024155 0.5189714170692432 0.6401469404186796 0.5236010466988728 0.6485004025764897 0.5205817230273753 0.6444746376811594 0.5126308373590983 0.638737922705314 0.5142411433172303
0 0.626761272141707 0.5052838164251209 0.6258554750402577 0.5097121578099839 0.628774154589372 0.5144424315619968 0.6361211755233495 0.5106179549114332 0.6341082930756844 0.5032709339774558
0 0.6445752818035427 0.5073973429951691 0.6453804347826088 0.511725040257649 0.6491042673107891 0.5144424315619968 0.6545390499194848 0.5101147342995169 0.6508152173913043 0.5030696457326892
0 0.6526268115942029 0.49763486312399363 0.6537338969404187 0.5019625603864735 0.6585648148148149 0.5040760869565217 0.6622886473429952 0.5006541867954912 0.6614834943639292 0.49421296296296297 0.6556461352657005 0.4943136070853462
0 0.654639694041868 0.5112218196457327 0.6521235909822867 0.5144424315619968 0.654639694041868 0.5178643317230274 0.6585648148148149 0.5162540257648953 0.6589673913043479 0.5134359903381642
0 0.6568538647342996 0.507296698872786 0.6565519323671498 0.5099134460547504 0.6580615942028987 0.512530193236715 0.6609802737520128 0.5123289049919485 0.6623892914653785 0.5103160225442834 0.661785426731079 0.5074979871175523
0 0.6631722577209798 0.5124134717784878 0.6625066560170394 0.5143437167199149 0.66350505857295 0.516340521831736 0.6661009052183174 0.5168064430244942 0.6682973908413206 0.5148761980830672 0.6669661874334398 0.5116147497337593
0 0.6667665069222577 0.5086195420660277 0.6673655484558041 0.511215388711395 0.6696951544195954 0.5117478700745474 0.672823482428115 0.5100838658146964 0.6717585197018104 0.5068889776357828 0.6688964323748668 0.5056908945686901 0.6666333865814696 0.5074880191693291
0 0.6621072949946752 0.5020300851970182 0.6608426517571886 0.5037606496272631 0.6615082534611288 0.5064230564430244 0.663771299254526 0.5072883386581469 0.6665668264110756 0.5056908945686901 0.6664337060702875 0.501763844515442 0.663571618743344 0.5012313631522897
0 0.6293290043290043 0.4771374458874459 0.6328463203463203 0.474025974025974 0.6392045454545454 0.4774080086580086 0.6382575757575757 0.4832251082251082 0.6325757575757575 0.4851190476190476 0.6281114718614719 0.48214285714285715
0 0.6132305194805194 0.49756493506493504 0.6178300865800866 0.4935064935064935 0.6239177489177489 0.49621212121212116 0.6216179653679653 0.503517316017316 0.613095238095238 0.5037878787878788
0 0.5894354043392506 0.47442061143984215 0.5877095660749506 0.4795981262327416 0.5925172583826431 0.4834196252465483 0.5980645956607495 0.4816937869822486 0.5989275147928995 0.47676282051282043 0.5944896449704142 0.47269477317554237
0 0.595845660749507 0.4657914201183432 0.5955991124260355 0.4715853057199212 0.599913708086785 0.474543885601578 0.6050912228796844 0.4719551282051282 0.6053377712031558 0.4664077909270217 0.6017628205128205 0.4636957593688364
0 0.6206237672583826 0.46357248520710054 0.6165557199211046 0.46665433925049304 0.617172090729783 0.47244822485207105 0.6222263313609467 0.47442061143984215 0.6262943786982248 0.4702292899408284 0.6264176528599605 0.46764053254437876 0.623335798816568 0.4636957593688364 0.620500493096647 0.46344921104536485
0 0.5841346153846154 0.45531311637080873 0.5826553254437871 0.4602440828402367 0.5858604536489153 0.46455867850098626 0.5925172583826431 0.4617233727810651 0.5927638067061145 0.45531311637080873 0.5868466469428008 0.4535872781065088 0.5842578895463512 0.4551898422090731
0 0.5918337264150944 0.5337558962264151 0.5894752358490566 0.5365074685534591 0.590752751572327 0.539750393081761 0.5945852987421384 0.5391607704402516 0.5961576257861635 0.5372936320754718 0.5954697327044025 0.5341489779874213
0 0.5948801100628931 0.5294319968553459 0.5942904874213836 0.5320852987421384 0.5963541666666666 0.5342472484276729 0.598810927672956 0.5333628144654088 0.6001867138364779 0.531692216981132 0.6003832547169811 0.5285475628930817 0.5972386006289307 0.5283510220125787
0 0.5902613993710691 0.5256977201257862 0.5890821540880502 0.5283510220125787 0.5905562106918238 0.5299233490566038 0.5939956761006289 0.5298250786163522 0.5951749213836478 0.5272700471698113 0.5952731918238993 0.5252063679245282 0.593504323899371 0.5245184748427673
0 0.5864288522012578 0.53031643081761 0.5847582547169811 0.5326749213836478 0.5857409591194969 0.5352299528301886 0.5897700471698113 0.5350334119496856 0.5910475628930817 0.5317904874213836 0.5884925314465409 0.5302181603773585
0 0.5805326257861635 0.5258942610062893 0.57905856918239 0.5279579402515723 0.5800412735849056 0.5308077830188679 0.5819084119496855 0.5324783805031447 0.5851513364779874 0.531004323899371 0.5857409591194969 0.5262873427672955
0 0.5848565251572326 0.5214720911949685 0.5844634433962264 0.5234375 0.5862323113207547 0.5254029088050315 0.5879029088050315 0.5255994496855345 0.590064858490566 0.5231426886792453 0.5888856132075472 0.520685927672956
0 0.5602022058823529 0.4359681372549019 0.5586703431372548 0.4378063725490196 0.5590533088235293 0.4404105392156863 0.5630361519607844 0.4411764705882353 0.5651807598039216 0.4381127450980392
0 0.5631893382352942 0.4313725490196078 0.5620404411764707 0.4334405637254902 0.5628063725490197 0.4354319852941177 0.5663296568627452 0.4365808823529412 0.5686274509803921 0.4339767156862745 0.5667892156862745 0.4306832107843137
0 0.9033811475409836 0.4236680327868853 0.9022199453551913 0.4267418032786885 0.9033811475409836 0.43056693989071043 0.9071379781420766 0.43152322404371585 0.9113729508196722 0.42926912568306014 0.9106215846994536 0.42414617486338796 0.9059767759562841 0.4220969945355192
0 0.9085040983606558 0.417042349726776 0.9082308743169399 0.4200478142076503 0.9096653005464481 0.4229166666666667 0.9148565573770492 0.4240778688524591 0.9172472677595628 0.42011612021857925 0.9156079234972677 0.4161543715846995 0.9108265027322405 0.41519808743169406
0 0.918954918032787 0.4193647540983607 0.9174521857923498 0.4220969945355192 0.9199112021857925 0.4251024590163935 0.9239412568306011 0.42476092896174866 0.9246926229508197 0.4210040983606558 0.922438524590164 0.41820355191256836
0 0.9227618679050568 0.4141189370485036 0.922374871001032 0.41650541795665635 0.9245033539731683 0.41998839009287925 0.9283088235294118 0.41824690402476783 0.9293408152734778 0.4141189370485036 0.9265028379772963 0.4128934468524252
0 0.9159249226006193 0.40792698658410737 0.9144414344685242 0.4110229618163055 0.9148929308565531 0.41457043343653255 0.9183114035087718 0.41669891640866874 0.9222458720330237 0.4151509287925697 0.9237293601651188 0.41044246646026833 0.9200528895768834 0.4076689886480908
0 0.8950915892672859 0.4196013931888545 0.894640092879257 0.4226973684210527 0.8980585655314758 0.4255353457172343 0.9025090299277607 0.42263286893704854 0.9000580495356038 0.41824690402476783 0.8958655830753355 0.41785990712074306
0 0.8994775541795665 0.4139899380804954 0.899671052631579 0.4170859133126935 0.9022510319917441 0.41998839009287925 0.9068949948400412 0.4174729102167183 0.90625 0.41508642930856554 0.9030895252837977 0.41160345717234265
0 0.9039592978395061 0.40844425154320985 0.9066599151234567 0.40675636574074064 0.9090229552469136 0.40757619598765427 0.9113377700617282 0.41022858796296297 0.9092158564814813 0.41360435956790115 0.9058400848765431 0.414038387345679 0.9033323688271605 0.41104841820987653
0 0.9085407021604939 0.40313946759259256 0.9109037422839505 0.40145158179012347 0.9144241898148147 0.402319637345679 0.9156298225308641 0.40603298611111105 0.9122540509259259 0.4091194058641975 0.9105179398148147 0.4087336033950617 0.9072868441358023 0.4058400848765432
0 0.8862153887113952 0.41044329073482433 0.8852169861554845 0.4129060170394036 0.8862819488817892 0.4162340255591054 0.8912739616613419 0.41669994675186367 0.8924054845580404 0.4130391373801917 0.8892771565495209 0.4093117678381257
0 0.8902089989350372 0.406316560170394 0.889743077742279 0.4091786474973376 0.8925386048988285 0.4118410543130991 0.8964656549520768 0.40984424920127793 0.8961328541001066 0.4055843982960597 0.8918730031948883 0.40418663471778493
0 0.8948695136417556 0.4000593119810201 0.897464412811388 0.3987247924080664 0.9002817319098458 0.4000593119810201 0.9019128113879004 0.4028024911032028 0.8987247924080665 0.4063612099644128 0.8933125741399762 0.40398873072360614
0 0.8985765124555161 0.3956109134045077 0.9019128113879004 0.3934608540925267 0.9056198102016608 0.39664887307236063 0.9041370106761567 0.40057829181494664 0.9005041518386715 0.40065243179122184 0.8978351126927641 0.39842823250296555
0 0.8802639383155398 0.4048042704626334 0.8780397390272835 0.407844009489917 0.8801897983392646 0.4116251482799525 0.8845640569395018 0.4113285883748517 0.8861951364175564 0.40747330960854095 0.8827846975088968 0.4042111506524318
0 0.8830071174377224 0.40094899169632264 0.8853054567022538 0.39894721233689207 0.8893090154211151 0.400355871886121 0.8897538552787664 0.40458185053380785 0.8870106761565836 0.4063612099644128 0.8827846975088968 0.404655990510083
0 0.8873916921508666 0.3952917940876656 0.8894941386340469 0.3933804791029562 0.8924248216106014 0.3936353211009174 0.8943361365953109 0.3962474515800204 0.8933804791029563 0.39994266055045874 0.8896852701325179 0.4007071865443425 0.8866271661569827 0.39809505606523954
0 0.891532874617737 0.3902586646279307 0.8934441896024465 0.3879650866462793 0.8981587665647299 0.38853848114169215 0.8989232925586138 0.3941450050968399 0.8939538735983691 0.3952917940876656 0.8911506116207952 0.392552242609582
0 0.8709543832823651 0.40236365953109066 0.8731205402650357 0.3991144240570846 0.8770705912334352 0.39949668705402647 0.8790456167176351 0.40287334352701326 0.8756689602446485 0.40675968399592255 0.870763251783894 0.4040838430173293
0 0.8758600917431193 0.39567405708460757 0.8783448012232417 0.3930619266055046 0.883441641182467 0.394973241590214 0.8815303261977575 0.4008346075433232 0.8752866972477065 0.3991781345565749
0 0.8800012742099897 0.3910231906218145 0.8831867991845056 0.38745540265035683 0.8875191131498472 0.3899401121304791 0.8868182976554537 0.3943998470948012 0.8810843527013251 0.3944635575942915
0 0.8849069826707442 0.38395132517838937 0.8889844546381244 0.38184887869520895 0.8921699796126402 0.385289245667686 0.8910231906218146 0.3894941386340469 0.8851618246687055 0.38885703363914376
0 0.8642010703363915 0.39637487257900106 0.8671954638124364 0.39325305810397554 0.871782619775739 0.39478211009174313 0.8712092252803262 0.3993692660550459 0.8668132008154944 0.40096202854230373 0.8640099388379205 0.3983498980632008
0 0.8689156472986749 0.3900038226299694 0.8721011722731907 0.38771024464831805 0.8763697757390417 0.3894941386340469 0.8754778287461774 0.39465468909276247 0.8706358307849134 0.3947183995922528
0 0.8740124872579 0.3843335881753313 0.8764971967380224 0.3824222731906218 0.8798101427115189 0.3838876146788991 0.8805746687054026 0.3870731396534149 0.8779625382262998 0.3894304281345566 0.8750318552497452 0.3887296126401631 0.8733116717635068 0.3866271661569826
0 0.8782810907237513 0.3789181957186544 0.881020642201835 0.3761786442405708 0.8843972986748216 0.37764398572884816 0.885289245667686 0.3815940366972477 0.8819762996941897 0.3842698776758409 0.877643985728848 0.38178516819571867
0 0.8597889072847681 0.3927635209713024 0.8617894591611478 0.39021109271523174 0.864824779249448 0.39165976821192056 0.8653076710816776 0.3938672737306843 0.8637210264900661 0.39635071743929357 0.8601338300220749 0.3950400110375276
0 0.8553738962472405 0.38917632450331124 0.8586851545253863 0.38689983443708603 0.8609616445916114 0.388762417218543 0.8610996136865341 0.391176876379691 0.8577193708609271 0.3931084437086093
0 0.8587541390728476 0.3850372516556292 0.8610996136865341 0.382760761589404 0.8640659492273731 0.3833816225165563 0.8645488410596026 0.3863479580573951 0.8633761037527593 0.38807257174392934 0.8613065673289183 0.3881415562913907 0.8586161699779249 0.38586506622516553
0 0.8695847130242824 0.38110513245033106 0.871930187637969 0.37813879690949226 0.8751724613686533 0.3792425496688741 0.8750344922737305 0.38289873068432667 0.871930187637969 0.3839334988962472
0 0.8657215783664458 0.3765521523178808 0.8679290838852097 0.3746205849889625 0.8715162803532007 0.3768970750551876 0.8692397902869756 0.38055325607064017 0.8655836092715231 0.37855270419426046
0 0.8509588852097131 0.38614100441501104 0.8535113134657835 0.3833816225165563 0.856960540838852 0.38524420529801323 0.8557188189845474 0.38910733995584984 0.8506829470198675 0.38869343267108164
0 0.8547530353200883 0.3807602097130243 0.8577193708609271 0.3788286423841059 0.8608236754966886 0.38082919426048567 0.8587541390728476 0.3853131898454746 0.8544770971302427 0.3833126379690949 0.8546840507726269 0.38145005518763797
0 0.8469577814569538 0.3813120860927153 0.8473027041942606 0.3846923289183223 0.8515797461368653 0.3850372516556292 0.852614514348786 0.382208885209713 0.8504070088300221 0.3798634105960265
0 0.8516875909752546 0.3756595705967976 0.8502319868995633 0.3784343158660844 0.8516421033478893 0.3808906477438137 0.8540529475982532 0.3809816229985444 0.8558269650655022 0.379025655021834 0.8556905021834061 0.37666029839883547 0.8524153930131003 0.37529566957787475
0 0.8542803857350801 0.3727028748180495 0.8539619723435226 0.3752046943231441 0.8568731804949054 0.37684224890829693 0.859511462882096 0.3752046943231441 0.8590110989810772 0.37220251091703055 0.8562363537117903 0.3708378820960699
0 0.8586471979621543 0.37656932314410485 0.8586926855895196 0.37907114264919933 0.8618313318777293 0.3801173580786026 0.864105713245997 0.37775200145560406 0.8621042576419213 0.3746588427947598 0.8591930494905384 0.37538664483260553
0 0.8618636234357224 0.37277801478953354 0.86175696814562 0.3747689135381115 0.8650988339021615 0.37604877701934014 0.8666631114903299 0.37395122298065986 0.8644589021615472 0.3712848407281001
0 0.8575082508250826 0.36868811881188124 0.8598597359735974 0.36745049504950494 0.8620874587458744 0.36938943894389437 0.8606848184818481 0.3725660066006601 0.8574257425742576 0.3715346534653466
0 0.8509488448844885 0.36996699669967 0.8527640264026403 0.36877062706270625 0.8546617161716172 0.3707508250825083 0.8527640264026403 0.3726485148514852 0.8503300330033005 0.3717409240924093
0 0.8485148514851485 0.3667079207920792 0.8479785478547854 0.36868811881188124 0.8498762376237624 0.37013201320132016 0.8518976897689771 0.3688943894389439 0.8504950495049505 0.3662541254125413
0 0.8386796357615894 0.3649627483443708 0.8366100993377484 0.3686189293598234 0.8405422185430464 0.37068846578366443 0.8430256622516555 0.3678600993377483 0.8408871412803532 0.36447985651214126
0 0.8409561258278145 0.36247930463576156 0.8437155077262694 0.3602028145695364 0.8464748896247241 0.3628932119205298 0.844198399558499 0.3662734547461369 0.8407491721854305 0.3644108719646799
0 0.8327469646799118 0.36247930463576156 0.8337817328918323 0.3670322847682119 0.8372309602649006 0.3660665011037527 0.8388865894039735 0.36344508830022076 0.8352304083885209 0.36013383002207505
0 0.8367480684326711 0.3581332781456954 0.8398523730684327 0.35640866445916114 0.841990894039735 0.3590300772626932 0.8411630794701986 0.3618584437086093 0.8380587748344371 0.36247930463576156 0.8356443156732893 0.3603407836644591
0 0.8178661616161615 0.25271464646464653 0.8221590909090909 0.25006313131313135 0.8263257575757575 0.2518308080808081 0.826830808080808 0.25561868686868694 0.826830808080808 0.2589015151515152 0.8210227272727272 0.2605429292929293 0.8173611111111111 0.2570075757575758
0 0.8041035353535353 0.24210858585858594 0.8087752525252526 0.23844696969696974 0.8144570707070707 0.24071969696969703 0.8149621212121212 0.2493055555555556 0.8043560606060606 0.24993686868686874
0 0.7898358585858586 0.23112373737373745 0.7943813131313132 0.2275883838383839 0.8006944444444445 0.22859848484848488 0.8019570707070707 0.23705808080808088 0.7912247474747474 0.23933080808080812
0 0.7900883838383839 0.22064393939393942 0.7956439393939395 0.21786616161616165 0.7986742424242425 0.22304292929292938 0.7923611111111112 0.2260732323232324
0 0.6610906862745097 0.18425245098039214 0.6608455882352942 0.1902573529411765 0.6650122549019608 0.1949142156862745 0.6713848039215686 0.19148284313725492 0.6721200980392157 0.18363970588235298 0.6666053921568627 0.1800857843137255
0 0.6569240196078431 0.19699754901960784 0.6552083333333333 0.20128676470588233 0.6594975490196078 0.20618872549019612 0.6657475490196079 0.20263480392156863 0.6637867647058823 0.19564950980392157
0 0.6494485294117648 0.20520833333333335 0.6503063725490196 0.2119485294117647 0.6559436274509803 0.21207107843137254 0.659375 0.20839460784313726 0.655453431372549 0.20202205882352944
0 0.9371989402697494 0.3009995183044316 0.943099710982659 0.2987114643545279 0.9476758188824662 0.3025650289017341 0.9464715799614642 0.3093087668593449 0.9386440269749519 0.3094291907514451 0.9362355491329479 0.30485308285163776
0 0.935031310211946 0.27667389210019266 0.9408116570327553 0.2719773603082851 0.9471941233140655 0.2788415221579961 0.9415342003853563 0.28486271676300573 0.9341883429672447 0.2811295761078998
0 0.6018015297906603 0.33710748792270534 0.5989834943639292 0.3405293880837359 0.6017008856682771 0.344555152979066 0.6069343800322061 0.3428442028985507 0.6073369565217391 0.33841586151368763
0 0.5948570853462158 0.3324778582930757 0.5931461352657005 0.3370068438003221 0.5967693236714976 0.33962359098228667 0.6013989533011272 0.336604267310789 0.5993860708534622 0.33237721417069244
0 0.6022041062801933 0.3224134460547504 0.6018015297906603 0.32945853462157815 0.6057266505636072 0.334993961352657 0.6159923510466989 0.33237721417069244 0.6185084541062802 0.32513083735909826 0.6111614331723028 0.3187902576489533
0 0.6111614331723028 0.3115438808373591 0.6185084541062802 0.30651167471819646 0.6262580515297906 0.3090277777777778 0.6282709339774558 0.3181863929146538 0.621225845410628 0.3231179549114332 0.6125704508856683 0.32060185185185186
0 0.5893216586151369 0.31144323671497587 0.5951590177133655 0.30721618357487923 0.6023047504025765 0.3085245571658615 0.6059279388083737 0.315066425120773 0.6032105475040258 0.32191022544283415 0.5944545088566828 0.32432568438003223 0.5886171497584541 0.31738123993558776
0 0.575030193236715 0.3200986312399356 0.5786533816425121 0.315066425120773 0.5872081320450886 0.3137580515297907 0.5920390499194848 0.32382246376811596 0.5884158615136876 0.3290559581320451 0.5766404991948471 0.3308675523349437 0.5731179549114332 0.32301731078904994
0 0.7057926829268292 0.10213414634146342 0.7135840108401084 0.09840785907859077 0.7196815718157181 0.10467479674796748 0.7161246612466124 0.11399051490514907 0.7052845528455284 0.11297425474254742 0.7034214092140921 0.10721544715447157
0 0.6580284552845529 0.10890921409214092 0.6637872628726287 0.1043360433604336 0.6720867208672087 0.1073848238482385 0.6741192411924118 0.1155149051490515 0.668191056910569 0.11957994579945799 0.6573509485094851 0.11805555555555557 0.6551490514905148 0.11128048780487806
0 0.6798780487804879 0.08282520325203252 0.6863143631436314 0.07774390243902439 0.6937669376693767 0.08163956639566397 0.6939363143631436 0.09095528455284553 0.684620596205962 0.09451219512195122 0.6781842818428184 0.09044715447154472
0 0.7013888888888888 0.05420054200542006 0.7108739837398373 0.04962737127371273 0.7179878048780487 0.06148373983739839 0.709010840108401 0.06825880758807588 0.698170731707317 0.06233062330623306
0 0.5942822384428224 0.09184914841849154 0.5891119221411193 0.09777980535279812 0.5927615571776156 0.10492700729927014 0.6018856447688564 0.1052311435523115 0.6052311435523114 0.09762773722627745 0.6014294403892945 0.09017639902676405 0.5950425790754258 0.09184914841849154
0 0.5783150851581508 0.11040145985401466 0.5837895377128954 0.10568734793187354 0.5907846715328468 0.1085766423357665 0.5923053527980535 0.11602798053527986 0.5857664233576643 0.12119829683698304 0.5783150851581508 0.11876520681265212 0.5786192214111922 0.10994525547445261
0 0.5739051094890512 0.1181569343065694 0.5672141119221411 0.12500000000000008 0.5714720194647203 0.13214720194647206 0.5809002433090025 0.1304744525547446 0.5822688564476886 0.12302311435523121 0.5745133819951338 0.11770072992700735
0 0.5603710462287105 0.1085766423357665 0.5555048661800487 0.11374695863746964 0.5580900243309003 0.12089416058394166 0.5650851581508516 0.12256690997566916 0.5707116788321168 0.11496350364963509 0.5676703163017032 0.10903284671532854 0.5603710462287105 0.10872871046228717
0 0.5654995636998253 0.09811300174520071 0.5647360383944153 0.10465750436300174 0.5697534904013961 0.10945680628272252 0.5762979930191972 0.10716623036649214 0.5780431937172774 0.09887652705061081 0.5720440663176264 0.09462260034904013
0 0.5765161431064572 0.08382417102966841 0.5837150959860383 0.0800065445026178 0.5899323734729494 0.08469677137870855 0.5884053228621291 0.0924410994764398 0.5795702443280977 0.0942953752181501 0.575752617801047 0.08916884816753926
0 0.537638888888889 0.09861111111111111 0.5456944444444445 0.09319444444444444 0.5543055555555556 0.09847222222222222 0.5533333333333333 0.10958333333333334 0.5405555555555556 0.11097222222222224 0.5359722222222223 0.10499999999999998
0 0.5120833333333333 0.07708333333333332 0.5206944444444445 0.07194444444444444 0.5290277777777778 0.08055555555555556 0.5248611111111111 0.08986111111111111 0.5125 0.08861111111111111 0.5098611111111111 0.08166666666666665
0 0.48763888888888896 0.06041666666666665 0.49611111111111117 0.05249999999999999 0.5083333333333333 0.05666666666666666 0.5104166666666666 0.06999999999999999 0.495 0.07708333333333332 0.4859722222222223 0.06708333333333333
0 0.4583333333333333 0.03222222222222223 0.4683333333333333 0.026527777777777775 0.4816666666666667 0.037499999999999985 0.4719444444444445 0.050972222222222224 0.45527777777777784 0.04555555555555556
0 0.5097222222222223 0.03124999999999999 0.5175 0.026805555555555558 0.5240277777777778 0.03374999999999999 0.5180555555555556 0.04097222222222223 0.50875 0.03805555555555556
0 0.556381118881119 0.03904428904428905 0.5686188811188811 0.037004662004662 0.5764860139860141 0.05055361305361307 0.5700757575757576 0.06060606060606062 0.5547785547785549 0.05944055944055945 0.5477855477855478 0.047931235431235446
0 0.578962703962704 0.0101981351981352 0.5783799533799534 0.02170745920745921 0.5885780885780886 0.0305944055944056 0.6038752913752914 0.0203962703962704 0.5992132867132868 0.007138694638694645 0.5871212121212122 0.003787878787878789
0 0.31627155172413796 0.3210608237547893 0.3135177203065134 0.32848419540229884 0.3181872605363985 0.3363864942528736 0.32872365900383144 0.333632662835249 0.33016044061302685 0.323455459770115 0.3214200191570881 0.31854645593869735
0 0.32405411877394635 0.3116020114942529 0.33075909961685823 0.3051364942528736 0.3385416666666667 0.3083692528735632 0.3421336206896552 0.31758860153256707 0.336985153256705 0.3210608237547893 0.32632902298850575 0.32177921455938696
0 0.3341115900383142 0.2978328544061303 0.3421336206896552 0.2918462643678161 0.351352969348659 0.29843151340996166 0.3499161877394636 0.31016522988505746 0.33722461685823757 0.3083692528735632
0 0.30442942942942947 0.3374624624624625 0.3123123123123123 0.33408408408408413 0.3181306306306307 0.3391516516516517 0.3156906906906907 0.3451576576576577 0.30912162162162166 0.34834834834834844 0.30442942942942947 0.3440315315315316
0 0.29579579579579585 0.3485360360360361 0.30161411411411415 0.34534534534534533 0.3076201201201202 0.3481606606606607 0.308933933933934 0.3541666666666667 0.30292792792792794 0.3592342342342343 0.29710960960960964 0.35660660660660665
0 0.19479166666666667 0.12125 0.20666666666666667 0.11041666666666666 0.21958333333333332 0.12 0.21729166666666666 0.13291666666666666 0.19708333333333333 0.13458333333333333 0.19479166666666667 0.12145833333333333
0 0.2804330065359477 0.1554330065359477 0.2910539215686274 0.1511437908496732 0.2992238562091503 0.1593137254901961 0.292687908496732 0.16830065359477123 0.2796160130718954 0.16789215686274508
