0 0.6221863026819924 0.3107638888888889 0.6320043103448276 0.3028615900383142 0.6467313218390804 0.3071719348659004 0.6484075670498084 0.3247725095785441 0.6327227011494253 0.3330340038314176 0.6201508620689655 0.32213840996168586
0 0.572804054054054 0.3341779279279279 0.5829391891891892 0.32393018018018016 0.6017454954954955 0.33113738738738735 0.597804054054054 0.3516328828828829 0.575168918918919 0.3530968468468468
0 0.5279850746268657 0.3543221393034826 0.5404228855721392 0.3423507462686567 0.560478855721393 0.35525497512437804 0.5477300995024875 0.3756218905472636 0.5270522388059701 0.36862562189054726
0 0.5506535947712418 0.403458605664488 0.5630446623093682 0.39297385620915026 0.5819716775599129 0.40373093681917205 0.5732570806100218 0.42333877995642705 0.5509259259259259 0.42252178649237476
0 0.5019063180827887 0.42551742919389973 0.5132080610021786 0.41489651416122003 0.5321350762527234 0.4242919389978213 0.5281862745098038 0.44294662309368193 0.5100762527233116 0.4474400871459695 0.4997276688453159 0.4338235294117647
0 0.4546568627450981 0.4474400871459695 0.46895424836601307 0.4355936819172113 0.48951525054466233 0.45002723311546833 0.4707244008714596 0.471813725490196 0.4526143790849673 0.45547385620915026
0 0.43181818181818177 0.3966750841750841 0.44907407407407407 0.3834175084175084 0.4686447811447811 0.40509259259259256 0.44381313131313127 0.42108585858585856 0.4324494949494949 0.40530303030303033
0 0.38531144781144777 0.4194023569023569 0.3992003367003367 0.4061447811447811 0.41898148148148145 0.4183501683501683 0.4103535353535353 0.43665824915824913 0.39246632996632996 0.43813131313131315
0 0.409375 0.4671130952380953 0.4203869047619048 0.4581845238095238 0.434077380952381 0.46220238095238103 0.43883928571428577 0.47961309523809526 0.42247023809523815 0.4892857142857144 0.4125 0.4827380952380953 0.4077380952380953 0.4680059523809524
0 0.3698819845857418 0.48235789980732185 0.37951589595375723 0.47489161849710987 0.3902336223506744 0.4795881502890174 0.3951710019267823 0.48994460500963394 0.38493497109826585 0.5001806358381503 0.3728925818882466 0.49729046242774566 0.36952071290944116 0.4897037572254336
0 0.3858858858858859 0.5215840840840842 0.3910472972972973 0.5153903903903904 0.403246996996997 0.5144519519519519 0.4100037537537538 0.5285285285285285 0.39968093093093093 0.5395082582582583 0.3865427927927928 0.536036036036036
0 0.3485479797979799 0.5390782828282829 0.35801767676767676 0.53125 0.36925505050505053 0.5350378787878789 0.3732954545454546 0.5464015151515152 0.36433080808080814 0.5568813131313132 0.34804292929292935 0.5518308080808081
0 0.33125000000000004 0.5017045454545456 0.338699494949495 0.4929924242424243 0.3513257575757576 0.4958964646464647 0.3565025252525253 0.5094065656565657 0.3457702020202021 0.51875 0.3302398989898991 0.5114267676767678
0 0.29241071428571425 0.5175709706959707 0.3023695054945055 0.5093292124542125 0.31690705128205127 0.5157394688644689 0.3140453296703296 0.5331387362637362 0.2972184065934066 0.5357715201465202 0.29149496336996333 0.5260416666666666
0 0.31152701465201466 0.5547733516483516 0.31885302197802196 0.5481341575091576 0.3319024725274725 0.5531707875457875 0.3354510073260073 0.5670215201465202 0.32205815018315015 0.5745764652014652 0.3083218864468864 0.5670215201465202
0 0.3430735930735931 0.43384740259740256 0.35863095238095233 0.4274891774891774 0.36931818181818177 0.4377705627705627 0.369724025974026 0.4519751082251082 0.3574134199134199 0.4606331168831169 0.33915043290043284 0.45089285714285715
0 0.3050595238095238 0.4602272727272727 0.3141233766233766 0.4526515151515151 0.3239989177489177 0.4619859307359307 0.31750541125541126 0.4724025974025974 0.307224025974026 0.47091450216450215
0 0.27508223684210525 0.47423245614035087 0.2824835526315789 0.46655701754385964 0.2930372807017544 0.4728618421052632 0.29125548245614036 0.484375 0.2797423245614035 0.4869791666666667 0.2733004385964912 0.4783442982456141
0 0.3236607142857143 0.3992559523809524 0.33392857142857146 0.3889880952380953 0.35133928571428574 0.3959821428571429 0.35104166666666664 0.41354166666666664 0.33377976190476194 0.421875 0.32098214285714294 0.40863095238095243
0 0.1348870056497175 0.5112994350282486 0.147069209039548 0.49964689265536727 0.16331214689265536 0.510063559322034 0.16172316384180788 0.5300141242937852 0.13947740112994347 0.530367231638418 0.13329802259887003 0.5213629943502825
0 0.09170560747663549 0.532126168224299 0.10163551401869157 0.5229750778816199 0.1170171339563863 0.532126168224299 0.1144859813084112 0.550233644859813 0.09345794392523363 0.55101246105919 0.08897975077881619 0.5389408099688473
0 0.5086436170212765 0.5558510638297872 0.5186170212765957 0.5454343971631206 0.5372340425531915 0.552304964539007 0.5381205673758864 0.569813829787234 0.523936170212766 0.5795656028368794 0.5088652482269503 0.5713652482269503
0 0.4703014184397163 0.5720301418439717 0.4809397163120567 0.563386524822695 0.4986702127659574 0.5713652482269503 0.4973404255319148 0.5908687943262411 0.4771719858156028 0.5975177304964538 0.4671985815602837 0.586436170212766
0 0.4339539007092198 0.5924202127659574 0.44326241134751776 0.5853280141843972 0.45656028368794316 0.5935283687943262 0.45390070921985815 0.6077127659574468 0.4425975177304965 0.6097074468085105 0.4324024822695035 0.604609929078014
0 0.39449404761904766 0.6108630952380952 0.4026785714285715 0.6035714285714286 0.41383928571428574 0.6083333333333333 0.41622023809523817 0.6199404761904762 0.40758928571428577 0.6269345238095237 0.3940476190476191 0.6241071428571429 0.39285714285714285 0.6165178571428571
0 0.35368589743589746 0.6261217948717949 0.36282051282051286 0.617628205128205 0.37756410256410255 0.6206730769230769 0.3834935897435897 0.634775641025641 0.3737179487179488 0.6487179487179486 0.3538461538461538 0.6442307692307692
0 0.3137820512820513 0.6437499999999999 0.3262820512820513 0.6344551282051282 0.3423076923076923 0.6435897435897435 0.3413461538461538 0.6618589743589743 0.32323717948717945 0.6679487179487179 0.31137820512820513 0.6564102564102563
0 0.2236815619967794 0.6632950885668277 0.23012278582930756 0.6573570853462158 0.24058977455716588 0.6603764090177134 0.24230072463768115 0.672554347826087 0.23122987117552338 0.6785929951690822 0.22267512077294688 0.6728562801932367
0 0.19630636070853466 0.6751710950080515 0.2074778582930757 0.6676227858293076 0.219555152979066 0.6776871980676329 0.21613325281803544 0.6907709339774558 0.1985205314009662 0.6924818840579711 0.19489734299516911 0.6827194041867956
0 0.38159472422062357 0.6948441247002398 0.39073741007194246 0.6892985611510791 0.4024280575539569 0.6946942446043166 0.4034772182254197 0.7078836930455636 0.3889388489208633 0.7159772182254197 0.37769784172661874 0.7050359712230216
0 0.4100719424460432 0.6833033573141487 0.4231115107913669 0.6750599520383693 0.43435251798561153 0.6852517985611511 0.4303057553956835 0.6990407673860912 0.41426858513189446 0.7009892086330936 0.40812350119904084 0.6907973621103118
0 0.4418465227817746 0.6690647482014389 0.45053956834532377 0.663369304556355 0.4611810551558754 0.6666666666666666 0.46462829736211037 0.6782074340527579 0.45773381294964033 0.6883992805755396 0.4406474820143886 0.6851019184652278 0.43794964028776984 0.6735611510791367
0 0.47287170263788975 0.6534772182254197 0.4845623501199041 0.647332134292566 0.49595323741007197 0.6537769784172662 0.4986510791366907 0.6692146282973621 0.48141486810551565 0.6786570743405276 0.4682254196642686 0.663968824940048
0 0.5064448441247003 0.6422362110311751 0.5169364508393286 0.6383393285371703 0.5248800959232615 0.6458333333333334 0.5236810551558754 0.657673860911271 0.5070443645083933 0.6614208633093526 0.5010491606714629 0.6497302158273383
0 0.519484412470024 0.6779076738609113 0.5275779376498801 0.6722122302158273 0.5385191846522782 0.6771582733812951 0.5397182254196644 0.6895983213429258 0.5287769784172662 0.6966426858513189 0.516037170263789 0.6889988009592326
0 0.4881524725274725 0.6885874542124543 0.49834020146520147 0.6817193223443223 0.508871336996337 0.6865270146520147 0.5150526556776557 0.7010645604395604 0.5013163919413919 0.7122825091575092 0.48311584249084255 0.7043841575091575 0.48506181318681324 0.6932806776556777
0 0.45770375457875456 0.703125 0.4657165750915751 0.6979739010989011 0.4753319597069597 0.7024381868131868 0.48048305860805857 0.7144574175824177 0.46651785714285715 0.72430173992674 0.4541552197802198 0.7184638278388278 0.45404075091575097 0.70816163003663
0 0.42725503663003667 0.7153731684981685 0.4366414835164835 0.7107944139194139 0.4461423992673993 0.715831043956044 0.4494619963369964 0.7286515567765568 0.4368704212454212 0.7374656593406593 0.4242788461538461 0.7311698717948718 0.42347756410256404 0.7204097985347986
0 0.39646291208791207 0.7289949633699634 0.40630723443223443 0.7235004578754579 0.41649496336996333 0.7289949633699634 0.41866987179487175 0.7407852564102565 0.41100045787545786 0.7483402014652014 0.3971497252747252 0.7481112637362638 0.3930288461538461 0.7398695054945055 0.3933722527472527 0.7315132783882784
0 0.6638454861111112 0.5781250000000001 0.672092013888889 0.5696614583333335 0.6866319444444445 0.572482638888889 0.6907552083333335 0.584201388888889 0.6827256944444445 0.5937500000000001 0.6657986111111112 0.5972222222222223
0 0.6746961805555556 0.5329861111111112 0.6885850694444445 0.5266927083333335 0.701388888888889 0.5377604166666667 0.7020399305555556 0.5523003472222223 0.6890190972222223 0.5598958333333335 0.6694878472222223 0.5542534722222223 0.6694878472222223 0.5416666666666667
0 0.6413174373795761 0.15793593448940266 0.6462548169556841 0.15348025048169556 0.6546844894026975 0.15432321772639693 0.6576950867052024 0.16311416184971098 0.6523964354527938 0.169376204238921 0.6442076107899808 0.17021917148362234 0.6391498073217727 0.16227119460500963
0 0.6664860308285164 0.1445688824662813 0.6733501926782274 0.13951107899807322 0.6826228323699423 0.14529142581888246 0.6821411368015414 0.15552745664739884 0.6721459537572254 0.15914017341040462 0.6655226396917149 0.15492533718689785 0.6646796724470135 0.1476999036608863
0 0.18592171717171724 0.2224116161616162 0.19476010101010108 0.21571969696969703 0.20473484848484855 0.21773989898989907 0.2102904040404041 0.22960858585858593 0.20296717171717177 0.23945707070707078 0.18516414141414145 0.23781565656565662
0 0.21571969696969703 0.2054924242424243 0.22544191919191928 0.19829545454545458 0.23604797979797984 0.204229797979798 0.238699494949495 0.2159722222222223 0.22455808080808087 0.22455808080808087 0.21294191919191927 0.2142045454545455
0 0.2438762626262627 0.18832070707070714 0.25284090909090917 0.1813762626262627 0.263699494949495 0.18516414141414145 0.2669823232323233 0.19349747474747478 0.26256313131313136 0.2041035353535354 0.2518308080808081 0.2075126262626263 0.24021464646464652 0.1962752525252526
0 0.2714015151515152 0.17152777777777786 0.2827651515151516 0.16433080808080813 0.2940025252525253 0.1700126262626263 0.2956439393939394 0.18352272727272734 0.2806186868686869 0.19135101010101016 0.26925505050505055 0.1815025252525253
0 0.262689393939394 0.1440025252525253 0.26925505050505055 0.137689393939394 0.27695707070707076 0.1416035353535354 0.27885101010101015 0.15044191919191927 0.27013888888888893 0.1558712121212122 0.2623106060606061 0.15069444444444452
0 0.24147727272727276 0.15523989898989907 0.250189393939394 0.15044191919191927 0.2573863636363637 0.1558712121212122 0.2565025252525253 0.16369949494949498 0.250189393939394 0.16786616161616166 0.24223484848484853 0.16470959595959603
0 0.2128156565656566 0.16584595959595963 0.22203282828282833 0.15852272727272734 0.23112373737373745 0.1628156565656566 0.23440656565656573 0.17316919191919197 0.22493686868686874 0.18213383838383843 0.21332070707070713 0.17834595959595964 0.21003787878787886 0.17203282828282832
0 0.18320497630331753 0.18251382306477093 0.19090639810426543 0.1758984992101106 0.2027547393364929 0.1775770142180095 0.2081852290679305 0.19179502369668247 0.19465837282780413 0.20058254344391788 0.18577211690363352 0.19653436018957346
0 0.3637820512820513 0.12179487179487182 0.3760683760683761 0.11306980056980057 0.38871082621082625 0.11716524216524216 0.396011396011396 0.13283475783475784 0.3839031339031339 0.14565527065527065 0.3618233618233619 0.14138176638176636
0 0.3995726495726496 0.09953703703703703 0.41114672364672367 0.09116809116809119 0.4257478632478633 0.0933048433048433 0.43233618233618243 0.11200142450142452 0.4161324786324787 0.12410968660968663 0.40010683760683763 0.11556267806267807
0 0.3901353276353276 0.06606125356125357 0.3995726495726496 0.0576923076923077 0.4116809116809117 0.06232193732193732 0.41595441595441596 0.07371794871794872 0.4077635327635328 0.08440170940170941 0.3938746438746439 0.08244301994301996 0.3876424501424502 0.07621082621082623
0 0.35879629629629634 0.08279914529914531 0.3716168091168091 0.07425213675213675 0.38479344729344733 0.08137464387464387 0.38532763532763536 0.093482905982906 0.3698361823361823 0.0998931623931624 0.36093304843304846 0.09455128205128206
0 0.33101851851851855 0.09811253561253562 0.3454415954415954 0.09116809116809119 0.3548789173789174 0.0998931623931624 0.35505698005698005 0.11075498575498575 0.34294871794871795 0.11645299145299148 0.3326210826210826 0.1146723646723647
0 0.4416666666666666 0.15849358974358974 0.4493589743589743 0.15416666666666667 0.45576923076923076 0.15817307692307694 0.4581730769230769 0.16474358974358974 0.45176282051282046 0.17115384615384618 0.4429487179487179 0.1701923076923077 0.4387820512820512 0.16410256410256407
0 0.4644230769230769 0.14583333333333334 0.4733974358974358 0.13846153846153844 0.48541666666666655 0.1434294871794872 0.4871794871794871 0.15625 0.47483974358974357 0.1636217948717949 0.46233974358974356 0.15913461538461537
0 0.4424342105263158 0.08150584795321646 0.453764619883041 0.07291666666666675 0.4683845029239766 0.08004385964912286 0.4702119883040936 0.09210526315789481 0.460343567251462 0.10380116959064335 0.44115497076023397 0.09904970760233926
0 0.4749634502923977 0.06396198830409365 0.48574561403508776 0.053910818713450354 0.5007309941520468 0.06487573099415211 0.5020102339181287 0.07967836257309949 0.47989766081871355 0.08644005847953223 0.47076023391812866 0.07675438596491234
0 0.4862938596491228 0.002558479532163827 0.4866593567251462 0.021929824561403587 0.5085891812865497 0.021381578947368494 0.5140716374269007 0.006030701754386042 0.5116959064327485 0.0005482456140351625 0.4896564327485349 -9.251858538542972e-20
0 0.5515350877192983 0.012244152046783701 0.5460526315789473 0.024305555555555632 0.5529970760233919 0.04111842105263166 0.5712719298245614 0.041301169590643345 0.5798611111111112 0.03143274853801177 0.578764619883041 0.012061403508772012 0.5632309941520468 0.004934210526315871
0 0.5105994152046783 0.035635964912280764 0.5058479532163743 0.04879385964912289 0.512609649122807 0.06396198830409365 0.5352704678362573 0.06414473684210534 0.5418494152046783 0.041301169590643345 0.52046783625731 0.02905701754385972
0 0.6149891774891775 0.11512445887445888 0.6214826839826839 0.11160714285714288 0.6255411255411255 0.11796536796536794 0.6216179653679653 0.12242965367965368 0.6160714285714285 0.12229437229437229
0 0.619047619047619 0.10430194805194805 0.6251352813852814 0.10064935064935066 0.6301406926406926 0.10836038961038962 0.6209415584415584 0.110254329004329
0 0.6245941558441558 0.07846320346320346 0.6298701298701298 0.07562229437229437 0.634469696969697 0.08198051948051949 0.6293290043290043 0.08617424242424242 0.6237824675324675 0.08455086580086581
0 0.6222943722943722 0.06358225108225107 0.6281114718614719 0.0596590909090909 0.6336580086580086 0.06588203463203463 0.6298701298701298 0.07251082251082251 0.6214826839826839 0.06939935064935066
0 0.609577922077922 0.07088744588744587 0.6140422077922078 0.06682900432900434 0.6201298701298701 0.07115800865800866 0.620806277056277 0.07548701298701298 0.6122835497835498 0.07913961038961037 0.6083603896103896 0.07494588744588745
0 0.5944264069264069 0.07778679653679654 0.6014610389610389 0.0744047619047619 0.6063311688311689 0.0788690476190476 0.6059253246753247 0.08414502164502163 0.5974025974025974 0.08644480519480519 0.5941558441558441 0.07913961038961037
0 0.5814393939393939 0.08455086580086581 0.5879329004329004 0.08116883116883117 0.5929383116883116 0.08725649350649349 0.5894209956709957 0.09253246753246752 0.5834686147186148 0.09212662337662338
0 0.6501838235294118 0.09589460784313728 0.6566789215686274 0.09136029411764705 0.6619485294117647 0.09638480392156862 0.6599877450980393 0.1033700980392157 0.6518995098039215 0.10324754901960785
0 0.6783700980392157 0.08241421568627452 0.6841299019607844 0.07849264705882353 0.6881740196078431 0.084375 0.6858455882352941 0.0897671568627451 0.6782475490196078 0.08792892156862746
0 0.7049632352941176 0.06881127450980394 0.7110906862745098 0.06452205882352942 0.7159926470588236 0.07077205882352942 0.7120710784313725 0.07738970588235294 0.7048406862745098 0.0738357843137255
0 0.5879289215686274 0.0010416666666666667 0.5895220588235294 0.008517156862745097 0.5952818627450981 0.014767156862745096 0.6045955882352941 0.01574754901960785 0.6145220588235294 0.008026960784313732 0.616360294117647 0.002512254901960785 0.6155228758169935 0.0
0 0.48317307692307687 0.7594150641025641 0.4965945512820512 0.7491987179487178 0.5144230769230769 0.7584134615384616 0.5152243589743589 0.7756410256410255 0.49358974358974356 0.7854567307692306 0.4797676282051282 0.7732371794871795
0 0.4547275641025641 0.7704326923076922 0.46294070512820507 0.7640224358974358 0.4737580128205128 0.7720352564102565 0.47075320512820507 0.7836538461538461 0.4547275641025641 0.7838541666666665 0.4521233974358974 0.7772435897435898
0 0.42007211538461536 0.7864583333333333 0.42988782051282043 0.7778445512820513 0.4437099358974358 0.7810496794871795 0.4495192307692308 0.7970753205128205 0.4358974358974358 0.8072916666666665 0.41706730769230765 0.797275641025641
0 0.3890224358974358 0.8016826923076922 0.40044070512820507 0.7922676282051281 0.41486378205128205 0.7964743589743588 0.4190705128205128 0.8112980769230769 0.4072516025641025 0.8215144230769231 0.3896233974358974 0.8171073717948717
0 0.40304487179487175 0.835136217948718 0.4162660256410256 0.8253205128205128 0.43048878205128205 0.8295272435897435 0.43369391025641024 0.8483573717948717 0.41386217948717946 0.8565705128205129 0.4016426282051282 0.8481570512820513
0 0.43729967948717946 0.8193108974358974 0.4515224358974358 0.8102964743589743 0.4647435897435897 0.8161057692307692 0.46734775641025633 0.8331330128205128 0.44891826923076916 0.8425480769230769 0.4358974358974358 0.8343349358974358
0 0.46895032051282043 0.7996794871794872 0.48317307692307687 0.7902644230769231 0.5 0.7974759615384615 0.501201923076923 0.8151041666666665 0.4865785256410256 0.8255208333333333 0.46854967948717946 0.8187099358974358
0 0.42905405405405406 0.8759384384384384 0.43918918918918926 0.865427927927928 0.45495495495495497 0.868993993993994 0.46340090090090097 0.8881381381381381 0.4448198198198199 0.9007132132132133 0.4292417417417418 0.8933933933933935 0.42492492492492495 0.8830705705705706
0 0.4686561561561562 0.8573573573573573 0.48010510510510507 0.8485360360360361 0.4966216216216216 0.8545420420420421 0.5011261261261262 0.8725600600600601 0.48648648648648657 0.8823198198198198 0.46602852852852855 0.8751876876876876
0 0.513888888888889 0.8421546546546546 0.5253378378378378 0.8352102102102101 0.5350975975975976 0.8429054054054054 0.5339714714714715 0.8590465465465466 0.5110735735735736 0.8567942942942943
0 0.5576201201201202 0.8233858858858859 0.5696321321321322 0.8173798798798799 0.5790165165165165 0.8301426426426427 0.572072072072072 0.841403903903904 0.5576201201201202 0.836524024024024 0.5527402402402403 0.8305180180180181
0 0.46592261904761906 0.8979166666666667 0.47752976190476193 0.890625 0.49166666666666664 0.8986607142857143 0.49598214285714287 0.9114583333333334 0.4860119047619048 0.9236607142857143 0.46458333333333335 0.9223214285714285 0.46041666666666664 0.9069940476190476
0 0.505654761904762 0.8799107142857142 0.518154761904762 0.8738095238095239 0.5328869047619048 0.8833333333333333 0.5349702380952381 0.8983630952380952 0.5169642857142858 0.9092261904761906 0.5017857142857144 0.9010416666666666 0.49702380952380953 0.8870535714285714
0 0.5720338983050848 0.8580508474576273 0.580861581920904 0.8516949152542374 0.5918079096045198 0.85840395480226 0.5916313559322034 0.8693502824858759 0.5826271186440678 0.8753531073446328 0.5720338983050848 0.8702330508474578 0.5681497175141242 0.8640536723163842
0 0.5187146892655367 0.9563912429378532 0.5291313559322034 0.9495056497175142 0.5399011299435028 0.9593926553672317 0.5370762711864407 0.9706920903954803 0.5187146892655367 0.9733403954802261 0.5164194915254238 0.9609816384180793
0 0.5543785310734464 0.9408545197740114 0.5646186440677966 0.9339689265536726 0.5752118644067797 0.9385593220338984 0.5768008474576272 0.9509180790960454 0.5676200564971752 0.9570974576271188 0.5540254237288136 0.95215395480226
0 0.5529661016949152 0.9835805084745765 0.566207627118644 0.9793432203389831 0.5759180790960452 0.9876412429378532 0.5760946327683616 0.9980579096045199 0.5727509584342214 0.9997916666666666 0.550494350282486 0.9989406779661018 0.5512005649717514 0.992584745762712
0 0.5914548022598871 0.9685734463276837 0.6011652542372882 0.9638064971751413 0.6114053672316385 0.9698093220338984 0.612994350282486 0.9802259887005651 0.6048728813559322 0.9867584745762713 0.5916313559322034 0.9855225988700566 0.5865112994350283 0.9759887005649718
0 0.6234110169491526 0.9556850282485878 0.63329802259887 0.9505649717514126 0.643891242937853 0.9604519774011302 0.6398305084745763 0.9721045197740114 0.6239406779661016 0.9736935028248589 0.6188206214689266 0.9632768361581922
0 0.6246468926553673 0.9099576271186441 0.6357697740112994 0.9034251412429379 0.6444209039548023 0.9145480225988702 0.6412429378531074 0.9258474576271188 0.6221751412429378 0.9253177966101697 0.6195268361581922 0.9189618644067798
0 0.6601341807909604 0.8944209039548023 0.6710805084745763 0.8877118644067798 0.6813206214689266 0.8944209039548023 0.6816737288135593 0.9064265536723165 0.6670197740112994 0.9120762711864407 0.6555437853107345 0.9023658192090397
0 0.6590748587570622 0.937853107344633 0.6749646892655367 0.936087570621469 0.6804378531073447 0.9459745762711865 0.6730225988700566 0.9570974576271188 0.6587217514124294 0.9560381355932204 0.6532485875706214 0.9454449152542375
0 0.6959134615384616 0.9236778846153847 0.7075320512820512 0.9180689102564104 0.7175480769230769 0.9256810897435899 0.7155448717948717 0.9377003205128206 0.7071314102564102 0.9411057692307693 0.6937099358974358 0.9379006410256411
