0 0.3482142857142857 0.5702380952380952 0.3351190476190476 0.588095238095238 0.3476190476190476 0.6035714285714285 0.3684523809523809 0.5976190476190476 0.36547619047619045 0.575
0 0.2863095238095238 0.5851190476190475 0.30357142857142855 0.5916666666666666 0.30357142857142855 0.6107142857142857 0.28333333333333327 0.619047619047619 0.2738095238095238 0.5994047619047619
0 0.23425925925925925 0.5962962962962963 0.25416666666666665 0.6064814814814814 0.2518518518518519 0.625 0.23333333333333334 0.6282407407407408 0.22222222222222224 0.6134259259259259
0 0.30462962962962964 0.7560185185185184 0.32037037037037036 0.7638888888888888 0.32175925925925924 0.7782407407407408 0.30462962962962964 0.7851851851851851 0.29398148148148145 0.7689814814814814
0 0.3347222222222222 0.750462962962963 0.34907407407407404 0.7555555555555555 0.350462962962963 0.7680555555555555 0.3351851851851852 0.7740740740740741 0.3259259259259259 0.7611111111111111
0 0.3703703703703704 0.7430555555555555 0.38425925925925924 0.7481481481481481 0.38287037037037036 0.762962962962963 0.3680555555555555 0.7662037037037037 0.3611111111111111 0.7532407407407408
0 0.40046296296296297 0.7347222222222222 0.41712962962962963 0.7421296296296296 0.4111111111111111 0.7587962962962963 0.3949074074074074 0.7550925925925925 0.39305555555555555 0.7421296296296296
0 0.5060185185185184 0.6018518518518519 0.5212962962962963 0.6069444444444445 0.5203703703703704 0.625462962962963 0.5013888888888889 0.6268518518518518 0.4962962962962963 0.6097222222222222
0 0.49953703703703706 0.5726851851851852 0.5157407407407407 0.5824074074074074 0.5157407407407407 0.5967592592592592 0.4972222222222222 0.5990740740740741 0.4902777777777778 0.5833333333333334
0 0.3282407407407407 0.6273148148148148 0.3435185185185185 0.6361111111111112 0.34259259259259256 0.6509259259259259 0.32361111111111107 0.6518518518518518 0.3194444444444444 0.6370370370370371
0 0.46990740740740744 0.5814814814814814 0.4597222222222222 0.5935185185185184 0.46759259259259256 0.6069444444444445 0.4842592592592592 0.6050925925925926 0.48611111111111116 0.587037037037037
0 0.4768518518518518 0.6092592592592593 0.4685185185185185 0.6189814814814815 0.4731481481481481 0.6314814814814814 0.49212962962962964 0.6310185185185184 0.48981481481481476 0.6134259259259259
0 0.48796296296296293 0.5240740740740741 0.5013888888888889 0.5314814814814814 0.5003627694859037 0.5426513266998342 0.4873030679933665 0.5457607794361525 0.48009259259259257 0.5347222222222222
0 0.40277777777777773 0.5041666666666667 0.41759259259259257 0.512962962962963 0.412962962962963 0.5310185185185184 0.3939814814814815 0.5263888888888889 0.39305555555555555 0.5106481481481481
0 0.4573486733001658 0.5338412106135987 0.47009742951907135 0.5366397180762852 0.46947553897180766 0.5496994195688226 0.4569340796019901 0.5507359038142621 0.4534100331674959 0.5418221393034826
0 0.4600694444444445 0.6708333333333333 0.4559027777777778 0.6763888888888889 0.4586805555555556 0.684375 0.4690972222222223 0.684375 0.46875 0.6736111111111112
0 0.36909722222222224 0.6875 0.3802083333333333 0.6927083333333334 0.37951388888888893 0.7034722222222223 0.36736111111111114 0.7055555555555556 0.3614583333333333 0.6947916666666667
0 0.20217092092092087 0.6875312812812813 0.21412037037037032 0.6913475975975976 0.21387012012012013 0.7019206706706708 0.20048173173173173 0.7031093593593594 0.19754129129129125 0.6941003503503503
0 0.221875 0.6954861111111111 0.23333333333333334 0.7 0.23333333333333334 0.7104166666666667 0.22083333333333333 0.7138888888888889 0.21423611111111115 0.704513888888889
0 0.23333333333333334 0.6725694444444444 0.24791666666666667 0.6774305555555556 0.24756944444444448 0.6920138888888889 0.23298611111111114 0.6958333333333333 0.22395833333333334 0.684375
0 0.3958333333333333 0.6826388888888889 0.40555555555555556 0.6868055555555557 0.40625 0.6965277777777779 0.39513888888888893 0.6982638888888889 0.38958333333333334 0.6909722222222223
0 0.2777777777777778 0.690625 0.28958333333333336 0.6954861111111111 0.28784722222222225 0.7055555555555556 0.2760416666666667 0.7059027777777778 0.27222222222222225 0.6965277777777779
0 0.26145833333333335 0.6944444444444445 0.25451388888888893 0.701388888888889 0.25972222222222224 0.7090277777777778 0.2711805555555556 0.7076388888888889 0.27048611111111115 0.6965277777777779
0 0.24375 0.6972222222222223 0.2375 0.7052083333333333 0.24201388888888892 0.7131944444444445 0.25243055555555555 0.7125 0.253125 0.7003472222222222
0 0.31180555555555556 0.6534722222222222 0.32395833333333335 0.6590277777777778 0.321875 0.6690972222222222 0.309375 0.6704861111111111 0.30520833333333336 0.6614583333333334
0 0.2767361111111111 0.7114583333333333 0.2871527777777778 0.7149305555555556 0.28541666666666665 0.7239583333333334 0.27534722222222224 0.725 0.2715277777777778 0.7177083333333333
0 0.25972222222222224 0.7149305555555556 0.25451388888888893 0.7215277777777778 0.25833333333333336 0.7288194444444445 0.27013888888888893 0.728125 0.26909722222222227 0.7159722222222222
0 0.24652777777777782 0.7614583333333333 0.24097222222222223 0.7697916666666667 0.246875 0.7770833333333333 0.2569444444444445 0.7746527777777779 0.2555555555555556 0.7635416666666667
0 0.2625 0.7586805555555556 0.27291666666666664 0.7618055555555556 0.27222222222222225 0.7711805555555556 0.2621527777777778 0.7722222222222223 0.25798611111111114 0.7645833333333333
0 0.3607638888888889 0.6520833333333333 0.37395833333333334 0.6565972222222223 0.3729166666666667 0.6677083333333333 0.3600694444444445 0.6711805555555557 0.35381944444444446 0.6611111111111111
0 0.38819444444444445 0.6479166666666667 0.39791666666666664 0.6513888888888889 0.39791666666666664 0.6604166666666667 0.38784722222222223 0.6628472222222223 0.3826388888888889 0.6555555555555557
0 0.4336805555555556 0.6770833333333334 0.4434027777777778 0.6809027777777779 0.4430555555555556 0.690625 0.43263888888888896 0.6916666666666667 0.4277777777777778 0.684375
0 0.4847222222222223 0.6461805555555556 0.492013888888889 0.6427083333333333 0.4881944444444445 0.6350694444444445 0.47708333333333336 0.6378472222222222 0.478125 0.64375
0 0.24861111111111114 0.6569444444444444 0.25833333333333336 0.6597222222222223 0.2625 0.6680555555555556 0.2576388888888889 0.6756944444444445 0.2451388888888889 0.6736111111111112 0.24166666666666667 0.663888888888889
0 0.35347222222222224 0.6211805555555556 0.36423611111111115 0.625 0.36388888888888893 0.6322916666666667 0.3548611111111111 0.6350694444444445 0.34826388888888893 0.6284722222222223
0 0.3909722222222222 0.6659722222222223 0.40208333333333335 0.6690972222222222 0.4027777777777778 0.6760416666666667 0.39375 0.6802083333333333 0.3875 0.6763888888888889 0.3875 0.6711805555555557
0 0.4149305555555556 0.590625 0.4239583333333333 0.59375 0.4256944444444445 0.6034722222222223 0.4184027777777778 0.6079861111111111 0.40972222222222227 0.6048611111111112 0.4083333333333333 0.5958333333333333
0 0.41041666666666665 0.5739583333333333 0.4197916666666667 0.5770833333333333 0.42118055555555556 0.585763888888889 0.409375 0.5899305555555556 0.40347222222222223 0.5805555555555556
0 0.2513888888888889 0.7788194444444445 0.246875 0.7847222222222223 0.25 0.7902777777777779 0.25625 0.7892361111111111 0.2586805555555556 0.78125
0 0.4197916666666667 0.6121527777777778 0.429513888888889 0.6166666666666667 0.42916666666666664 0.625 0.4201388888888889 0.6291666666666667 0.41284722222222225 0.6236111111111111 0.41423611111111114 0.615625
0 0.4284722222222223 0.6305555555555556 0.41909722222222223 0.6329861111111111 0.41944444444444445 0.6402777777777778 0.42534722222222227 0.6430555555555556 0.43333333333333335 0.6371527777777778
0 0.415625 0.5697916666666667 0.40347222222222223 0.571875 0.4013888888888889 0.5628472222222223 0.40798611111111116 0.5565972222222223 0.41597222222222224 0.5600694444444445
0 0.2663194444444445 0.7753472222222223 0.2625 0.7819444444444444 0.26666666666666666 0.7878472222222223 0.27361111111111114 0.7861111111111111 0.2746527777777778 0.7760416666666666
0 0.28229166666666666 0.771875 0.2899305555555556 0.7753472222222223 0.2888888888888889 0.7815972222222223 0.28055555555555556 0.7836805555555556 0.27743055555555557 0.7767361111111112
0 0.22378472222222223 0.736574074074074 0.23078703703703704 0.733449074074074 0.2288773148148148 0.7255787037037036 0.2215277777777778 0.722511574074074 0.21597222222222223 0.7277199074074073 0.21736111111111114 0.7340277777777777
0 0.3184027777777778 0.6791666666666667 0.3128472222222222 0.684375 0.31493055555555555 0.6909722222222223 0.3246527777777778 0.6920138888888889 0.32534722222222223 0.6819444444444445
0 0.4329861111111111 0.5524305555555556 0.44166666666666665 0.5548611111111111 0.4413194444444445 0.5628472222222223 0.4336805555555556 0.5659722222222223 0.42916666666666664 0.559375
0 0.49513888888888896 0.5565972222222223 0.5065972222222223 0.5614583333333333 0.50625 0.570138888888889 0.49236111111111114 0.571875 0.4899305555555556 0.5635416666666667
0 0.43888888888888894 0.5694444444444445 0.4329861111111111 0.5732638888888889 0.4347222222222223 0.5805555555555556 0.4427083333333333 0.5815972222222223 0.4493055555555556 0.5756944444444445 0.44479166666666664 0.5704861111111111
0 0.4378472222222223 0.585763888888889 0.4340277777777778 0.5934027777777778 0.4375 0.6 0.44826388888888896 0.6017361111111111 0.4538194444444445 0.5961805555555556 0.45277777777777783 0.5875 0.4444444444444445 0.5836805555555556
0 0.45798611111111115 0.657638888888889 0.4659722222222223 0.6611111111111111 0.4642361111111111 0.6673611111111112 0.4559027777777778 0.6670138888888889 0.453125 0.6618055555555556
0 0.4538194444444445 0.640625 0.4628472222222223 0.6440972222222223 0.4628472222222223 0.6520833333333333 0.45277777777777783 0.654513888888889 0.446875 0.6465277777777778
0 0.3809027777777778 0.6142361111111111 0.390625 0.61875 0.3892361111111111 0.6274305555555556 0.37986111111111115 0.6284722222222223 0.375 0.6208333333333333
0 0.3670138888888889 0.673263888888889 0.3736111111111111 0.6770833333333334 0.3729166666666667 0.6833333333333333 0.365625 0.684375 0.3614583333333333 0.678125
0 0.43854166666666666 0.6684027777777778 0.43333333333333335 0.6642361111111111 0.42604166666666665 0.6659722222222223 0.42604166666666665 0.6725694444444444 0.43055555555555564 0.6746527777777778 0.4361111111111111 0.6739583333333333
0 0.4354166666666667 0.657638888888889 0.4368055555555556 0.6503472222222223 0.43055555555555564 0.6472222222222223 0.4225694444444445 0.6513888888888889 0.42152777777777783 0.657638888888889 0.4288194444444445 0.6607638888888889
0 0.40381944444444445 0.5423611111111112 0.39791666666666664 0.5479166666666667 0.4 0.5541666666666667 0.41111111111111115 0.5541666666666667 0.4131944444444445 0.546875 0.409375 0.5430555555555556
0 0.453125 0.6364583333333333 0.4586805555555556 0.6322916666666667 0.45659722222222227 0.6253472222222223 0.4486111111111111 0.6246527777777778 0.44548611111111114 0.6295138888888889 0.4479166666666667 0.634375
0 0.4434027777777778 0.6059027777777778 0.45208333333333334 0.6065972222222222 0.45625 0.6121527777777778 0.4552083333333333 0.6190972222222223 0.44548611111111114 0.6215277777777778 0.43888888888888894 0.6128472222222223
0 0.33784722222222224 0.6555555555555557 0.3333333333333333 0.6628472222222223 0.3368055555555556 0.6684027777777778 0.34548611111111116 0.6680555555555556 0.34548611111111116 0.657638888888889
0 0.38472222222222224 0.6322916666666667 0.3805555555555556 0.638888888888889 0.3826388888888889 0.64375 0.39027777777777783 0.6427083333333333 0.39166666666666666 0.6350694444444445
0 0.8662018592297475 0.5868193891102258 0.8642928286852589 0.5825863213811421 0.8656208499335988 0.577855245683931 0.8697709163346612 0.575531208499336 0.8729249667994687 0.5749501992031872 0.8774070385126161 0.5783532536520585 0.8790670650730412 0.5843293492695883 0.8747509960159363 0.5884794156706508 0.8691899070385125 0.5888114209827358
0 0.8877822045152722 0.584910358565737 0.8862051792828683 0.5817563081009297 0.8856241699867197 0.5764442231075697 0.8884462151394422 0.5729581673306773 0.8942563081009295 0.5712981407702524 0.8976593625498007 0.5732901726427624 0.8995683930942894 0.577191235059761 0.8989043824701194 0.5823373173970784 0.8950033200531207 0.5856573705179283
0 0.8844621513944223 0.567480079681275 0.8828021248339972 0.5639110225763613 0.8848771580345285 0.5588479415670652 0.8891932270916334 0.5569389110225764 0.8935922974767595 0.5585989375830014 0.895418326693227 0.5632470119521913 0.894090305444887 0.566816069057105 0.8901892430278884 0.5692231075697212 0.8864541832669321 0.5686420982735724
0 0.8704349269588312 0.5708001328021248 0.8664508632138115 0.5710491367861886 0.8627158034528553 0.56714807436919 0.8646248339973439 0.563496015936255 0.8672808764940239 0.5616699867197875 0.8720949535192563 0.5630810092961488 0.8735059760956174 0.5675630810092962
