0 0.10763888888888891 0.44236111111111115 0.11979166666666667 0.4503472222222223 0.11736111111111112 0.46388888888888896 0.10416666666666667 0.4659722222222223 0.09722222222222222 0.4590277777777778 0.09791666666666667 0.44826388888888896
0 0.096875 0.4836805555555556 0.10173611111111112 0.476388888888889 0.09409722222222222 0.4652777777777778 0.08229166666666667 0.46631944444444445 0.07708333333333334 0.4753472222222223 0.08020833333333334 0.4850694444444445 0.08854166666666667 0.4871527777777778
0 0.06041666666666667 0.4895833333333333 0.06770833333333333 0.48541666666666666 0.07847222222222222 0.4899305555555556 0.08090277777777778 0.4993055555555556 0.07430555555555556 0.5072916666666667 0.0625 0.5065972222222223 0.057291666666666664 0.4986111111111111
0 0.1746527777777778 0.5284722222222222 0.18472222222222223 0.5260416666666666 0.19097222222222224 0.53125 0.1902777777777778 0.5378472222222223 0.18506944444444445 0.5416666666666666 0.175 0.5427083333333333 0.17222222222222225 0.5354166666666667
0 0.19270833333333334 0.545138888888889 0.1996527777777778 0.5423611111111112 0.20694444444444446 0.5465277777777778 0.2076388888888889 0.5565972222222223 0.1982638888888889 0.5600694444444445 0.1902777777777778 0.554513888888889
0 0.228125 0.5038194444444445 0.2357638888888889 0.5003472222222223 0.24131944444444448 0.5045138888888889 0.24270833333333333 0.5118055555555556 0.2357638888888889 0.517013888888889 0.22743055555555558 0.5128472222222222
0 0.21805555555555556 0.4913194444444445 0.21354166666666666 0.4961805555555556 0.21597222222222223 0.5034722222222223 0.2225694444444445 0.5052083333333334 0.228125 0.4979166666666667 0.225 0.492013888888889
0 0.20381944444444444 0.50625 0.203125 0.5135416666666667 0.20798611111111112 0.5159722222222223 0.21423611111111115 0.5149305555555557 0.215625 0.5090277777777779 0.21180555555555558 0.5034722222222223
0 0.22534722222222223 0.5260416666666666 0.21597222222222223 0.5260416666666666 0.2138888888888889 0.5201388888888889 0.2184027777777778 0.515625 0.22534722222222223 0.5163194444444444 0.22743055555555558 0.5215277777777778
0 0.1732638888888889 0.5652777777777778 0.1701388888888889 0.5736111111111112 0.175 0.5791666666666667 0.18090277777777777 0.5819444444444445 0.18784722222222225 0.5798611111111112 0.19131944444444446 0.571875 0.1840277777777778 0.5625
0 0.2 0.4440972222222223 0.20833333333333334 0.4413194444444445 0.21458333333333332 0.446875 0.21041666666666667 0.4559027777777778 0.19861111111111113 0.4524305555555556
0 0.4083333333333333 0.29791666666666666 0.4048611111111111 0.3072916666666667 0.41041666666666665 0.3152777777777778 0.42152777777777783 0.3131944444444445 0.4239583333333333 0.3024305555555556 0.4138888888888889 0.29652777777777783
0 0.19088541666666667 0.31979166666666664 0.18567708333333333 0.3268229166666667 0.18932291666666667 0.33255208333333336 0.19557291666666668 0.3338541666666667 0.20104166666666667 0.32708333333333334 0.19739583333333333 0.32057291666666665
