0 0.6484375 0.82578125 0.64453125 0.8317708333333333 0.6479166666666667 0.8390625 0.6565104166666667 0.84140625 0.66171875 0.8372395833333334 0.6622395833333333 0.8283854166666667 0.653125 0.8244791666666667
0 0.31875 0.03984375 0.32786458333333335 0.036458333333333336 0.3380208333333333 0.04401041666666667 0.33671875 0.05390625 0.32786458333333335 0.058854166666666666 0.3190104166666667 0.05520833333333333 0.31536458333333334 0.046614583333333334
0 0.29322916666666665 0.07057291666666667 0.30078125 0.0671875 0.3109375 0.06979166666666667 0.31302083333333336 0.08255208333333333 0.30520833333333336 0.08802083333333334 0.2947916666666667 0.08645833333333333 0.2911458333333333 0.07838541666666667
0 0.3580729166666667 0.06796875 0.3640625 0.06510416666666667 0.3731770833333333 0.06796875 0.37109375 0.07942708333333333 0.3625 0.08046875 0.35703125 0.07395833333333333
0 0.3768229166666667 0.07786458333333333 0.3731770833333333 0.08307291666666666 0.37552083333333336 0.0921875 0.38619791666666664 0.09244791666666667 0.38984375 0.08385416666666666 0.38359375 0.07708333333333334
0 0.33489583333333334 0.11119791666666666 0.33203125 0.11822916666666666 0.34036458333333336 0.125 0.34817708333333336 0.11744791666666667 0.3419270833333333 0.10833333333333334
0 0.34765625 0.12213541666666666 0.3458333333333333 0.12786458333333334 0.35104166666666664 0.13541666666666666 0.36223958333333334 0.13020833333333334 0.35598958333333336 0.11901041666666666
0 0.41041666666666665 0.21666666666666667 0.41692708333333334 0.21145833333333333 0.42604166666666665 0.21484375 0.4296875 0.22161458333333334 0.42161458333333335 0.23203125 0.40859375 0.22734375
0 0.3963541666666667 0.23307291666666666 0.39427083333333335 0.24270833333333333 0.4010416666666667 0.25026041666666665 0.41067708333333336 0.2484375 0.4158854166666667 0.23723958333333334 0.4041666666666667 0.22734375
0 0.428125 0.24453125 0.41692708333333334 0.24479166666666666 0.409375 0.2526041666666667 0.4166666666666667 0.26197916666666665 0.42916666666666664 0.2609375 0.43255208333333334 0.25026041666666665
0 0.30807291666666664 0.14244791666666667 0.3143229166666667 0.14036458333333332 0.3221354166666667 0.14479166666666668 0.32109375 0.15182291666666667 0.31276041666666665 0.15598958333333332 0.3059895833333333 0.14973958333333334
0 0.44375 0.5010416666666667 0.44557291666666665 0.490625 0.43671875 0.48359375 0.4276041666666667 0.4895833333333333 0.42734375 0.49765625 0.4348958333333333 0.5044270833333333
0 0.44583333333333336 0.4674479166666667 0.45338541666666665 0.46458333333333335 0.46067708333333335 0.46979166666666666 0.45755208333333336 0.4778645833333333 0.44817708333333334 0.47890625 0.44375 0.47239583333333335
0 0.4354166666666667 0.55078125 0.44166666666666665 0.546875 0.44869791666666664 0.5502604166666667 0.4479166666666667 0.55859375 0.44036458333333334 0.5625 0.434375 0.55703125
0 0.47317708333333336 0.58203125 0.48098958333333336 0.57890625 0.4856770833333333 0.58125 0.4859375 0.5908854166666667 0.47369791666666666 0.5921875
0 0.6309895833333333 0.8627604166666667 0.6234375 0.8588541666666667 0.6255208333333333 0.8502604166666666 0.6346354166666667 0.8484375 0.63828125 0.85703125
0 0.6328125 0.8877604166666667 0.6263020833333334 0.8875 0.6239583333333333 0.89375 0.6286458333333333 0.8986979166666667 0.63671875 0.8950520833333333
0 0.65390625 0.8752604166666667 0.6596354166666667 0.87265625 0.6643229166666667 0.8768229166666667 0.6614583333333334 0.8828125 0.6520833333333333 0.8825520833333333
0 0.6794270833333333 0.8484375 0.675 0.8578125 0.6830729166666667 0.86640625 0.6932291666666667 0.8614583333333333 0.6950520833333333 0.8533854166666667 0.6875 0.8455729166666667
0 0.6598958333333333 0.8471354166666667 0.6682291666666667 0.85390625 0.678125 0.84609375 0.6747395833333333 0.8393229166666667 0.6653645833333334 0.8369791666666667
0 0.6848958333333334 0.82578125 0.6768229166666667 0.8231770833333333 0.6721354166666667 0.828125 0.6747395833333333 0.8385416666666666 0.6872395833333333 0.8372395833333334
0 0.7106770833333333 0.8083333333333333 0.7177083333333333 0.80625 0.7221354166666667 0.8125 0.7177083333333333 0.8197916666666667 0.70859375 0.8174479166666667
0 0.6901041666666666 0.7567708333333333 0.6953125 0.7544270833333333 0.70234375 0.759375 0.6953125 0.76953125 0.6864583333333333 0.76328125
0 0.69296875 0.7744791666666667 0.6848958333333334 0.7734375 0.6817708333333333 0.7817708333333333 0.68984375 0.7872395833333333 0.6971354166666667 0.7809895833333333
0 0.6744791666666666 0.7875 0.6739583333333333 0.7947916666666667 0.68125 0.79921875 0.68828125 0.79453125 0.6864583333333333 0.7854166666666667 0.6783854166666666 0.784375
0 0.603125 0.8713541666666667 0.60859375 0.8697916666666666 0.61328125 0.8734375 0.6109375 0.87890625 0.6028645833333334 0.87890625
0 0.6986979166666667 0.8440104166666667 0.6966145833333334 0.8494791666666667 0.7026041666666667 0.8544270833333333 0.7096354166666666 0.8502604166666666 0.7052083333333333 0.8427083333333333
0 0.7153645833333333 0.8307291666666666 0.7208333333333333 0.8294270833333334 0.7252604166666666 0.8341145833333333 0.7234375 0.8401041666666667 0.7153645833333333 0.8385416666666666
0 0.7075520833333333 0.8377604166666667 0.70625 0.8432291666666667 0.7109375 0.8466145833333333 0.7174479166666666 0.84296875 0.7127604166666667 0.8354166666666667
0 0.7020833333333333 0.7651041666666667 0.6955729166666667 0.7716145833333333 0.6997395833333333 0.7770833333333333 0.7075520833333333 0.7760416666666666 0.70859375 0.76796875
0 0.7052083333333333 0.778125 0.7046875 0.7846354166666667 0.709375 0.7875 0.71640625 0.78515625 0.7158854166666667 0.778125 0.7104166666666667 0.7752604166666667
0 0.67265625 0.8028645833333333 0.6721354166666667 0.809375 0.6768229166666667 0.8130208333333333 0.68359375 0.81015625 0.6833333333333333 0.803125 0.6776041666666667 0.7997395833333333
0 0.3229166666666667 0.13402777777777777 0.3288194444444445 0.12986111111111112 0.33611111111111114 0.13472222222222224 0.3333333333333333 0.1420138888888889 0.32430555555555557 0.1420138888888889
0 0.3416666666666667 0.1371527777777778 0.35104166666666664 0.140625 0.34826388888888893 0.14826388888888892 0.3402777777777778 0.1486111111111111 0.3368055555555556 0.14131944444444444
0 0.3309027777777778 0.14930555555555558 0.32916666666666666 0.15381944444444445 0.33611111111111114 0.159375 0.3416666666666667 0.15659722222222225 0.33819444444444446 0.14756944444444445
0 0.3229166666666667 0.159375 0.3232638888888889 0.165625 0.32916666666666666 0.1684027777777778 0.33472222222222225 0.16493055555555558 0.3309027777777778 0.15659722222222225
