0 0.7994791666666666 0.12902462121212122 0.7947443181818182 0.1318655303030303 0.7947443181818182 0.13802083333333334 0.8004261363636364 0.14038825757575757 0.8051609848484849 0.13825757575757575 0.8049242424242424 0.1318655303030303
0 0.8023200757575757 0.16619318181818182 0.7971117424242424 0.1690340909090909 0.7964015151515151 0.17447916666666666 0.8006628787878788 0.17755681818181818 0.806344696969697 0.17447916666666666 0.8065814393939393 0.16974431818181818
0 0.8023200757575757 0.18394886363636365 0.7975852272727273 0.1875 0.796875 0.1934185606060606 0.8027935606060607 0.19483901515151517 0.8065814393939393 0.19223484848484848 0.806344696969697 0.1863162878787879
0 0.8023200757575757 0.20170454545454544 0.7982954545454546 0.20549242424242425 0.798058712121212 0.21046401515151517 0.8042140151515151 0.21235795454545456 0.8084753787878788 0.2090435606060606 0.8077651515151516 0.20265151515151517
0 0.803503787878788 0.23674242424242423 0.7975852272727273 0.24005681818181818 0.7975852272727273 0.24526515151515152 0.803503787878788 0.248342803030303 0.8082386363636364 0.24573863636363635 0.8084753787878788 0.23958333333333334
0 0.24770833333333334 0.12229166666666667 0.24333333333333335 0.125 0.24229166666666666 0.130625 0.24604166666666666 0.13395833333333335 0.251875 0.13208333333333333 0.2529166666666667 0.12541666666666668
0 0.233125 0.135 0.2275 0.1375 0.226875 0.14395833333333333 0.23166666666666666 0.14604166666666665 0.23708333333333334 0.14458333333333334 0.23833333333333334 0.13833333333333334
0 0.24666666666666667 0.136875 0.24229166666666666 0.13895833333333332 0.24104166666666665 0.144375 0.24458333333333335 0.14708333333333334 0.25083333333333335 0.14604166666666665 0.25083333333333335 0.13875
0 0.245 0.15 0.24125 0.151875 0.24020833333333333 0.1575 0.24416666666666667 0.16125 0.24875 0.15895833333333334 0.25 0.15291666666666667
0 0.23145833333333332 0.14875 0.22645833333333334 0.15041666666666667 0.22520833333333334 0.15604166666666666 0.22958333333333333 0.15958333333333333 0.23583333333333334 0.15770833333333334 0.23583333333333334 0.15166666666666667
0 0.24416666666666667 0.16354166666666667 0.23979166666666665 0.16479166666666667 0.23833333333333334 0.17 0.24208333333333334 0.17375 0.246875 0.1725 0.248125 0.16645833333333335
0 0.23020833333333332 0.161875 0.22645833333333334 0.16354166666666667 0.22520833333333334 0.169375 0.22875 0.1725 0.23395833333333332 0.170625 0.23416666666666666 0.16458333333333333
0 0.4044769503546099 0.3371010638297872 0.39893617021276595 0.3408687943262411 0.3996010638297872 0.3479609929078014 0.4060283687943262 0.3508421985815603 0.41090425531914887 0.3466312056737588 0.4104609929078014 0.3395390070921986
0 0.43129432624113473 0.33931737588652483 0.42774822695035464 0.3415336879432624 0.42774822695035464 0.34707446808510634 0.43173758865248224 0.3490691489361702 0.43506205673758863 0.3466312056737588 0.4357269503546099 0.34131205673758863
0 0.5090868794326241 0.35350177304964536 0.515514184397163 0.356604609929078 0.5159574468085106 0.3614804964539007 0.5113031914893617 0.36679964539007087 0.5044326241134752 0.3645833333333333 0.5031028368794326 0.35771276595744683
0 0.5777925531914894 0.3508421985815603 0.5828900709219857 0.3532801418439716 0.5839982269503545 0.3597074468085106 0.5802304964539007 0.36436170212765956 0.5729166666666666 0.3625886524822695 0.5711436170212766 0.3548315602836879
0 0.5791223404255319 0.375886524822695 0.5848847517730497 0.3787677304964539 0.586436170212766 0.3865248226950354 0.5811170212765957 0.39029255319148937 0.5733599290780141 0.38851950354609927 0.5726950354609929 0.3792109929078014
0 0.5345744680851063 0.37256205673758863 0.5401152482269502 0.3738918439716312 0.5418882978723404 0.38054078014184395 0.537677304964539 0.3865248226950354 0.5299202127659574 0.38563829787234044 0.5283687943262411 0.37721631205673756
0 0.555186170212766 0.3818705673758865 0.5602836879432624 0.38386524822695034 0.5611702127659574 0.3909574468085106 0.5556294326241135 0.39561170212765956 0.5507535460992907 0.3927304964539007 0.5483156028368794 0.3874113475177305
0 0.5179521276595744 0.37898936170212766 0.5234929078014184 0.3818705673758865 0.5254875886524822 0.388741134751773 0.5203900709219857 0.3945035460992907 0.5117464539007092 0.39184397163120566 0.5104166666666666 0.38231382978723405
0 0.4982269503546099 0.3754432624113475 0.49379432624113473 0.3794326241134751 0.4946808510638297 0.3849734042553191 0.5019946808510638 0.3849734042553191 0.5044326241134752 0.37898936170212766
0 0.536790780141844 0.40381205673758863 0.5423315602836879 0.40647163120567376 0.5434397163120567 0.4120124113475177 0.5381205673758864 0.41710992907801414 0.53125 0.4153368794326241 0.5303634751773049 0.40757978723404253
0 0.4729609929078014 0.3816489361702127 0.47828014184397155 0.3836436170212766 0.47960992907801414 0.3920656028368794 0.4736258865248227 0.39472517730496454 0.4676418439716312 0.3925088652482269 0.4674202127659574 0.3854166666666667
0 0.44680851063829785 0.3816489361702127 0.45434397163120566 0.3849734042553191 0.45434397163120566 0.39361702127659576 0.44703014184397155 0.39760638297872336 0.4397163120567376 0.3949468085106383 0.4390514184397163 0.3865248226950354
0 0.42132092198581556 0.38253546099290775 0.4290780141843971 0.3849734042553191 0.4310726950354609 0.3927304964539007 0.4233156028368794 0.39915780141843965 0.41666666666666663 0.3953900709219858 0.4153368794326241 0.3874113475177305
0 0.5800088652482269 0.4078014184397163 0.5862145390070921 0.4100177304964539 0.586436170212766 0.41710992907801414 0.5815602836879432 0.4206560283687943 0.5753546099290779 0.41843971631205673 0.5738031914893617 0.4111258865248227
0 0.5558510638297872 0.4131205673758865 0.5609485815602836 0.41600177304964536 0.5620567375886524 0.42242907801418433 0.5565159574468085 0.4259751773049645 0.550531914893617 0.4233156028368794 0.550531914893617 0.4157801418439716
0 0.41378546099290775 0.4091312056737588 0.42043439716312053 0.41223404255319146 0.42154255319148937 0.42021276595744683 0.41600177304964536 0.42486702127659576 0.40868794326241137 0.4228723404255319 0.40691489361702127 0.41467198581560283
0 0.4740691489361702 0.41223404255319146 0.4809397163120567 0.4153368794326241 0.480718085106383 0.4228723404255319 0.4753989361702128 0.4261968085106383 0.4685283687943262 0.4233156028368794 0.4683067375886525 0.4162234042553191
0 0.4476950354609929 0.41267730496453897 0.45434397163120566 0.41511524822695034 0.4552304964539006 0.4228723404255319 0.4481382978723404 0.4275265957446808 0.4417109929078014 0.4239804964539007 0.4417109929078014 0.4157801418439716
0 0.5019946808510638 0.44193262411347517 0.4962322695035461 0.444813829787234 0.4962322695035461 0.45057624113475175 0.5013297872340425 0.45456560283687947 0.5082003546099291 0.45234929078014185 0.5084219858156028 0.44525709219858156
0 0.49578900709219853 0.3882978723404255 0.4915780141843971 0.39117907801418433 0.4911347517730496 0.39760638297872336 0.49601063829787234 0.3987145390070922 0.5013297872340425 0.3953900709219858 0.5011081560283688 0.3909574468085106
0 0.49955673758865243 0.4060283687943262 0.4949024822695035 0.40846631205673756 0.494459219858156 0.41422872340425526 0.49955673758865243 0.4164450354609929 0.5046542553191489 0.4140070921985815 0.5046542553191489 0.40757978723404253
0 0.580895390070922 0.4379432624113475 0.5753546099290779 0.4423758865248227 0.5757978723404255 0.44902482269503546 0.5820035460992907 0.45212765957446804 0.5888741134751773 0.44835992907801414 0.586436170212766 0.44038120567375877
0 0.532136524822695 0.4459219858156028 0.5274822695035462 0.45013297872340424 0.5274822695035462 0.4565602836879432 0.532136524822695 0.458554964539007 0.5385638297872339 0.45611702127659576 0.537677304964539 0.4474734042553192
0 0.5195035460992907 0.4366134751773049 0.5141843971631206 0.4410460992907801 0.515514184397163 0.44858156028368784 0.5214982269503545 0.44858156028368784 0.5261524822695035 0.4443705673758865 0.5241578014184397 0.4390514184397163
0 0.8084415584415584 0.3649891774891775 0.8024891774891775 0.3693181818181818 0.8033008658008658 0.3760822510822511 0.8097943722943722 0.37987012987012986 0.8162878787878788 0.37635281385281383 0.816017316017316 0.3671536796536797
0 0.7827380952380952 0.3652597402597403 0.7757034632034632 0.3701298701298701 0.7767857142857143 0.3774350649350649 0.7835497835497836 0.37987012987012986 0.79004329004329 0.37716450216450215 0.79004329004329 0.36607142857142855
0 0.7559523809523809 0.36553030303030304 0.7481060606060607 0.3712121212121212 0.7486471861471862 0.37987012987012986 0.7570346320346321 0.3831168831168831 0.7656926406926406 0.3787878787878788 0.7635281385281385 0.36796536796536794
0 0.7061688311688311 0.37310606060606055 0.6996753246753247 0.37932900432900435 0.7002164502164502 0.3869047619047619 0.7077922077922078 0.39015151515151514 0.7137445887445888 0.3869047619047619 0.7140151515151515 0.37662337662337664
0 0.7053571428571429 0.4004329004329004 0.6996753246753247 0.4050324675324675 0.6996753246753247 0.41233766233766234 0.7072510822510822 0.41558441558441556 0.7132034632034632 0.4099025974025974 0.7099567099567099 0.4028679653679653
0 0.7313311688311689 0.3990800865800866 0.7251082251082251 0.4034090909090909 0.7253787878787878 0.4107142857142857 0.7324134199134199 0.41477272727272724 0.7391774891774892 0.4109848484848485 0.7383658008658008 0.4023268398268398
0 0.7581168831168831 0.39826839826839827 0.7516233766233765 0.40205627705627706 0.7518939393939393 0.41017316017316013 0.7581168831168831 0.4136904761904762 0.7656926406926406 0.40936147186147187 0.7646103896103896 0.40124458874458874
0 0.7591991341991342 0.4296536796536796 0.7537878787878788 0.43371212121212127 0.7540584415584416 0.43993506493506496 0.759469696969697 0.44372294372294374 0.7667748917748918 0.4393939393939394 0.7646103896103896 0.43127705627705626
0 0.7326839826839826 0.4291125541125541 0.7261904761904762 0.43398268398268397 0.7259199134199134 0.44128787878787873 0.7329545454545454 0.4458874458874459 0.7402597402597402 0.4429112554112554 0.7399891774891775 0.43262987012987014
0 0.7862554112554112 0.42775974025974023 0.7784090909090909 0.43262987012987014 0.7784090909090909 0.4388528138528139 0.7846320346320347 0.44237012987012986 0.7927489177489178 0.4393939393939394 0.7916666666666666 0.4307359307359307
0 0.7843614718614719 0.398538961038961 0.7781385281385281 0.4036796536796537 0.7797619047619048 0.41044372294372294 0.7873376623376623 0.411525974025974 0.7911255411255411 0.4088203463203463 0.7908549783549784 0.400974025974026
0 0.8079004329004329 0.38446969696969696 0.8014069264069263 0.38879870129870125 0.8022186147186148 0.3963744588744589 0.8070887445887446 0.3977272727272727 0.8157467532467533 0.3939393939393939 0.8141233766233765 0.3869047619047619
0 0.8076298701298701 0.4015151515151515 0.803030303030303 0.4050324675324675 0.8033008658008658 0.4120670995670996 0.8097943722943722 0.4142316017316017 0.8165584415584416 0.41044372294372294 0.8141233766233765 0.40313852813852813
0 0.8092532467532467 0.4239718614718615 0.8046536796536796 0.4269480519480519 0.8046536796536796 0.43371212121212127 0.8097943722943722 0.4358766233766233 0.8162878787878788 0.43262987012987014 0.8154761904761905 0.4264069264069264
0 0.8092532467532467 0.4385822510822511 0.8041125541125541 0.44237012987012986 0.8038419913419913 0.44940476190476186 0.8097943722943722 0.4537337662337662 0.817099567099567 0.45048701298701294 0.816017316017316 0.44128787878787873
0 0.8130411255411255 0.45806277056277056 0.8079004329004329 0.4618506493506494 0.8073593073593074 0.4694264069264069 0.8146645021645021 0.4724025974025974 0.8208874458874459 0.46645021645021645 0.8203463203463203 0.4602272727272727
0 0.7646103896103896 0.4464285714285714 0.7556818181818181 0.4464285714285714 0.7529761904761905 0.4537337662337662 0.7573051948051948 0.4596861471861472 0.7656926406926406 0.4586038961038961 0.7675865800865801 0.4523809523809524
0 0.7397186147186148 0.4878246753246753 0.7448593073593074 0.4918831168831169 0.7454004329004329 0.49756493506493504 0.739448051948052 0.502435064935065 0.7318722943722943 0.4989177489177489 0.7326839826839826 0.4913419913419913
0 0.7621753246753247 0.4910714285714285 0.7562229437229437 0.4948593073593074 0.7556818181818181 0.5016233766233765 0.7616341991341992 0.5048701298701298 0.7673160173160173 0.5040584415584416 0.7689393939393939 0.49567099567099565
0 0.7892316017316017 0.4899891774891774 0.7957251082251082 0.4932359307359307 0.7965367965367965 0.5 0.7897727272727273 0.5059523809523809 0.7824675324675325 0.5027056277056277 0.7830086580086579 0.49377705627705626
0 0.7643398268398268 0.516504329004329 0.7573051948051948 0.520021645021645 0.7575757575757576 0.5281385281385281 0.764069264069264 0.5311147186147186 0.770021645021645 0.5281385281385281 0.7702922077922078 0.5194805194805194
0 0.7126623376623377 0.48917748917748916 0.7061688311688311 0.49404761904761907 0.7069805194805194 0.5010822510822511 0.7142857142857143 0.5029761904761905 0.7205086580086579 0.49729437229437223 0.7188852813852814 0.4913419913419913
0 0.6553030303030303 0.46563852813852813 0.6617965367965368 0.4686147186147186 0.6617965367965368 0.4772727272727273 0.6542207792207793 0.4791666666666667 0.648538961038961 0.4759199134199134 0.649621212121212 0.4683441558441558
0 0.6531385281385281 0.43371212121212127 0.660443722943723 0.43831168831168826 0.6607142857142857 0.4448051948051948 0.6544913419913421 0.44913419913419916 0.6474567099567099 0.4448051948051948 0.6463744588744589 0.4393939393939394
0 0.49691901408450706 0.4823943661971831 0.5020539906103286 0.4848884976525822 0.5026408450704226 0.4897300469483568 0.4986795774647888 0.4933978873239437 0.4936913145539906 0.4933978873239437 0.4920774647887324 0.4901701877934273 0.4920774647887324 0.48474178403755874
0 0.47813967136150237 0.48342136150234744 0.47344483568075124 0.48591549295774644 0.4731514084507042 0.4907570422535212 0.4765258215962442 0.49398474178403756 0.48136737089201875 0.49398474178403756 0.4835680751173709 0.4901701877934273 0.48283450704225356 0.48547535211267606
0 0.5082159624413145 0.5148180751173709 0.5038145539906104 0.5180457746478874 0.5042546948356808 0.523474178403756 0.5079225352112676 0.5250880281690141 0.5133509389671362 0.5236208920187794 0.5140845070422535 0.5199530516431925 0.5121772300469484 0.5164319248826291
0 0.4719776995305165 0.5044014084507042 0.46757629107981225 0.5067488262910799 0.4674295774647888 0.5111502347417841 0.47036384976525825 0.5139377934272301 0.4754988262910798 0.5136443661971831 0.477699530516432 0.5093896713615024 0.47491197183098594 0.5049882629107981
0 0.20345744680851063 0.6480496453900709 0.19780585106382978 0.6509308510638298 0.19758421985815602 0.6559175531914894 0.200354609929078 0.6601285460992907 0.20445478723404253 0.6609042553191489 0.2088874113475177 0.6579122340425532 0.2094414893617021 0.6502659574468084
0 0.22185283687943258 0.641511524822695 0.22617464539007093 0.643395390070922 0.2283909574468085 0.6492686170212766 0.22584219858156027 0.6542553191489361 0.22007978723404253 0.6548093971631206 0.21575797872340427 0.650709219858156 0.215979609929078 0.6446143617021276
0 0.2439051418439716 0.5979609929078014 0.25232712765957444 0.6010638297872339 0.2533244680851064 0.6095966312056738 0.2505540780141844 0.6138076241134752 0.24124556737588654 0.6152482269503545 0.2376994680851064 0.612145390070922 0.23515070921985815 0.6064937943262411 0.23792109929078015 0.600177304964539
0 0.22063386524822695 0.5989583333333334 0.22794769503546097 0.6006205673758864 0.23071808510638298 0.6069370567375886 0.22972074468085107 0.6128102836879432 0.22262854609929078 0.6166888297872339 0.21620124113475175 0.6150265957446809 0.2122118794326241 0.6080452127659574 0.2147606382978723 0.6006205673758864
0 0.3249113475177305 0.5843306737588652 0.33056294326241137 0.586436170212766 0.3318927304964539 0.5918661347517731 0.3295656028368794 0.5967420212765957 0.32324911347517726 0.5978501773049646 0.3192597517730496 0.5947473404255319 0.31859485815602834 0.5876551418439716
0 0.3015292553191489 0.5854388297872339 0.3067375886524823 0.5877659574468085 0.3082890070921986 0.593639184397163 0.3045212765957447 0.5984042553191489 0.2987588652482269 0.598293439716312 0.29521276595744683 0.5945257092198581 0.29543439716312053 0.5884308510638298
0 0.3275709219858156 0.5612810283687942 0.3334441489361702 0.5634973404255319 0.33410904255319146 0.5701462765957447 0.3296764184397163 0.5742464539007092 0.3230274822695035 0.5730274822695035 0.3205895390070922 0.568927304964539 0.3230274822695035 0.5621675531914894
0 0.30418882978723405 0.5620567375886524 0.3092863475177305 0.5643838652482269 0.31105939716312053 0.5697030141843972 0.3068484042553191 0.5748005319148937 0.2999778368794326 0.5742464539007092 0.2974290780141844 0.5707003546099291 0.2988696808510638 0.5644946808510638
0 0.31767822736030826 0.5086705202312138 0.3229768786127168 0.5116811175337187 0.3228564547206166 0.5179431599229287 0.31779865125240847 0.5208333333333334 0.3123795761078998 0.5183044315992292 0.31225915221579964 0.5111994219653179
0 0.28697013487475914 0.5264932562620424 0.28359826589595377 0.5292630057803468 0.28383911368015413 0.5335982658959537 0.2875722543352601 0.5358863198458574 0.29142581888246627 0.5339595375722543 0.2915462427745665 0.5279383429672447
0 0.2879335260115607 0.5376926782273603 0.2832369942196532 0.5403420038535646 0.28347784200385356 0.5455202312138728 0.2874518304431599 0.5479287090558767 0.292509633911368 0.5463631984585742 0.2928709055876686 0.5390173410404625
0 0.6903211805555556 0.6694878472222223 0.6976996527777778 0.6725260416666666 0.697265625 0.6796875 0.6911892361111112 0.6842447916666666 0.6846788194444445 0.6825086805555556 0.6840277777777778 0.673828125
0 0.7204861111111112 0.6686197916666666 0.7269965277777778 0.6716579861111112 0.7261284722222223 0.6786024305555556 0.7204861111111112 0.6820746527777778 0.7141927083333334 0.6786024305555556 0.7152777777777778 0.6705729166666666
0 0.7543402777777778 0.6649305555555556 0.7491319444444445 0.6694878472222223 0.75 0.675998263888889 0.755859375 0.6781684027777778 0.7621527777777778 0.6742621527777778 0.759765625 0.6657986111111112
0 0.6625434027777778 0.7005208333333334 0.6571180555555556 0.7046440972222223 0.6579861111111112 0.7120225694444445 0.664279513888889 0.7139756944444445 0.670138888888889 0.7105034722222223 0.6688368055555556 0.7026909722222223
0 0.693576388888889 0.6987847222222223 0.6870659722222223 0.7037760416666666 0.6890190972222223 0.7120225694444445 0.6957465277777778 0.7122395833333334 0.7020399305555556 0.7083333333333334 0.7003038194444445 0.7007378472222223
0 0.7252604166666666 0.6968315972222223 0.718967013888889 0.7024739583333334 0.720920138888889 0.7087673611111112 0.728732638888889 0.7096354166666666 0.7335069444444445 0.7039930555555556 0.7309027777777778 0.6981336805555556
0 0.7578125 0.695529513888889 0.7495659722222223 0.701171875 0.7510850694444445 0.7083333333333334 0.758029513888889 0.7094184027777778 0.7632378472222223 0.7055121527777778 0.7632378472222223 0.6979166666666666
0 0.6655815972222223 0.7319878472222223 0.6595052083333334 0.734592013888889 0.658203125 0.7417534722222223 0.6644965277777778 0.7467447916666666 0.6714409722222223 0.742404513888889 0.6705729166666666 0.7341579861111112
0 0.6953125 0.73046875 0.6890190972222223 0.734592013888889 0.6903211805555556 0.7411024305555556 0.695529513888889 0.7439236111111112 0.7018229166666666 0.7408854166666666 0.7022569444444445 0.7317708333333334
0 0.7315538194444445 0.7250434027777778 0.7261284722222223 0.7291666666666666 0.7274305555555556 0.7350260416666666 0.7328559027777778 0.736545138888889 0.7374131944444445 0.7330729166666666 0.7361111111111112 0.7272135416666666
0 0.7591145833333334 0.7588975694444445 0.7543402777777778 0.7623697916666666 0.7545572916666666 0.7680121527777778 0.759765625 0.771701388888889 0.7649739583333334 0.7684461805555556 0.7649739583333334 0.7608506944444445
0 0.7606336805555556 0.7799479166666666 0.767795138888889 0.7836371527777778 0.7669270833333334 0.7905815972222223 0.7595486111111112 0.7936197916666666 0.7545572916666666 0.7907986111111112 0.7547743055555556 0.7840711805555556
0 0.7923177083333334 0.7788628472222223 0.7862413194444445 0.7823350694444445 0.7855902777777778 0.7894965277777778 0.7914496527777778 0.79296875 0.7981770833333334 0.7905815972222223 0.799045138888889 0.7825520833333334
0 0.7606336805555556 0.8014322916666666 0.7552083333333334 0.806640625 0.7565104166666666 0.8120659722222223 0.7621527777777778 0.814670138888889 0.7686631944444445 0.8111979166666666 0.7669270833333334 0.802951388888889
0 0.793185763888889 0.7994791666666666 0.7881944444444445 0.802951388888889 0.7868923611111112 0.80859375 0.7921006944444445 0.8138020833333334 0.7986111111111112 0.8125 0.8005642361111112 0.8046875
0 0.73046875 0.8040364583333334 0.7243923611111112 0.8090277777777778 0.7256944444444445 0.8161892361111112 0.7319878472222223 0.8177083333333334 0.7380642361111112 0.8131510416666666 0.7358940972222223 0.8064236111111112
0 0.7630208333333334 0.8207465277777778 0.7571614583333334 0.82421875 0.7562934027777778 0.8309461805555556 0.76171875 0.8346354166666666 0.7688802083333334 0.8326822916666666 0.769748263888889 0.8237847222222223
0 0.7313368055555556 0.8240017361111112 0.7261284722222223 0.8276909722222223 0.7265625 0.8335503472222223 0.7317708333333334 0.8350694444444445 0.7367621527777778 0.8333333333333334 0.736545138888889 0.8250868055555556
0 0.750217013888889 0.845703125 0.7439236111111112 0.8506944444444445 0.74609375 0.8567708333333334 0.7536892361111112 0.859375 0.7569444444444445 0.8552517361111113 0.7562934027777778 0.8467881944444445
0 0.629040404040404 0.852020202020202 0.6242424242424242 0.8549242424242423 0.6244949494949494 0.8598484848484848 0.6281565656565656 0.8625 0.6335858585858586 0.8609848484848484 0.6342171717171716 0.8541666666666666
0 0.5857323232323233 0.842550505050505 0.5818181818181818 0.8452020202020201 0.5814393939393938 0.8492424242424241 0.5839646464646464 0.8526515151515152 0.5892676767676767 0.8517676767676767 0.5906565656565657 0.8483585858585858 0.5897727272727272 0.8433080808080807
0 0.5709595959595959 0.8430555555555556 0.5667929292929292 0.8462121212121212 0.5666666666666667 0.8505050505050504 0.5702020202020202 0.8534090909090909 0.5748737373737373 0.8529040404040403 0.5768939393939394 0.8493686868686868 0.5748737373737373 0.8439393939393939
0 0.5684343434343433 0.8693181818181817 0.5731060606060605 0.8709595959595958 0.5758838383838384 0.8770202020202019 0.5713383838383838 0.8815656565656564 0.5650252525252525 0.8813131313131313 0.5617424242424242 0.8765151515151515 0.5638888888888889 0.871590909090909
0 0.6018939393939394 0.8724747474747475 0.6056818181818181 0.8752525252525252 0.6059343434343434 0.880050505050505 0.6011363636363636 0.8825757575757575 0.5968434343434342 0.8801767676767676 0.5964646464646465 0.8744949494949494
0 0.41223404255319146 0.7063386524822695 0.4091312056737588 0.7087765957446809 0.4093528368794326 0.7124335106382979 0.41179078014184395 0.7142065602836879 0.41566932624113473 0.7134308510638298 0.41611258865248224 0.7080008865248227
0 0.41367464539007087 0.722406914893617 0.41688829787234044 0.7249556737588652 0.4158909574468085 0.7290558510638298 0.4115691489361702 0.7298315602836879 0.40957446808510634 0.7269503546099291 0.41035017730496454 0.7235150709219857
0 0.42641843971631205 0.7220744680851063 0.4234264184397163 0.724179964539007 0.4233156028368794 0.7273936170212766 0.42542109929078015 0.7293882978723404 0.42963209219858156 0.7285017730496454 0.42996453900709214 0.7236258865248227
0 0.3468013468013468 0.7531565656565656 0.35115039281705945 0.7546296296296297 0.35171156004489335 0.7601711560044894 0.34897586980920314 0.7633277216610549 0.34448653198653195 0.7638888888888888 0.34203142536475867 0.7617143658810325 0.34203142536475867 0.7558922558922558
0 0.3668630751964085 0.7542789001122333 0.36377665544332205 0.7562429854096521 0.3625140291806958 0.760381593714927 0.36553030303030304 0.7629769921436588 0.3697390572390572 0.7628367003367003 0.3715628507295174 0.7598905723905723 0.3700196408529742 0.7560325476992144
0 0.39471099887766553 0.7530864197530864 0.3918350168350168 0.7546997755331089 0.3901515151515151 0.7584175084175083 0.39204545454545453 0.7619248035914702 0.39765712682379345 0.7624158249158248 0.39976150392817056 0.7587682379349046 0.3980780022446689 0.7545594837261503
0 0.3832772166105499 0.7549102132435466 0.38615319865319864 0.755962401795735 0.38657407407407407 0.7590488215488215 0.38418911335578 0.7617143658810325 0.3811728395061728 0.7615039281705948 0.37991021324354657 0.7587682379349046 0.3807519640852974 0.7563832772166105
0 0.3699544270833333 0.7732747395833334 0.363037109375 0.7765299479166666 0.3616536458333333 0.783935546875 0.3660481770833333 0.7892252604166666 0.3739420572916667 0.7891438802083334 0.3783365885416667 0.7845865885416666 0.3771158854166667 0.775146484375
0 0.3924153645833333 0.7726236979166666 0.385498046875 0.7765299479166666 0.384765625 0.7822265625 0.38818359375 0.78759765625 0.3943684895833333 0.7886555989583334 0.4010416666666667 0.7845052083333334 0.4013671875 0.7794596354166666 0.3978678385416667 0.77294921875
0 0.3475548902195609 0.7773203592814372 0.35254491017964074 0.7803143712574852 0.35217065868263475 0.7864271457085829 0.3475548902195609 0.7881736526946108 0.343188622754491 0.7859281437125748 0.34293912175648705 0.780189620758483
0 0.3975988700564972 0.8147069209039549 0.4012182203389831 0.8166490112994351 0.4006885593220339 0.8209745762711865 0.3974223163841808 0.8222104519774012 0.39477401129943507 0.8204449152542374 0.3944209039548023 0.8165607344632768
0 0.4205840455840456 0.7813390313390314 0.4155982905982906 0.7845441595441596 0.41470797720797725 0.7913105413105413 0.4205840455840456 0.7939814814814815 0.42663817663817666 0.7911324786324786 0.4261039886039886 0.7836538461538463
0 0.4338369963369963 0.7803342490842491 0.4395604395604395 0.7821657509157508 0.44081959706959706 0.7883470695970696 0.43830128205128205 0.7928113553113554 0.4324633699633699 0.7936126373626373 0.42902930402930406 0.7908653846153846 0.42891483516483514 0.7839972527472527
0 0.3468055555555556 0.85625 0.34097222222222223 0.8604166666666667 0.3411111111111111 0.8675 0.34791666666666665 0.8708333333333333 0.3541666666666667 0.8670833333333333 0.3531944444444444 0.8580555555555556
0 0.3636111111111111 0.855 0.36916666666666664 0.8581944444444444 0.36916666666666664 0.865 0.3651388888888889 0.86875 0.3581944444444444 0.8677777777777778 0.3573611111111111 0.8593055555555557
0 0.3786111111111111 0.8552777777777777 0.37430555555555556 0.8581944444444444 0.37375 0.8654166666666666 0.37833333333333335 0.8670833333333333 0.3844444444444444 0.865 0.385 0.8570833333333333
0 0.39805555555555555 0.8543055555555557 0.39305555555555555 0.857638888888889 0.3933333333333333 0.86375 0.3981944444444444 0.8665277777777777 0.4038888888888889 0.8630555555555556 0.4041666666666667 0.8566666666666667
0 0.33375 0.8816666666666667 0.3284722222222222 0.8868055555555556 0.32972222222222225 0.8925 0.33458333333333334 0.894861111111111 0.34055555555555556 0.8919444444444444 0.3406944444444444 0.8834722222222223
0 0.3556944444444444 0.8805555555555556 0.36097222222222225 0.8831944444444444 0.36041666666666666 0.8894444444444444 0.35486111111111107 0.8922222222222222 0.35 0.8890277777777778 0.35097222222222224 0.8820833333333333
0 0.3748611111111111 0.8794444444444444 0.37958333333333333 0.8822222222222222 0.38 0.887638888888889 0.3763888888888889 0.8911111111111111 0.37125 0.8898611111111111 0.36847222222222226 0.8845833333333334 0.3705555555555556 0.8816666666666667
0 0.395 0.8788888888888889 0.40097222222222223 0.8816666666666667 0.40055555555555555 0.888611111111111 0.3954166666666667 0.8905555555555557 0.38930555555555557 0.8872222222222222 0.3904166666666667 0.881388888888889
0 0.41541666666666666 0.8779166666666667 0.42125 0.881388888888889 0.4206944444444444 0.8868055555555556 0.41583333333333333 0.8897222222222223 0.4101388888888889 0.8875 0.4101388888888889 0.8797222222222223
0 0.43375 0.8516666666666667 0.4404166666666667 0.8548611111111111 0.4404166666666667 0.862361111111111 0.43486111111111114 0.866388888888889 0.4277777777777778 0.8634722222222223 0.42791666666666667 0.8533333333333334
0 0.41833333333333333 0.8348611111111112 0.4247222222222222 0.8384722222222222 0.4241666666666667 0.8440277777777778 0.42 0.8477777777777779 0.4138888888888889 0.8465277777777778 0.41125 0.8406944444444445 0.41375 0.8366666666666667
0 0.4422222222222222 0.83125 0.44888888888888884 0.8348611111111112 0.44875 0.8416666666666667 0.44305555555555554 0.8455555555555555 0.4356944444444445 0.8422222222222222 0.4361111111111111 0.8343055555555555
0 0.455 0.8033333333333333 0.4597222222222222 0.8063888888888888 0.4593055555555555 0.8120833333333334 0.4540277777777778 0.8136111111111112 0.45 0.8101388888888889 0.4504166666666667 0.8055555555555555
0 0.38458333333333333 0.8344444444444444 0.3884722222222222 0.8365277777777778 0.3877777777777778 0.8423611111111111 0.38152777777777774 0.8430555555555556 0.38027777777777777 0.8370833333333333
0 0.37125 0.8356944444444445 0.3676388888888889 0.8386111111111112 0.3698611111111111 0.8436111111111111 0.3738888888888889 0.8434722222222222 0.37777777777777777 0.8394444444444444 0.375 0.835
0 0.5113888888888889 0.9163888888888889 0.50625 0.9205555555555556 0.5072222222222222 0.9259722222222223 0.5131944444444445 0.9273611111111111 0.5177777777777778 0.92375 0.5156944444444445 0.9181944444444444
0 0.5283333333333333 0.9158333333333334 0.5329166666666667 0.92 0.5313888888888889 0.9254166666666667 0.525 0.92625 0.5223611111111112 0.9211111111111111 0.5241666666666667 0.9170833333333334
0 0.5466666666666666 0.9118055555555556 0.5533333333333333 0.9152777777777777 0.5515277777777778 0.9223611111111111 0.5459722222222222 0.9241666666666667 0.5405555555555556 0.9208333333333333 0.5415277777777778 0.9141666666666667
0 0.5672222222222222 0.9102777777777777 0.5726388888888888 0.91375 0.5694444444444445 0.9204166666666667 0.5623611111111111 0.9180555555555556 0.5631944444444444 0.9116666666666666
0 0.5454166666666667 0.8943055555555556 0.5501388888888888 0.8984722222222223 0.5466666666666666 0.9047222222222223 0.5398611111111111 0.9018055555555556 0.5398611111111111 0.8970833333333333
0 0.5444444444444445 0.8747222222222223 0.5493055555555555 0.878611111111111 0.5477777777777778 0.8852777777777777 0.5402777777777779 0.8855555555555557 0.5386111111111112 0.8788888888888889
0 0.5297222222222222 0.873611111111111 0.5244444444444445 0.8769444444444444 0.5241666666666667 0.883888888888889 0.53 0.8872222222222222 0.5356944444444445 0.8833333333333333 0.5355555555555556 0.8765277777777777
0 0.5145833333333333 0.8759722222222223 0.5105555555555555 0.87875 0.51 0.8834722222222223 0.5148611111111111 0.8870833333333333 0.5197222222222222 0.88375 0.5197222222222222 0.877638888888889
0 0.49986111111111114 0.8452777777777778 0.5051388888888888 0.8475 0.5056944444444444 0.855138888888889 0.5001388888888889 0.8594444444444443 0.4943055555555555 0.8555555555555556 0.49416666666666664 0.8480555555555556
0 0.5176388888888889 0.8444444444444444 0.5219444444444444 0.8456944444444445 0.5223611111111112 0.8530555555555556 0.5179166666666667 0.855 0.5138888888888888 0.8518055555555555 0.5144444444444445 0.84625
0 0.5306944444444445 0.8438888888888889 0.5356944444444445 0.84625 0.5354166666666667 0.8526388888888888 0.53125 0.8556944444444444 0.5254166666666666 0.8525 0.5261111111111112 0.8459722222222222
0 0.4575 0.8756944444444443 0.46291666666666664 0.8777777777777778 0.4634722222222222 0.8848611111111111 0.4579166666666667 0.8883333333333333 0.4525 0.8861111111111111 0.45166666666666666 0.8790277777777777
0 0.7908370206489675 0.07780235988200598 0.7913901179941002 0.07457595870206497 0.7938790560471977 0.07282448377581127 0.7975663716814159 0.07374631268436586 0.7988569321533924 0.07743362831858414 0.7956305309734513 0.08066002949852515 0.7926806784660767 0.08019911504424787
0 0.7922327898550724 0.25837862318840576 0.7916666666666665 0.25634057971014496 0.792685688405797 0.25373641304347827 0.7943274456521738 0.252830615942029 0.7963654891304347 0.2533967391304348 0.7980638586956522 0.25515172101449274 0.7976675724637681 0.2587182971014493 0.7946671195652174 0.25968070652173914
0 0.8048007246376812 0.25718976449275366 0.8048007246376812 0.25464221014492755 0.8062726449275361 0.25288722826086957 0.8088768115942028 0.25249094202898553 0.8109148550724636 0.2543591485507246 0.8106884057971013 0.2575860507246377 0.8089334239130435 0.2589447463768116 0.8064990942028984 0.2587182971014493
0 0.6627852397458117 0.23911395147313697 0.6622436452917388 0.2370197862507222 0.6629296649335644 0.23525057770075108 0.6645544482957828 0.23384243212016181 0.6663597631426922 0.23333694396302718 0.6687788850375506 0.2342034950895437 0.6696815424610052 0.23673093587521674 0.6689233102253034 0.23922227036395158 0.6670096764875795 0.24041377816291165 0.6648071923743502 0.24016103408434436
0 0.6536596119929453 0.23914241622574953 0.6529431216931217 0.23748897707231037 0.654210758377425 0.23500881834215165 0.6577380952380952 0.23429232804232802 0.6595568783068783 0.23671737213403876 0.6587301587301587 0.2395282186948853 0.6560295414462081 0.2402998236331569
0 0.656615734720416 0.11421759861291719 0.6564531859557867 0.11175227568270482 0.6576452102297355 0.11015387949718246 0.6592165149544863 0.1096120502817512 0.661600563502384 0.11093953185955788 0.6617631122670133 0.11326939748591243 0.6603272648461205 0.11511161681837886 0.6577806675335933 0.1148948851322063
0 0.6704323797139141 0.11291720849588206 0.6701614651061985 0.1112917208495882 0.6710013003901171 0.11026224534026875 0.6724642392717816 0.10988296488946683 0.674116818378847 0.110370611183355 0.6746586475942782 0.11183355006501951 0.6741710013003901 0.11345903771131338 0.6727351538794971 0.11408214130905937 0.6710283918508886 0.11381122670134375
0 0.6707638888888888 0.12085648148148148 0.6709027777777778 0.1191898148148148 0.6720601851851852 0.118125 0.6743287037037037 0.11854166666666667 0.6751157407407408 0.1204861111111111 0.6740972222222222 0.12247685185185185 0.6721527777777778 0.12247685185185185
0 0.5123456790123456 0.3506944444444444 0.5112654320987654 0.3488425925925926 0.5119598765432097 0.34444444444444444 0.5157407407407407 0.3429012345679012 0.5181327160493826 0.344212962962963 0.5194444444444444 0.34691358024691354 0.517824074074074 0.35131172839506175
0 0.3312915282392027 0.5067483388704319 0.3309454595791806 0.5048795681063123 0.33329872646733116 0.5018341638981173 0.3365517718715394 0.5019725913621262 0.33807447397563684 0.5035645071982281 0.33848975636766343 0.5065406976744187 0.33551356589147296 0.508686323366556 0.33322951273532675 0.5084786821705426
0 0.33378322259136217 0.5385174418604651 0.331499169435216 0.5369947397563677 0.3303225359911407 0.5347106866002215 0.3317760243632337 0.5320805647840532 0.3356519933554818 0.531734496124031 0.33793604651162795 0.5346414728682171 0.3367594130675527 0.5378945182724253
0 0.7386853448275862 0.5080100574712645 0.7393318965517242 0.5060704022988506 0.7420617816091954 0.5045617816091954 0.7448635057471265 0.5057112068965517 0.7457974137931035 0.5091594827586208 0.7432112068965517 0.5118175287356321 0.739691091954023 0.5117456896551725
0 0.6830587855297158 0.4532461240310078 0.6837855297157622 0.45106589147286824 0.6857235142118864 0.4491279069767442 0.6883882428940569 0.4493701550387597 0.6905684754521965 0.4517926356589148 0.6892764857881136 0.4560723514211887 0.6862080103359173 0.456233850129199 0.6834625322997415 0.45542635658914726
0 0.6728843669250646 0.4505813953488373 0.6729651162790697 0.44670542635658916 0.6758720930232558 0.4442021963824289 0.6799095607235143 0.445171188630491 0.6813630490956072 0.4477551679586564 0.6798288113695091 0.45106589147286824 0.6776485788113695 0.4525193798449612 0.6739341085271319 0.45203488372093026
0 0.6810400516795866 0.441779715762274 0.6778100775193798 0.43976098191214474 0.6775678294573644 0.43491602067183466 0.6795865633074936 0.43160529715762275 0.6855620155038761 0.43071705426356593 0.688468992248062 0.4343507751937985 0.688468992248062 0.4394379844961241 0.685077519379845 0.4416989664082687
