0 0.5315476190476189 0.05357142857142856 0.525297619047619 0.057738095238095234 0.5261904761904761 0.06547619047619048 0.5315476190476189 0.06904761904761904 0.5407738095238095 0.06636904761904762 0.5398809523809524 0.05505952380952381
0 0.5107142857142857 0.05327380952380952 0.5002976190476189 0.05327380952380952 0.4949404761904761 0.05982142857142857 0.4967261904761905 0.06607142857142856 0.5029761904761905 0.06994047619047618 0.512797619047619 0.06874999999999999 0.5145833333333333 0.059523809523809514
0 0.47172619047619047 0.05297619047619047 0.481547619047619 0.05297619047619047 0.48571428571428565 0.06071428571428571 0.48303571428571423 0.06934523809523808 0.4758928571428571 0.07113095238095238 0.46815476190476185 0.06726190476190476 0.4666666666666667 0.05892857142857142
0 0.4764880952380952 0.024404761904761905 0.48363095238095233 0.027976190476190474 0.48541666666666666 0.03511904761904761 0.481547619047619 0.04166666666666666 0.475 0.04166666666666666 0.46934523809523804 0.03809523809523809 0.46875 0.027976190476190474
0 0.4446428571428571 0.024999999999999998 0.4526785714285714 0.024999999999999998 0.45773809523809517 0.03184523809523809 0.4553571428571428 0.03809523809523809 0.4485119047619047 0.04226190476190476 0.44196428571428564 0.039285714285714285 0.44017857142857136 0.030654761904761903
0 0.4449404761904761 0.05357142857142856 0.4553571428571428 0.05416666666666667 0.4574404761904761 0.061607142857142846 0.4547619047619047 0.06785714285714285 0.44880952380952377 0.06904761904761904 0.4398809523809523 0.06636904761904762 0.4398809523809523 0.05892857142857142
0 0.7788690476190476 0.44077380952380946 0.7738095238095237 0.44166666666666665 0.7732142857142856 0.45 0.7761904761904761 0.45327380952380947 0.7812499999999999 0.45327380952380947 0.7866071428571427 0.45 0.7851190476190475 0.44226190476190474
0 0.7857142857142857 0.4586309523809523 0.7782738095238094 0.46041666666666664 0.7744047619047618 0.4672619047619047 0.7782738095238094 0.47351190476190474 0.7869047619047619 0.4741071428571428 0.7913690476190475 0.4654761904761905
0 0.7830357142857142 0.4898809523809523 0.7925595238095237 0.4886904761904761 0.7934523809523808 0.48125 0.7886904761904762 0.4761904761904761 0.7800595238095237 0.47678571428571426 0.7770833333333332 0.4848214285714285
0 0.7872023809523808 0.5083333333333332 0.8014880952380952 0.506547619047619 0.8035714285714285 0.4952380952380952 0.7964285714285714 0.4898809523809523 0.7857142857142857 0.49226190476190473 0.7818452380952381 0.49821428571428567
0 0.6071428571428571 0.5089285714285714 0.6148809523809523 0.5125 0.6169642857142856 0.5202380952380952 0.6133928571428572 0.5264880952380951 0.6053571428571428 0.5285714285714285 0.5979166666666665 0.5232142857142856 0.5970238095238094 0.513095238095238
0 0.6282738095238094 0.5288690476190476 0.6223214285714285 0.5404761904761904 0.6252976190476189 0.5458333333333333 0.6330357142857143 0.5488095238095237 0.6398809523809523 0.5461309523809523 0.6434523809523809 0.5389880952380952 0.637797619047619 0.5294642857142856
0 0.2518518518518519 0.1988425925925926 0.25740740740740736 0.1997685185185185 0.26157407407407407 0.20416666666666666 0.2594907407407407 0.21041666666666667 0.25416666666666665 0.21273148148148147 0.24907407407407406 0.2101851851851852 0.2474537037037037 0.2048611111111111
0 0.2321759259259259 0.1988425925925926 0.22893518518518519 0.20300925925925925 0.23009259259259257 0.21064814814814814 0.23564814814814813 0.2125 0.24189814814814814 0.20902777777777776 0.24074074074074073 0.19930555555555554
0 0.21689814814814815 0.22268518518518518 0.22546296296296295 0.2224537037037037 0.22962962962962963 0.22939814814814816 0.22708333333333333 0.23541666666666666 0.2210648148148148 0.2384259259259259 0.21481481481481482 0.23449074074074072 0.2125 0.22708333333333333
0 0.24976851851851853 0.22337962962962962 0.2414351851851852 0.22291666666666668 0.23726851851851852 0.22800925925925924 0.23819444444444443 0.23449074074074072 0.24490740740740738 0.23865740740740737 0.2516203703703704 0.23541666666666666 0.25277777777777777 0.22870370370370371
0 0.2638888888888889 0.22430555555555556 0.2724537037037037 0.22384259259259257 0.2763888888888889 0.22916666666666666 0.2743055555555556 0.23541666666666666 0.26875 0.2384259259259259 0.26157407407407407 0.2358796296296296 0.2601851851851852 0.22777777777777777
0 0.2877314814814815 0.22453703703703703 0.29606481481481484 0.22407407407407404 0.3002314814814815 0.22916666666666666 0.29768518518518516 0.2358796296296296 0.29259259259259257 0.23958333333333334 0.28541666666666665 0.2358796296296296 0.2844907407407407 0.22939814814814816
0 0.31157407407407406 0.22476851851851853 0.32037037037037036 0.225 0.32337962962962963 0.22962962962962963 0.3222222222222222 0.23634259259259258 0.3175925925925926 0.23981481481481481 0.3108796296296296 0.23796296296296296 0.3078703703703704 0.22962962962962963
0 0.3509259259259259 0.22430555555555556 0.3416666666666667 0.22430555555555556 0.33796296296296297 0.23009259259259257 0.34027777777777773 0.23796296296296296 0.3472222222222222 0.24050925925925923 0.3537037037037037 0.23796296296296296 0.35532407407407407 0.23055555555555557
0 0.36527777777777776 0.22569444444444442 0.37407407407407406 0.22569444444444442 0.37754629629629627 0.2310185185185185 0.3743055555555555 0.23865740740740737 0.3657407407407407 0.23912037037037037 0.36180555555555555 0.23171296296296295
0 0.38796296296296295 0.22708333333333333 0.3960648148148148 0.22569444444444442 0.40138888888888885 0.2310185185185185 0.399537037037037 0.2375 0.3923611111111111 0.24074074074074073 0.3851851851851852 0.23541666666666666
0 0.24560185185185185 0.24675925925925923 0.24282407407407405 0.2523148148148148 0.24560185185185185 0.2594907407407407 0.2523148148148148 0.2599537037037037 0.2569444444444444 0.25532407407407404 0.25532407407407404 0.24837962962962962 0.25046296296296294 0.24560185185185185
0 0.27337962962962964 0.24583333333333332 0.2798611111111111 0.24884259259259256 0.28055555555555556 0.25625 0.2766203703703704 0.26134259259259257 0.26828703703703705 0.2599537037037037 0.2652777777777778 0.25439814814814815 0.26782407407407405 0.24722222222222223
0 0.29236111111111107 0.2476851851851852 0.30092592592592593 0.2469907407407407 0.30439814814814814 0.2520833333333333 0.30347222222222225 0.25740740740740736 0.29953703703703705 0.26111111111111107 0.2935185185185185 0.26134259259259257 0.29027777777777775 0.25625
0 0.41626602564102566 0.2265625 0.41065705128205127 0.2309695512820513 0.4114583333333333 0.23818108974358973 0.41626602564102566 0.2411858974358974 0.42407852564102566 0.23818108974358973 0.42467948717948717 0.22856570512820512
0 0.4407051282051282 0.2265625 0.4348958333333333 0.2299679487179487 0.4344951923076923 0.23818108974358973 0.4413060897435897 0.24158653846153844 0.44831730769230765 0.23798076923076925 0.4479166666666667 0.22876602564102563
0 0.40464743589743585 0.2489983974358974 0.398036858974359 0.25340544871794873 0.39823717948717946 0.26021634615384615 0.4048477564102564 0.2636217948717948 0.41286057692307687 0.258213141025641 0.41085737179487175 0.25080128205128205
0 0.38120993589743585 0.2483974358974359 0.3876201923076923 0.2512019230769231 0.3880208333333333 0.26021634615384615 0.3804086538461538 0.2646233974358974 0.37379807692307687 0.2608173076923077 0.3739983974358974 0.2514022435897436
0 0.3569711538461538 0.2481971153846154 0.36378205128205127 0.25080128205128205 0.3635817307692308 0.25861378205128205 0.3565705128205128 0.26342147435897434 0.3505608974358974 0.2594150641025641 0.351161858974359 0.2516025641025641
0 0.37780448717948717 0.2720352564102564 0.38461538461538464 0.27524038461538464 0.38461538461538464 0.2826522435897436 0.3780048076923077 0.28745993589743585 0.3719951923076923 0.28405448717948717 0.3719951923076923 0.27564102564102566
0 0.5388621794871795 0.27784455128205127 0.5446714743589743 0.28205128205128205 0.5448717948717948 0.288661858974359 0.5390625 0.29286858974358976 0.5334535256410255 0.28986378205128205 0.532451923076923 0.28064903846153844
0 0.2255608974358974 0.24519230769230768 0.2315705128205128 0.24879807692307693 0.23177083333333334 0.25721153846153844 0.2255608974358974 0.26001602564102566 0.21895032051282048 0.2566105769230769 0.2197516025641026 0.2489983974358974
0 0.19671474358974358 0.22175480769230768 0.2029246794871795 0.2247596153846154 0.203125 0.23457532051282048 0.19651442307692307 0.23737980769230768 0.19030448717948717 0.23397435897435898 0.19010416666666666 0.2249599358974359
0 0.2019230769230769 0.24459134615384615 0.20813301282051283 0.2483974358974359 0.20813301282051283 0.2558092948717948 0.2019230769230769 0.26061698717948717 0.19611378205128205 0.2562099358974359 0.1953125 0.24919871794871795
0 0.2608173076923077 0.2698317307692308 0.26782852564102566 0.2748397435897436 0.26742788461538464 0.2828525641025641 0.26061698717948717 0.28565705128205127 0.2550080128205128 0.2824519230769231 0.25400641025641024 0.2740384615384615
0 0.2848557692307692 0.27023237179487175 0.2910657051282051 0.2746394230769231 0.2906650641025641 0.28125 0.28465544871794873 0.2854567307692308 0.2784455128205128 0.2814503205128205 0.2786458333333333 0.27263621794871795
0 0.30649038461538464 0.2720352564102564 0.312900641025641 0.27584134615384615 0.3125 0.2838541666666667 0.3066907051282051 0.2860576923076923 0.30148237179487175 0.2838541666666667 0.30128205128205127 0.27524038461538464
0 0.3287259615384615 0.27183493589743585 0.3361378205128205 0.2770432692307692 0.3349358974358974 0.2848557692307692 0.328525641025641 0.2866586538461538 0.32251602564102566 0.28305288461538464 0.32271634615384615 0.2754407051282051
0 0.320713141025641 0.24739583333333334 0.32792467948717946 0.2512019230769231 0.3267227564102564 0.2592147435897436 0.32111378205128205 0.2620192307692308 0.31430288461538464 0.2592147435897436 0.3137019230769231 0.2512019230769231
0 0.2604166666666667 0.2942708333333333 0.2666266025641026 0.2974759615384615 0.2668269230769231 0.3036858974358974 0.2608173076923077 0.3082932692307692 0.2542067307692308 0.3048878205128205 0.2542067307692308 0.2974759615384615
0 0.2838541666666667 0.2944711538461538 0.2902644230769231 0.29787660256410253 0.2910657051282051 0.3048878205128205 0.2844551282051282 0.30849358974358976 0.27804487179487175 0.30548878205128205 0.2776442307692308 0.2982772435897436
0 0.3283253205128205 0.296474358974359 0.33373397435897434 0.3004807692307692 0.33413461538461536 0.3058894230769231 0.32792467948717946 0.3104967948717948 0.3219150641025641 0.30709134615384615 0.3219150641025641 0.30028044871794873
0 0.30649038461538464 0.2958733974358974 0.3110977564102564 0.2994791666666667 0.31169871794871795 0.3060897435897436 0.3062900641025641 0.30929487179487175 0.3004807692307692 0.3062900641025641 0.30028044871794873 0.29907852564102566
0 0.1782852564102564 0.2485977564102564 0.18469551282051283 0.25180288461538464 0.18529647435897437 0.2580128205128205 0.1798878205128205 0.2630208333333333 0.1736778846153846 0.2598157051282051 0.17307692307692307 0.2520032051282051
0 0.16446314102564102 0.2692307692307692 0.1708733974358974 0.2720352564102564 0.17127403846153846 0.2798477564102564 0.16546474358974358 0.2838541666666667 0.15865384615384615 0.28044871794871795 0.15845352564102563 0.2734375
0 0.15064102564102563 0.28986378205128205 0.15665064102564102 0.2932692307692308 0.15745192307692307 0.30028044871794873 0.15104166666666666 0.3048878205128205 0.14503205128205127 0.30068108974358976 0.1440304487179487 0.29467147435897434
0 0.2970753205128205 0.32011217948717946 0.30548878205128205 0.32431891025641024 0.30548878205128205 0.33273237179487175 0.2982772435897436 0.3375400641025641 0.2910657051282051 0.3329326923076923 0.29006410256410253 0.32431891025641024
0 0.27323717948717946 0.31951121794871795 0.2800480769230769 0.32311698717948717 0.28104967948717946 0.33253205128205127 0.27323717948717946 0.3365384615384615 0.265625 0.33213141025641024 0.265625 0.32251602564102566
0 0.351963141025641 0.297275641025641 0.35757211538461536 0.3000801282051282 0.35757211538461536 0.30709134615384615 0.3517628205128205 0.31089743589743585 0.3463541666666667 0.3072916666666667 0.3469551282051282 0.29967948717948717
0 0.34935897435897434 0.35256410256410253 0.3583733974358974 0.35757211538461536 0.35857371794871795 0.36698717948717946 0.3501602564102564 0.3735977564102564 0.34034455128205127 0.3683894230769231 0.34034455128205127 0.3573717948717948
0 0.3191105769230769 0.35436698717948717 0.3253205128205128 0.35777243589743585 0.3257211538461538 0.3643830128205128 0.3193108974358974 0.36818910256410253 0.3139022435897436 0.36538461538461536 0.3137019230769231 0.3565705128205128
0 0.28886217948717946 0.35376602564102566 0.2938701923076923 0.3569711538461538 0.29467147435897434 0.3635817307692308 0.28846153846153844 0.367588141025641 0.2832532051282051 0.36378205128205127 0.28305288461538464 0.3567708333333333
0 0.2580128205128205 0.35336538461538464 0.26342147435897434 0.35596955128205127 0.2642227564102564 0.3635817307692308 0.25761217948717946 0.3661858974358974 0.25240384615384615 0.3619791666666667 0.2516025641025641 0.35596955128205127
0 0.2271634615384615 0.3517628205128205 0.23377403846153844 0.3563701923076923 0.23357371794871795 0.3629807692307692 0.2275641025641026 0.3657852564102564 0.22135416666666666 0.3623798076923077 0.22115384615384615 0.35536858974358976
0 0.19591346153846154 0.35136217948717946 0.2017227564102564 0.35436698717948717 0.2021233974358974 0.3623798076923077 0.19631410256410256 0.3651842948717948 0.1909054487179487 0.36177884615384615 0.19030448717948717 0.3547676282051282
0 0.3271233974358974 0.3205128205128205 0.33253205128205127 0.32311698717948717 0.33273237179487175 0.3287259615384615 0.3283253205128205 0.3313301282051282 0.32411858974358976 0.32912660256410253 0.32311698717948717 0.32251602564102566
0 0.328525641025641 0.3413461538461538 0.3333333333333333 0.33814102564102566 0.33253205128205127 0.33253205128205127 0.3271233974358974 0.3323317307692308 0.3229166666666667 0.3347355769230769 0.32431891025641024 0.34054487179487175
0 0.23328993055555558 0.380859375 0.24197048611111113 0.3849826388888889 0.24262152777777782 0.3986545138888889 0.23220486111111113 0.40234375 0.22417534722222224 0.3975694444444445 0.22352430555555558 0.3860677083333333
0 0.27907986111111116 0.38064236111111116 0.2894965277777778 0.3858506944444445 0.2894965277777778 0.3995225694444445 0.2779947916666667 0.4049479166666667 0.2684461805555556 0.3975694444444445 0.2686631944444445 0.3858506944444445
0 0.3187934027777778 0.3869357638888889 0.3248697916666667 0.39040798611111116 0.3250868055555556 0.3969184027777778 0.31814236111111116 0.4006076388888889 0.3131510416666667 0.39605034722222227 0.3131510416666667 0.3899739583333333
0 0.34939236111111116 0.3875868055555556 0.3548177083333333 0.3908420138888889 0.35546875 0.3969184027777778 0.3502604166666667 0.4008246527777778 0.3450520833333333 0.39822048611111116 0.3439670138888889 0.3917100694444445
0 0.19596354166666666 0.3841145833333333 0.2016059027777778 0.3875868055555556 0.20182291666666666 0.3949652777777778 0.1957465277777778 0.39822048611111116 0.19010416666666666 0.39409722222222227 0.19032118055555558 0.3875868055555556
0 0.1644965277777778 0.3836805555555556 0.17057291666666666 0.3860677083333333 0.17078993055555558 0.39431423611111116 0.16514756944444445 0.3969184027777778 0.15950520833333334 0.39431423611111116 0.15928819444444445 0.3878038194444445
0 0.19487847222222224 0.4114583333333333 0.203125 0.4142795138888889 0.2033420138888889 0.4249131944444445 0.19487847222222224 0.4296875 0.18706597222222224 0.42578125 0.18684895833333334 0.41579861111111116
0 0.22591145833333334 0.4171006944444445 0.2306857638888889 0.41948784722222227 0.23133680555555558 0.42795138888888895 0.22591145833333334 0.4301215277777778 0.22048611111111113 0.4270833333333333 0.22026909722222224 0.41948784722222227
0 0.2567274305555556 0.41796875 0.2621527777777778 0.4207899305555556 0.2625868055555556 0.42925347222222227 0.2565104166666667 0.43185763888888895 0.25151909722222227 0.4281684027777778 0.2510850694444445 0.42144097222222227
0 0.287109375 0.41796875 0.2931857638888889 0.42144097222222227 0.29296875 0.4301215277777778 0.287109375 0.4320746527777778 0.28103298611111116 0.42860243055555564 0.28125 0.421875
0 0.318359375 0.4188368055555556 0.32400173611111116 0.4225260416666667 0.32400173611111116 0.42990451388888895 0.31792534722222227 0.43315972222222227 0.31206597222222227 0.42990451388888895 0.3118489583333333 0.4225260416666667
0 0.3489583333333333 0.4201388888888889 0.3541666666666667 0.4229600694444445 0.3546006944444445 0.4303385416666667 0.349609375 0.4329427083333333 0.34353298611111116 0.4296875 0.3439670138888889 0.4231770833333333
0 0.13346354166666666 0.4105902777777778 0.1410590277777778 0.4142795138888889 0.14171006944444445 0.42339409722222227 0.13346354166666666 0.4283854166666667 0.12565104166666666 0.4242621527777778 0.1252170138888889 0.4144965277777778
0 0.08875868055555557 0.38650173611111116 0.09461805555555557 0.3893229166666667 0.09526909722222222 0.3967013888888889 0.08854166666666667 0.3993055555555556 0.08355034722222222 0.39626736111111116 0.08311631944444445 0.39019097222222227
0 0.0724826388888889 0.4140625 0.07877604166666667 0.4184027777777778 0.07877604166666667 0.4246961805555556 0.0724826388888889 0.42751736111111116 0.06684027777777779 0.4244791666666667 0.0666232638888889 0.4184027777777778
0 0.25054112554112556 0.17613636363636362 0.257034632034632 0.1810064935064935 0.2564935064935065 0.18668831168831168 0.25 0.18885281385281386 0.2454004329004329 0.18614718614718614 0.2454004329004329 0.178030303030303
0 0.2316017316017316 0.5868506493506493 0.24215367965367965 0.5917207792207793 0.24404761904761904 0.6076839826839826 0.23187229437229437 0.614448051948052 0.22050865800865802 0.6071428571428571 0.22023809523809523 0.5928030303030303
0 0.18668831168831168 0.5543831168831169 0.19696969696969696 0.5595238095238095 0.19832251082251082 0.5725108225108225 0.18641774891774893 0.577922077922078 0.17694805194805194 0.571969696969697 0.17694805194805194 0.5592532467532467
0 0.1461038961038961 0.5603354978354979 0.15665584415584413 0.5538419913419913 0.16558441558441558 0.5584415584415584 0.16666666666666666 0.5703463203463203 0.15692640692640691 0.5768398268398268 0.1471861471861472 0.5722402597402598
0 0.17775974025974026 0.5844155844155844 0.18831168831168832 0.589556277056277 0.18858225108225107 0.6001082251082251 0.17965367965367965 0.6074134199134199 0.1691017316017316 0.6033549783549784 0.16774891774891776 0.5892857142857143
0 0.14664502164502166 0.5838744588744589 0.15746753246753245 0.5876623376623377 0.1588203463203463 0.6011904761904762 0.14935064935064934 0.6076839826839826 0.1387987012987013 0.6020021645021645 0.1369047619047619 0.589556277056277
0 0.10524891774891774 0.5738636363636364 0.11553030303030302 0.5781926406926406 0.1185064935064935 0.5890151515151515 0.10957792207792207 0.5984848484848484 0.09740259740259741 0.5933441558441558 0.095508658008658 0.5808982683982684
0 0.12175324675324674 0.6147186147186148 0.1314935064935065 0.6179653679653679 0.1350108225108225 0.6301406926406926 0.12527056277056278 0.639069264069264 0.1130952380952381 0.6363636363636364 0.11066017316017315 0.622564935064935
0 0.06737012987012986 0.6128246753246753 0.07873376623376623 0.6176948051948052 0.08008658008658008 0.6317640692640693 0.0698051948051948 0.6382575757575757 0.0579004329004329 0.6331168831168831 0.05654761904761905 0.6193181818181818
0 0.06655844155844157 0.650974025974026 0.07683982683982685 0.6561147186147186 0.07873376623376623 0.6677489177489178 0.06872294372294373 0.6758658008658008 0.05681818181818182 0.670995670995671 0.05627705627705628 0.6577380952380952
0 0.10416666666666667 0.6734307359307359 0.11417748917748917 0.6774891774891775 0.11634199134199133 0.6883116883116883 0.10633116883116883 0.6977813852813852 0.0946969696969697 0.6918290043290043 0.09388528138528139 0.6791125541125541
0 0.19967532467532467 0.6409632034632035 0.1939935064935065 0.6463744588744589 0.19480519480519481 0.6534090909090909 0.20075757575757575 0.6544913419913421 0.20752164502164502 0.6493506493506493 0.20562770562770563 0.6428571428571429
0 0.21455627705627706 0.639069264069264 0.2196969696969697 0.6417748917748918 0.22104978354978352 0.6488095238095238 0.21455627705627706 0.6531385281385281 0.20887445887445888 0.6471861471861472
0 0.2619047619047619 0.6363636363636364 0.26650432900432897 0.6398809523809524 0.2667748917748918 0.6466450216450216 0.2619047619047619 0.650974025974026 0.2551406926406926 0.6479978354978355 0.2548701298701299 0.6401515151515151
0 0.23024891774891776 0.6382575757575757 0.23566017316017313 0.6406926406926406 0.23674242424242423 0.6479978354978355 0.2307900432900433 0.652056277056277 0.22483766233766234 0.6488095238095238 0.22456709956709958 0.6425865800865801
0 0.19534632034632035 0.667478354978355 0.20265151515151517 0.6712662337662337 0.20535714285714285 0.6801948051948052 0.19669913419913418 0.6883116883116883 0.1875 0.6837121212121211 0.18533549783549783 0.6723484848484848
0 0.22077922077922077 0.6680194805194806 0.22646103896103895 0.6712662337662337 0.2272727272727273 0.6774891774891775 0.22294372294372294 0.6812770562770563 0.2178030303030303 0.6788419913419913 0.21590909090909088 0.6723484848484848
0 0.24567099567099565 0.6661255411255411 0.25081168831168826 0.6691017316017316 0.25135281385281383 0.6772186147186148 0.2462121212121212 0.6801948051948052 0.24025974025974028 0.676948051948052 0.23971861471861472 0.6699134199134199
0 0.31682900432900435 0.6607142857142857 0.3233225108225108 0.6636904761904762 0.32413419913419916 0.6707251082251082 0.31845238095238093 0.6742424242424243 0.3122294372294372 0.672077922077922 0.3114177489177489 0.6647727272727273
0 0.27245670995670995 0.6325757575757576 0.2775974025974026 0.6352813852813852 0.2778679653679653 0.6393398268398268 0.273538961038961 0.6431277056277056 0.26975108225108224 0.6412337662337662 0.2681277056277056 0.6360930735930735
0 0.36877705627705626 0.6333874458874459 0.37554112554112556 0.6347402597402597 0.3787878787878788 0.6401515151515151 0.37445887445887444 0.6463744588744589 0.36796536796536794 0.6455627705627706 0.3641774891774892 0.639069264069264
0 0.3547077922077922 0.6385281385281385 0.3484848484848485 0.6436688311688311 0.3482142857142857 0.6525974025974025 0.356060606060606 0.6563852813852814 0.3628246753246753 0.6507034632034632 0.3617424242424242 0.641504329004329
0 0.3373917748917749 0.6461038961038962 0.332521645021645 0.6517857142857143 0.3338744588744589 0.6582792207792207 0.3400974025974026 0.6588203463203463 0.3438852813852814 0.6544913419913421 0.3430735930735931 0.6474567099567099
0 0.4074675324675324 0.6420454545454545 0.40178571428571425 0.6471861471861472 0.4036796536796537 0.6544913419913421 0.4109848484848485 0.655573593073593 0.4158549783549783 0.650974025974026 0.413961038961039 0.6428571428571429
0 0.36823593073593075 0.6547619047619048 0.3628246753246753 0.6601731601731602 0.3652597402597403 0.6658549783549784 0.37283549783549785 0.6661255411255411 0.3768939393939394 0.6574675324675325
0 0.38365800865800864 0.6655844155844156 0.37797619047619047 0.6712662337662337 0.37797619047619047 0.678030303030303 0.3855519480519481 0.6801948051948052 0.3931277056277056 0.6747835497835498 0.38961038961038963 0.667478354978355
0 0.4320887445887446 0.6517857142857143 0.42667748917748916 0.6569264069264069 0.4269480519480519 0.6634199134199134 0.43398268398268397 0.6655844155844156 0.4391233766233766 0.6617965367965368 0.4385822510822511 0.6536796536796536
0 0.45779220779220775 0.6593614718614719 0.44940476190476186 0.6642316017316017 0.45021645021645024 0.674512987012987 0.4567099567099567 0.678030303030303 0.4653679653679653 0.6737012987012987 0.46617965367965364 0.6620670995670995
0 0.4499458874458874 0.634469696969697 0.45725108225108224 0.6377164502164502 0.4583333333333333 0.648538961038961 0.45211038961038963 0.652056277056277 0.4431818181818181 0.6498917748917749 0.44182900432900435 0.6401515151515151
0 0.43371212121212127 0.6804653679653679 0.4388528138528139 0.6761363636363636 0.43831168831168826 0.6691017316017316 0.4310064935064935 0.6693722943722943 0.42613636363636365 0.6742424242424243 0.42803030303030304 0.6791125541125541
0 0.47808441558441556 0.6217532467532467 0.48376623376623373 0.6271645021645021 0.47862554112554107 0.6325757575757576 0.47294372294372294 0.6298701298701298 0.47267316017316013 0.6233766233766234
0 0.44913419913419916 0.597943722943723 0.45806277056277056 0.6022727272727273 0.45725108225108224 0.6122835497835498 0.4499458874458874 0.615530303030303 0.4429112554112554 0.6114718614718615 0.44209956709956705 0.6033549783549784
0 0.46780303030303033 0.5879329004329004 0.47321428571428575 0.5909090909090909 0.4745670995670995 0.5974025974025974 0.4683441558441558 0.6014610389610389 0.46293290043290036 0.5995670995670995 0.4618506493506494 0.5919913419913421
0 0.5800865800865801 0.5213744588744589 0.573051948051948 0.5248917748917749 0.5735930735930735 0.5338203463203463 0.5803571428571429 0.5357142857142857 0.5863095238095238 0.5330086580086579 0.5863095238095238 0.524621212121212
0 0.5987554112554112 0.5416666666666666 0.5887445887445888 0.5473484848484848 0.5892857142857143 0.5568181818181818 0.5971320346320347 0.5595238095238095 0.604978354978355 0.5560064935064934 0.6055194805194806 0.5454545454545454
0 0.5749458874458875 0.542478354978355 0.5681818181818181 0.5449134199134199 0.566017316017316 0.5511363636363636 0.5708874458874459 0.5560064935064934 0.5776515151515151 0.5549242424242424 0.5806277056277056 0.5473484848484848
0 0.5673701298701298 0.5635822510822511 0.5606060606060607 0.5692640692640693 0.5611471861471862 0.5757575757575757 0.5676406926406926 0.5773809523809524 0.5741341991341992 0.5744047619047619 0.5735930735930735 0.5665584415584416
0 0.5952380952380952 0.5616883116883117 0.5900974025974025 0.567099567099567 0.5928030303030303 0.5733225108225107 0.597943722943723 0.5757575757575757 0.6030844155844156 0.571969696969697 0.60254329004329 0.5635822510822511
0 0.6247294372294372 0.5611471861471862 0.6139069264069263 0.567099567099567 0.614448051948052 0.5757575757575757 0.6231060606060607 0.5806277056277056 0.6323051948051948 0.577922077922078 0.6325757575757576 0.5662878787878788
0 0.5827922077922078 0.5727813852813852 0.5760281385281385 0.5771103896103896 0.5762987012987013 0.5836038961038962 0.5819805194805194 0.5863095238095238 0.5873917748917749 0.5836038961038962 0.5887445887445888 0.576569264069264
0 0.5627705627705628 0.5830627705627706 0.5570887445887446 0.5854978354978355 0.5562770562770563 0.5914502164502164 0.5597943722943722 0.5952380952380952 0.5652056277056277 0.5941558441558441 0.567099567099567 0.5868506493506493
0 0.6580086580086579 0.5381493506493507 0.6517857142857143 0.5422077922077921 0.6528679653679653 0.5473484848484848 0.6577380952380952 0.5500541125541125 0.6626082251082251 0.5487012987012987 0.6636904761904762 0.5403138528138528
0 0.670995670995671 0.5419372294372294 0.6761363636363636 0.5468073593073594 0.6728896103896104 0.5527597402597402 0.6672077922077921 0.5543831168831169 0.6639610389610389 0.550595238095238 0.6658549783549784 0.5432900432900433
0 0.6972402597402597 0.5497835497835498 0.6904761904761905 0.551948051948052 0.6904761904761905 0.5595238095238095 0.6948051948051948 0.5627705627705628 0.6996753246753247 0.5606060606060607 0.7026515151515151 0.5535714285714285
0 0.6628787878787878 0.5706168831168831 0.6718073593073594 0.5681818181818181 0.6728896103896104 0.5576298701298702 0.6642316017316017 0.5551948051948052 0.6558441558441558 0.5611471861471862
0 0.6469155844155844 0.5830627705627706 0.6534090909090909 0.5873917748917749 0.6536796536796536 0.5963203463203463 0.6471861471861472 0.5998376623376623 0.6406926406926406 0.5965909090909091 0.639069264069264 0.5868506493506493
0 0.6268939393939393 0.5822510822510822 0.6206709956709957 0.5846861471861472 0.6198593073593074 0.5909090909090909 0.6247294372294372 0.5944264069264069 0.6304112554112554 0.5930735930735931 0.6323051948051948 0.586038961038961
0 0.676948051948052 0.5933441558441558 0.6696428571428571 0.5952380952380952 0.6680194805194806 0.6028138528138528 0.6750541125541125 0.6087662337662337 0.6826298701298702 0.6055194805194806 0.6839826839826839 0.5960497835497836
0 0.7050865800865801 0.5603354978354979 0.6985930735930735 0.5635822510822511 0.6985930735930735 0.5703463203463203 0.704004329004329 0.5735930735930735 0.7083333333333334 0.5711580086580087 0.7102272727272727 0.5638528138528138
0 0.6912878787878788 0.5643939393939393 0.6853354978354979 0.5676406926406926 0.6853354978354979 0.5749458874458875 0.6915584415584416 0.577922077922078 0.6975108225108225 0.5741341991341992 0.696969696969697 0.5665584415584416
0 0.6563852813852814 0.5708874458874459 0.6498917748917749 0.5727813852813852 0.648538961038961 0.5798160173160173 0.6558441558441558 0.5841450216450216 0.6626082251082251 0.5814393939393939 0.6620670995670995 0.5738636363636364
0 0.5903679653679653 0.6057900432900433 0.5836038961038962 0.6076839826839826 0.5833333333333334 0.615530303030303 0.5890151515151515 0.6193181818181818 0.5971320346320347 0.6149891774891775 0.5963203463203463 0.6082251082251082
0 0.6869588744588744 0.5798160173160173 0.6820887445887446 0.5817099567099566 0.6799242424242424 0.5892857142857143 0.6872294372294372 0.5936147186147186 0.6918290043290043 0.5903679653679653 0.6923701298701298 0.5830627705627706
0 0.639069264069264 0.6141774891774892 0.6304112554112554 0.6166125541125541 0.6290584415584416 0.6258116883116883 0.6347402597402597 0.6306818181818181 0.6444805194805194 0.6279761904761905 0.6452922077922078 0.6182359307359306
0 0.6685606060606061 0.6231060606060607 0.6607142857142857 0.6260822510822511 0.6585497835497836 0.634469696969697 0.6655844155844156 0.640422077922078 0.6734307359307359 0.6369047619047619 0.6758658008658008 0.6271645021645021
0 0.6447510822510822 0.6014610389610389 0.6396103896103896 0.6047077922077921 0.6401515151515151 0.6117424242424243 0.6463744588744589 0.615530303030303 0.6523268398268398 0.6122835497835498 0.6523268398268398 0.6041666666666666
0 0.6872294372294372 0.6149891774891775 0.6807359307359306 0.6187770562770563 0.6810064935064934 0.6244588744588744 0.6866883116883117 0.628517316017316 0.6926406926406926 0.6255411255411255 0.6934523809523809 0.6179653679653679
0 0.7183441558441558 0.6266233766233765 0.7107683982683982 0.6298701298701298 0.7099567099567099 0.6377164502164502 0.7172619047619048 0.6431277056277056 0.7234848484848484 0.640422077922078 0.7253787878787878 0.6304112554112554
0 0.7021103896103896 0.5882034632034632 0.7058982683982684 0.5822510822510822 0.7023809523809524 0.575487012987013 0.6945346320346321 0.5773809523809524 0.6937229437229437 0.586038961038961
0 0.6507034632034632 0.5592532467532467 0.6447510822510822 0.5622294372294372 0.6444805194805194 0.5695346320346321 0.6504329004329004 0.5708874458874459 0.6561147186147186 0.5687229437229437 0.6550324675324675 0.5622294372294372
0 0.637987012987013 0.6325757575757576 0.6309523809523809 0.634469696969697 0.6293290043290043 0.6406926406926406 0.6352813852813852 0.6455627705627706 0.6423160173160173 0.6436688311688311 0.6431277056277056 0.6360930735930735
0 0.7056277056277056 0.6398809523809524 0.6985930735930735 0.6428571428571429 0.6975108225108225 0.650974025974026 0.7042748917748918 0.6563852813852814 0.7118506493506493 0.6531385281385281 0.7132034632034632 0.6431277056277056
0 0.6999458874458875 0.6636904761904762 0.6934523809523809 0.66504329004329 0.6915584415584416 0.674512987012987 0.696969696969697 0.678030303030303 0.7045454545454545 0.674512987012987 0.7048160173160173 0.667478354978355
0 0.7261904761904762 0.670995670995671 0.7188852813852814 0.6742424242424243 0.718073593073593 0.6810064935064934 0.7237554112554112 0.6866883116883117 0.733495670995671 0.6842532467532467 0.7326839826839826 0.6739718614718615
0 0.6818181818181818 0.6290584415584416 0.6774891774891775 0.6323051948051948 0.676948051948052 0.6396103896103896 0.6823593073593074 0.6417748917748918 0.6877705627705628 0.6398809523809524 0.6888528138528138 0.6314935064935066
0 0.6298701298701298 0.6452922077922078 0.6214826839826839 0.6479978354978355 0.6204004329004329 0.6577380952380952 0.6268939393939393 0.6620670995670995 0.6352813852813852 0.6593614718614719 0.6363636363636364 0.6501623376623377
0 0.6931818181818181 0.6861471861471862 0.6869588744588744 0.6875 0.6845238095238095 0.6950757575757576 0.6888528138528138 0.6996753246753247 0.696969696969697 0.698051948051948 0.6988636363636364 0.6904761904761905
0 0.7194264069264069 0.6939935064935066 0.7126623376623377 0.696969696969697 0.7126623376623377 0.7048160173160173 0.7183441558441558 0.7088744588744589 0.7237554112554112 0.7056277056277056 0.7253787878787878 0.6975108225108225
0 0.6845238095238095 0.7083333333333334 0.678030303030303 0.712121212121212 0.6788419913419913 0.7199675324675325 0.6839826839826839 0.7226731601731602 0.691017316017316 0.7188852813852814 0.6904761904761905 0.711038961038961
0 0.7123917748917749 0.7172619047619048 0.7064393939393939 0.7202380952380952 0.7058982683982684 0.7264610389610389 0.711038961038961 0.7302489177489178 0.7164502164502164 0.7294372294372294 0.7188852813852814 0.7210497835497836
0 0.6580086580086579 0.648538961038961 0.6515151515151515 0.6515151515151515 0.6517857142857143 0.6585497835497836 0.6574675324675325 0.6607142857142857 0.6623376623376623 0.6590909090909091 0.6645021645021645 0.6515151515151515
0 0.6788419913419913 0.6420454545454545 0.672077922077922 0.6461038961038962 0.6734307359307359 0.6531385281385281 0.6791125541125541 0.6561147186147186 0.6853354978354979 0.6528679653679653 0.6842532467532467 0.6452922077922078
0 0.6707251082251082 0.6563852813852814 0.6672077922077921 0.6634199134199134 0.672077922077922 0.6691017316017316 0.6793831168831169 0.667478354978355 0.6818181818181818 0.6601731601731602 0.675595238095238 0.6563852813852814
0 0.6293290043290043 0.6642316017316017 0.6214826839826839 0.6663961038961038 0.6201298701298702 0.6712662337662337 0.625 0.6761363636363636 0.6309523809523809 0.6761363636363636 0.6341991341991342 0.6691017316017316
0 0.6534090909090909 0.6701839826839826 0.6461038961038962 0.6728896103896104 0.6444805194805194 0.6801948051948052 0.6498917748917749 0.6839826839826839 0.6561147186147186 0.6829004329004329 0.6585497835497836 0.6747835497835498
0 0.6680194805194806 0.670995670995671 0.6636904761904762 0.6772186147186148 0.6658549783549784 0.6831709956709957 0.6707251082251082 0.6845238095238095 0.6753246753246753 0.6804653679653679 0.6758658008658008 0.6723484848484848
0 0.6623376623376623 0.6853354978354979 0.6590909090909091 0.6899350649350648 0.6609848484848484 0.6975108225108225 0.6680194805194806 0.6988636363636364 0.672077922077922 0.6923701298701298 0.6688311688311689 0.6856060606060607
0 0.5606060606060607 0.6788419913419913 0.5668290043290043 0.6837121212121211 0.566017316017316 0.6929112554112554 0.5576298701298702 0.6958874458874459 0.5527597402597402 0.6923701298701298 0.551948051948052 0.6823593073593074
0 0.5338203463203463 0.6783008658008658 0.5392316017316017 0.6807359307359306 0.54004329004329 0.6866883116883117 0.5351731601731602 0.6912878787878788 0.5286796536796536 0.6891233766233765 0.5278679653679653 0.6812770562770563
0 0.5562770562770563 0.5965909090909091 0.5514069264069265 0.5992965367965368 0.5514069264069265 0.6066017316017316 0.5565476190476191 0.6087662337662337 0.5625 0.6057900432900433 0.5625 0.5987554112554112
0 0.5524891774891775 0.609577922077922 0.5468073593073594 0.6117424242424243 0.545995670995671 0.6179653679653679 0.551948051948052 0.6222943722943722 0.5565476190476191 0.6206709956709957 0.5581709956709957 0.6122835497835498
0 0.5454545454545454 0.6228354978354979 0.5422077922077921 0.6290584415584416 0.5449134199134199 0.6341991341991342 0.5514069264069265 0.6347402597402597 0.5543831168831169 0.6298701298701298 0.5511363636363636 0.6233766233766234
0 0.5665584415584416 0.6206709956709957 0.5716991341991342 0.6179653679653679 0.5714285714285714 0.6122835497835498 0.5673701298701298 0.609577922077922 0.5616883116883117 0.6103896103896104 0.5595238095238095 0.6190476190476191
0 0.5776515151515151 0.5857683982683983 0.5722402597402598 0.5903679653679653 0.573051948051948 0.5965909090909091 0.5787337662337662 0.5987554112554112 0.5827922077922078 0.5965909090909091 0.5841450216450216 0.5882034632034632
0 0.5922619047619048 0.5906385281385281 0.5857683982683983 0.5919913419913421 0.5844155844155844 0.6009199134199134 0.5887445887445888 0.6036255411255411 0.5952380952380952 0.6009199134199134 0.597943722943723 0.5946969696969697
0 0.6109307359307359 0.5776515151515151 0.6060606060606061 0.5811688311688311 0.6068722943722943 0.5873917748917749 0.6114718614718615 0.5909090909090909 0.6166125541125541 0.5890151515151515 0.6195887445887446 0.5844155844155844 0.6163419913419913 0.5798160173160173
0 0.6057900432900433 0.5914502164502164 0.6028138528138528 0.5960497835497836 0.6044372294372294 0.6022727272727273 0.6090367965367965 0.6036255411255411 0.614448051948052 0.6003787878787878 0.6133658008658008 0.5925324675324675
0 0.6133658008658008 0.6068722943722943 0.608495670995671 0.6109307359307359 0.6082251082251082 0.6190476190476191 0.6125541125541125 0.6233766233766234 0.6198593073593074 0.6231060606060607 0.6233766233766234 0.6174242424242424 0.6212121212121211 0.6090367965367965
0 0.5608766233766234 0.6217532467532467 0.5581709956709957 0.6266233766233765 0.5589826839826839 0.6336580086580087 0.5652056277056277 0.6350108225108225 0.5692640692640693 0.6312229437229437 0.5684523809523809 0.6231060606060607
0 0.5573593073593074 0.6374458874458875 0.5522186147186148 0.6385281385281385 0.5500541125541125 0.6444805194805194 0.5522186147186148 0.648538961038961 0.5579004329004329 0.649621212121212 0.5616883116883117 0.6420454545454545
0 0.5692640692640693 0.6406926406926406 0.5635822510822511 0.6436688311688311 0.5625 0.649621212121212 0.5665584415584416 0.6539502164502164 0.5727813852813852 0.652056277056277 0.5744047619047619 0.6452922077922078
0 0.6020021645021645 0.6547619047619048 0.5941558441558441 0.6585497835497836 0.5941558441558441 0.6653138528138528 0.6003787878787878 0.6688311688311689 0.6060606060606061 0.6663961038961038 0.6074134199134199 0.6588203463203463
0 0.612012987012987 0.6279761904761905 0.6060606060606061 0.6304112554112554 0.6044372294372294 0.6369047619047619 0.609577922077922 0.6409632034632035 0.6166125541125541 0.6387987012987013 0.6176948051948052 0.6309523809523809
0 0.6009199134199134 0.6190476190476191 0.5955086580086579 0.6217532467532467 0.5941558441558441 0.628517316017316 0.5984848484848484 0.6325757575757576 0.6066017316017316 0.6287878787878788 0.6060606060606061 0.6220238095238095
0 0.5535714285714285 0.6507034632034632 0.5478896103896104 0.6515151515151515 0.5446428571428571 0.6588203463203463 0.5484307359307359 0.6628787878787878 0.5533008658008658 0.6636904761904762 0.5595238095238095 0.6553030303030303
0 0.5638528138528138 0.6550324675324675 0.5703463203463203 0.6574675324675325 0.5698051948051948 0.66504329004329 0.5652056277056277 0.6672077922077921 0.5595238095238095 0.6647727272727273 0.5581709956709957 0.6588203463203463
0 0.5443722943722943 0.6915584415584416 0.5492424242424243 0.6939935064935066 0.550595238095238 0.6996753246753247 0.545995670995671 0.7045454545454545 0.5397727272727273 0.7026515151515151 0.5370670995670995 0.6961580086580087
0 0.5216450216450216 0.7215909090909091 0.5267857142857143 0.7248376623376623 0.5278679653679653 0.7310606060606061 0.5216450216450216 0.7340367965367965 0.516504329004329 0.7321428571428571 0.5156926406926406 0.7256493506493507
0 0.5397727272727273 0.7099567099567099 0.5443722943722943 0.7132034632034632 0.5454545454545454 0.7194264069264069 0.5392316017316017 0.7224025974025974 0.5330086580086579 0.7196969696969697 0.5332792207792207 0.7129329004329004
0 0.566017316017316 0.7161796536796536 0.5722402597402598 0.7199675324675325 0.5727813852813852 0.7278138528138528 0.5657467532467533 0.7329545454545454 0.5584415584415584 0.7297077922077921 0.5584415584415584 0.7196969696969697
0 0.5500541125541125 0.722943722943723 0.5435606060606061 0.7253787878787878 0.5422077922077921 0.7326839826839826 0.5462662337662337 0.7362012987012987 0.5522186147186148 0.7364718614718615 0.5554653679653679 0.7326839826839826 0.5560064935064934 0.7251082251082251
0 0.5135281385281385 0.7510822510822511 0.5073051948051948 0.7529761904761905 0.5062229437229437 0.759469696969697 0.5091991341991342 0.7635281385281385 0.5159632034632035 0.7637987012987013 0.5194805194805194 0.7537878787878788
0 0.5373376623376623 0.7413419913419913 0.5319264069264069 0.7435064935064934 0.5313852813852814 0.7494588744588744 0.5362554112554112 0.754599567099567 0.542478354978355 0.7516233766233765 0.5427489177489178 0.7443181818181818
0 0.625 0.702922077922078 0.6195887445887446 0.7058982683982684 0.6187770562770563 0.7126623376623377 0.6247294372294372 0.7156385281385281 0.6312229437229437 0.713474025974026 0.6314935064935066 0.7058982683982684
0 0.6423160173160173 0.707521645021645 0.648538961038961 0.7129329004329004 0.6455627705627706 0.7194264069264069 0.6387987012987013 0.7207792207792207 0.6352813852813852 0.7167207792207793 0.6352813852813852 0.7083333333333334
0 0.5514069264069265 0.7600108225108225 0.5462662337662337 0.7651515151515151 0.5476190476190476 0.7724567099567099 0.5538419913419913 0.773538961038961 0.5589826839826839 0.7697510822510822 0.5568181818181818 0.7624458874458875
0 0.5267857142857143 0.7702922077922078 0.5221861471861472 0.7743506493506493 0.5219155844155844 0.7808441558441558 0.5265151515151515 0.7838203463203463 0.535443722943723 0.779491341991342 0.5324675324675325 0.7724567099567099
0 0.5029761904761905 0.7808441558441558 0.49648268398268397 0.7859848484848484 0.4983766233766233 0.7913961038961038 0.5040584415584416 0.7935606060606061 0.5089285714285714 0.7913961038961038 0.509469696969697 0.7832792207792207
0 0.5441017316017316 0.7895021645021645 0.5381493506493507 0.792478354978355 0.5370670995670995 0.7989718614718615 0.5419372294372294 0.8024891774891775 0.5489718614718615 0.8014069264069263 0.5484307359307359 0.7938311688311689
0 0.5673701298701298 0.7797619047619048 0.5616883116883117 0.7830086580086579 0.5614177489177489 0.7897727272727273 0.567099567099567 0.7932900432900433 0.5733225108225107 0.7908549783549784 0.5733225108225107 0.7816558441558441
0 0.5183982683982684 0.8000541125541125 0.512987012987013 0.8038419913419913 0.5127164502164502 0.8114177489177489 0.5183982683982684 0.8133116883116883 0.5257034632034632 0.8092532467532467 0.5248917748917749 0.8035714285714285
0 0.4945887445887446 0.8097943722943722 0.4897186147186147 0.8135822510822511 0.4894480519480519 0.8211580086580086 0.4948593073593074 0.8233225108225107 0.5010822510822511 0.8203463203463203 0.5008116883116883 0.8138528138528138
0 0.4843073593073593 0.8387445887445888 0.47835497835497837 0.843073593073593 0.47862554112554107 0.8506493506493507 0.4848484848484848 0.8547077922077922 0.4910714285714285 0.8528138528138528 0.4926948051948052 0.8428030303030303
0 0.6374458874458875 0.836038961038961 0.6331168831168831 0.8387445887445888 0.6331168831168831 0.8438852813852814 0.6371753246753247 0.8463203463203463 0.6423160173160173 0.8446969696969697 0.6420454545454545 0.8387445887445888
0 0.7150974025974025 0.8744588744588744 0.7094155844155844 0.8763528138528138 0.7080627705627706 0.8831168831168831 0.713474025974026 0.8871753246753247 0.7186147186147186 0.8858225108225108 0.7205086580086579 0.8787878787878788
0 0.6523268398268398 0.8392857142857143 0.6588203463203463 0.8425324675324675 0.6588203463203463 0.8487554112554112 0.6531385281385281 0.8522727272727273 0.6479978354978355 0.8506493506493507 0.6461038961038962 0.8433441558441558
0 0.6853354978354979 0.8501082251082251 0.691017316017316 0.8544372294372294 0.6893939393939393 0.8622835497835498 0.6834415584415584 0.8625541125541125 0.678030303030303 0.8587662337662338 0.6785714285714285 0.8528138528138528
0 0.7026515151515151 0.8557900432900433 0.707521645021645 0.8614718614718614 0.7050865800865801 0.8679653679653679 0.698051948051948 0.8682359307359306 0.6937229437229437 0.862012987012987 0.6961580086580087 0.8568722943722944
0 0.7083333333333334 0.8392857142857143 0.713474025974026 0.8436147186147186 0.7115800865800866 0.8511904761904762 0.7045454545454545 0.85254329004329 0.6999458874458875 0.8476731601731602 0.7012987012987013 0.8406385281385281
0 0.692099567099567 0.8344155844155844 0.6853354978354979 0.8365800865800866 0.685064935064935 0.8433441558441558 0.6915584415584416 0.8476731601731602 0.6964285714285714 0.8452380952380952 0.696969696969697 0.8376623376623377
0 0.6753246753246753 0.8284632034632033 0.6688311688311689 0.8311688311688311 0.6685606060606061 0.8379329004329004 0.6723484848484848 0.8414502164502164 0.6788419913419913 0.8406385281385281 0.6815476190476191 0.8317099567099566
0 0.6590909090909091 0.8233225108225107 0.6525974025974025 0.826569264069264 0.652056277056277 0.8349567099567099 0.6599025974025974 0.8373917748917749 0.66504329004329 0.8346861471861471 0.66504329004329 0.8257575757575757
0 0.645021645021645 0.8181818181818181 0.6360930735930735 0.8200757575757576 0.6366341991341992 0.8271103896103896 0.641504329004329 0.8311688311688311 0.6479978354978355 0.8295454545454545 0.6498917748917749 0.8216991341991342
0 0.7115800865800866 0.8227813852813852 0.7069805194805194 0.8273809523809524 0.7061688311688311 0.8330627705627706 0.7094155844155844 0.8357683982683982 0.7153679653679653 0.837121212121212 0.7188852813852814 0.832521645021645 0.7188852813852814 0.8260281385281385
0 0.6810064935064934 0.8119588744588744 0.6742424242424243 0.816017316017316 0.6747835497835498 0.8222402597402597 0.6788419913419913 0.8260281385281385 0.6869588744588744 0.8238636363636364 0.6875 0.8173701298701298
0 0.649621212121212 0.801948051948052 0.6423160173160173 0.8049242424242424 0.6420454545454545 0.8116883116883117 0.6466450216450216 0.8143939393939393 0.6553030303030303 0.8130411255411255 0.6558441558441558 0.8054653679653679
0 0.6347402597402597 0.7911255411255411 0.6301406926406926 0.7949134199134199 0.6301406926406926 0.8014069264069263 0.6352813852813852 0.8043831168831169 0.6406926406926406 0.801948051948052 0.6412337662337662 0.7932900432900433
0 0.6542207792207793 0.7849025974025974 0.648538961038961 0.7881493506493507 0.6490800865800866 0.7951839826839826 0.6536796536796536 0.7989718614718615 0.6599025974025974 0.7973484848484848 0.660443722943723 0.7892316017316017
0 0.670995670995671 0.7913961038961038 0.6639610389610389 0.7938311688311689 0.6639610389610389 0.799512987012987 0.6701839826839826 0.8049242424242424 0.6761363636363636 0.8033008658008658 0.6777597402597402 0.7946428571428571
0 0.7050865800865801 0.8027597402597402 0.6985930735930735 0.8041125541125541 0.696969696969697 0.8108766233766234 0.6991341991341992 0.8149350649350648 0.7069805194805194 0.8149350649350648 0.7102272727272727 0.8070887445887446
0 0.7183441558441558 0.8079004329004329 0.7129329004329004 0.8108766233766234 0.7126623376623377 0.8181818181818181 0.718073593073593 0.8214285714285714 0.7253787878787878 0.8189935064935066 0.724025974025974 0.8103354978354979
0 0.7088744588744589 0.785443722943723 0.7018398268398268 0.7903138528138528 0.7026515151515151 0.7965367965367965 0.7086038961038962 0.8003246753246752 0.7150974025974025 0.7965367965367965 0.7142857142857143 0.7889610389610389
0 0.6166125541125541 0.7540584415584416 0.6128246753246753 0.7589285714285714 0.6147186147186148 0.7651515151515151 0.6214826839826839 0.7656926406926406 0.6255411255411255 0.7613636363636364 0.6233766233766234 0.754599567099567
0 0.6325757575757576 0.7424242424242424 0.6271645021645021 0.7454004329004329 0.6266233766233765 0.7516233766233765 0.6309523809523809 0.7559523809523809 0.6363636363636364 0.7543290043290043 0.6387987012987013 0.7464826839826839
0 0.6474567099567099 0.7472943722943722 0.6425865800865801 0.7510822510822511 0.6428571428571429 0.7573051948051948 0.6498917748917749 0.7610930735930735 0.6553030303030303 0.7564935064935066 0.6539502164502164 0.7489177489177489
0 0.6647727272727273 0.7524350649350648 0.6699134199134199 0.7570346320346321 0.6693722943722943 0.7637987012987013 0.6634199134199134 0.766504329004329 0.6590909090909091 0.7635281385281385 0.6582792207792207 0.7559523809523809
0 0.6815476190476191 0.7586580086580087 0.6877705627705628 0.7619047619047619 0.6877705627705628 0.7683982683982684 0.6820887445887446 0.7721861471861472 0.6758658008658008 0.7692099567099566 0.675595238095238 0.7619047619047619
0 0.6996753246753247 0.7643398268398268 0.7045454545454545 0.7681277056277056 0.7042748917748918 0.7767857142857143 0.6983225108225107 0.7784090909090909 0.6929112554112554 0.7757034632034632 0.6926406926406926 0.7670454545454545
0 0.704004329004329 0.7399891774891775 0.7115800865800866 0.7424242424242424 0.7118506493506493 0.7505411255411255 0.7045454545454545 0.7540584415584416 0.6994047619047619 0.7505411255411255 0.6977813852813852 0.7429653679653679
0 0.678030303030303 0.7310606060606061 0.6831709956709957 0.733495670995671 0.6839826839826839 0.7413419913419913 0.6783008658008658 0.7445887445887446 0.6715367965367965 0.7418831168831169 0.6701839826839826 0.734577922077922
0 0.652056277056277 0.7288961038961038 0.6566558441558441 0.7310606060606061 0.6582792207792207 0.737012987012987 0.6553030303030303 0.7421536796536796 0.6488095238095238 0.7402597402597402 0.6466450216450216 0.7324134199134199
0 0.6350108225108225 0.724025974025974 0.6304112554112554 0.72754329004329 0.6309523809523809 0.7343073593073594 0.635551948051948 0.7372835497835498 0.6420454545454545 0.7348484848484848 0.6412337662337662 0.7270021645021645
0 0.6198593073593074 0.5949675324675325 0.6263528138528138 0.5968614718614719 0.6271645021645021 0.6030844155844156 0.6228354978354979 0.6066017316017316 0.6168831168831169 0.604978354978355 0.6163419913419913 0.5976731601731602
0 0.5938852813852814 0.5773809523809524 0.5898268398268398 0.5814393939393939 0.5898268398268398 0.5876623376623377 0.5946969696969697 0.5898268398268398 0.6011904761904762 0.5868506493506493 0.6003787878787878 0.5792748917748918
0 0.5714285714285714 0.6006493506493507 0.5689935064935066 0.6060606060606061 0.5725108225108225 0.6114718614718615 0.5787337662337662 0.6117424242424243 0.5817099567099566 0.6071428571428571 0.5776515151515151 0.5995670995670995
0 0.386475988700565 0.48905367231638425 0.3908898305084746 0.4913488700564972 0.391066384180791 0.49699858757062143 0.38629943502824865 0.49964689265536727 0.38241525423728817 0.49752824858757067 0.3820621468926554 0.49187853107344637
0 0.47122175141242945 0.5240112994350283 0.475635593220339 0.526659604519774 0.4763418079096045 0.5323093220338984 0.47210451977401136 0.5353107344632768 0.4682203389830509 0.533545197740113 0.46663135593220334 0.5270127118644068
0 0.44562146892655374 0.532132768361582 0.4505649717514124 0.5340748587570622 0.45215395480225995 0.5388418079096046 0.4479166666666667 0.5429025423728814 0.4426200564971752 0.5411370056497176 0.44173728813559326 0.5351341807909604
0 0.4915254237288136 0.4971751412429379 0.4869350282485876 0.4994703389830509 0.4869350282485876 0.5040607344632768 0.49117231638418085 0.5065324858757062 0.4952330508474576 0.504590395480226 0.4952330508474576 0.4991172316384181
0 0.5033545197740114 0.49558615819209045 0.49858757062146897 0.49788135593220345 0.49876412429378536 0.5019420903954802 0.5024717514124294 0.505473163841808 0.5061793785310735 0.504590395480226 0.5081214689265537 0.49788135593220345
0 0.4749293785310735 0.395656779661017 0.47122175141242945 0.39812853107344637 0.47086864406779666 0.40183615819209045 0.4736935028248588 0.40430790960451984 0.47793079096045205 0.40360169491525427 0.4791666666666667 0.3984816384180791
0 0.4747528248587571 0.40519067796610175 0.47104519774011305 0.4067796610169492 0.47086864406779666 0.4099576271186441 0.4738700564971752 0.41172316384180796 0.4782838983050848 0.4101341807909605 0.47757768361581926 0.40713276836158196
0 0.46574858757062143 0.4138418079096045 0.4623940677966102 0.41507768361581926 0.46168785310734467 0.4189618644067797 0.46451271186440685 0.42072740112994356 0.4680437853107345 0.4191384180790961 0.4694562146892656 0.415430790960452
0 0.4751059322033899 0.4138418079096045 0.47757768361581926 0.4163135593220339 0.47687146892655374 0.4205508474576271 0.4724576271186441 0.42072740112994356 0.47139830508474573 0.4186087570621469 0.47175141242937857 0.4147245762711865
0 0.4648658192090395 0.4221398305084746 0.46274717514124303 0.4233757062146893 0.4620409604519774 0.42743644067796616 0.46433615819209045 0.4290254237288136 0.4678672316384181 0.42867231638418085 0.4680437853107345 0.42372881355932207
0 0.47298728813559326 0.4224929378531074 0.47704802259887014 0.4235522598870057 0.4774011299435028 0.42761299435028255 0.47404661016949157 0.4300847457627119 0.4706920903954802 0.42778954802259883 0.4705155367231638 0.424611581920904
0 0.4629237288135593 0.4313206214689266 0.4611581920903955 0.4337923728813559 0.4622175141242938 0.4375 0.46557203389830515 0.4385593220338983 0.4692796610169492 0.4366172316384181 0.4676906779661017 0.4316737288135593
0 0.5321054750402577 0.2669082125603865 0.5283816425120773 0.2695249597423511 0.5283816425120773 0.2740539452495975 0.5311996779388084 0.27657004830917875 0.5356280193236715 0.27636876006441224 0.5379428341384863 0.2727455716586151 0.5360305958132046 0.2682165861513688
0 0.5453904991948471 0.26700885668276975 0.5414653784219002 0.26942431561996777 0.5413647342995169 0.27375201288244766 0.543780193236715 0.2760668276972625 0.5469001610305959 0.2760668276972625 0.5503220611916264 0.2738526570048309 0.5496175523349437 0.26871980676328505
0 0.7911877394636015 0.4364224137931035 0.7946599616858238 0.4384578544061302 0.7957375478927203 0.4431273946360153 0.7935823754789272 0.4454022988505747 0.7897509578544061 0.4464798850574712 0.7878352490421456 0.4445641762452108 0.7867576628352491 0.439176245210728
0 0.7928639846743295 0.4469588122605364 0.7969348659003831 0.44851532567049807 0.7980124521072797 0.45318486590038315 0.7943007662835249 0.4562978927203065 0.7898706896551724 0.4549808429118774 0.7885536398467433 0.44983237547892724
0 0.7937021072796935 0.45773467432950193 0.7974137931034483 0.4574952107279694 0.7998084291187739 0.4619252873563218 0.7981321839080461 0.4658764367816092 0.7939415708812261 0.4665948275862069 0.7916666666666666 0.4640804597701149 0.7907088122605365 0.4596503831417625
0 0.8128591954022988 0.454382183908046 0.8096264367816092 0.45641762452107276 0.8092672413793104 0.4608477011494253 0.8126197318007663 0.46336206896551724 0.81669061302682 0.462404214559387 0.8181273946360154 0.4560584291187739
0 0.8215996168582376 0.4598898467432951 0.8255507662835249 0.46096743295019155 0.8273467432950192 0.4653975095785441 0.8232758620689655 0.4698275862068965 0.8192049808429119 0.46839080459770116 0.8178879310344828 0.46276340996168586
0 0.8126197318007663 0.4664750957854406 0.8091475095785441 0.47006704980842917 0.8104645593869731 0.4744971264367816 0.8153735632183908 0.475933908045977 0.8182471264367815 0.4736590038314176 0.8172892720306514 0.467911877394636
0 0.8261494252873564 0.4697078544061302 0.8217193486590039 0.47246168582375475 0.8224377394636015 0.47701149425287354 0.82602969348659 0.4790469348659004 0.8296216475095786 0.4777298850574712 0.8303400383141762 0.4719827586206896
0 0.8175287356321839 0.4760536398467433 0.8134578544061303 0.478448275862069 0.813338122605364 0.4823994252873563 0.8157327586206896 0.484794061302682 0.819683908045977 0.48503352490421453 0.8224377394636015 0.48227969348659 0.8224377394636015 0.478448275862069
0 0.8187260536398467 0.48611111111111116 0.8160919540229885 0.48826628352490425 0.8162116858237547 0.4913793103448276 0.818845785440613 0.4935344827586207 0.8218390804597702 0.4925766283524904 0.8226772030651341 0.4905411877394636 0.8215996168582376 0.48659003831417624
0 0.8279454022988506 0.47964559386973177 0.8245929118773947 0.4813218390804598 0.8241139846743295 0.4846743295019157 0.8265086206896551 0.48659003831417624 0.8303400383141762 0.48539272030651337 0.8304597701149425 0.4815613026819923
0 0.8262691570881225 0.4886254789272031 0.8238745210727969 0.4905411877394636 0.8238745210727969 0.4937739463601533 0.8266283524904214 0.4960488505747127 0.8295019157088123 0.49461206896551724 0.8297413793103449 0.4898227969348659
0 0.8210009578544061 0.49401340996168586 0.8174090038314177 0.4948515325670498 0.81669061302682 0.4982040229885057 0.818845785440613 0.5009578544061303 0.8225574712643678 0.500838122605364 0.8244731800766284 0.4966475095785441
0 0.6232169669669669 0.4875187687687687 0.6205893393393392 0.48911411411411404 0.6202139639639639 0.4932432432432432 0.6220908408408409 0.49474474474474467 0.6256569069069068 0.49455705705705705 0.6271584084084083 0.4920232732732732 0.62621996996997 0.4884572072072072
0 0.6326013513513513 0.4910848348348348 0.6289414414414414 0.49239864864864863 0.6284722222222222 0.4967154654654654 0.631006006006006 0.4991554054054054 0.634572072072072 0.4985923423423423 0.6366366366366366 0.49343093093093093
0 0.6456456456456456 0.4944632132132132 0.6428303303303302 0.4956831831831831 0.6426426426426426 0.49840465465465456 0.6446133633633633 0.5002815315315315 0.647147147147147 0.5000938438438438 0.6479917417417417 0.4960585585585585
0 0.651933183183183 0.4967154654654654 0.6539977477477477 0.49812312312312307 0.6541854354354354 0.5007507507507507 0.6517454954954954 0.5025337837837838 0.6489301801801801 0.5016891891891891 0.6488363363363363 0.4978415915915915
0 0.7228174603174602 0.45486111111111105 0.7204365079365079 0.4561507936507937 0.7201388888888889 0.45882936507936506 0.7218253968253968 0.46071428571428574 0.7248015873015873 0.46041666666666664 0.7258928571428571 0.45625
0 0.7192460317460317 0.4616071428571429 0.7174603174603175 0.464484126984127 0.7186507936507935 0.4672619047619047 0.7220238095238095 0.46785714285714286 0.7241071428571428 0.4660714285714285 0.7228174603174602 0.46210317460317457
0 0.7298611111111111 0.4566468253968254 0.7321428571428571 0.45843253968253966 0.7323412698412698 0.46230158730158727 0.7296626984126984 0.4635912698412698 0.7268849206349206 0.4620039682539683 0.7268849206349206 0.458234126984127
0 0.7270833333333333 0.4636904761904762 0.7243055555555555 0.46577380952380953 0.7248015873015873 0.46894841269841264 0.727579365079365 0.4701388888888889 0.7305555555555555 0.4690476190476191 0.7309523809523809 0.46527777777777773
0 0.8317069392812887 0.4850526641883519 0.8344950433705081 0.486136926889715 0.8351146220570013 0.4891573729863693 0.8333333333333334 0.49101610904584886 0.830545229244114 0.49039653035935565 0.8295384138785626 0.4870662949194548
0 0.8322490706319703 0.49155824039653034 0.8309324659231723 0.4939591078066915 0.8319392812887236 0.4968246592317224 0.8348048327137547 0.4972118959107807 0.8364312267657993 0.49543060718711274 0.8355018587360594 0.4917905824039653
0 0.8330235439900867 0.4974442379182156 0.8313971499380421 0.4987608426270137 0.8314745972738539 0.501316604708798 0.833410780669145 0.502633209417596 0.836276332094176 0.5018587360594796 0.8358890954151177 0.4981412639405205
0 0.6410691214470283 0.9583333333333334 0.6391311369509044 0.9597868217054264 0.6392926356589147 0.9628552971576226 0.6417151162790697 0.9644702842377261 0.6439760981912144 0.9632590439276485 0.6437338501291989 0.9594638242894056
0 0.6489018087855297 0.9577680878552972 0.6517280361757106 0.9592215762273901 0.6518087855297158 0.9624515503875968 0.6497093023255813 0.9637435400516796 0.6472868217054263 0.9630167958656329 0.6463178294573644 0.9593023255813953
0 0.6642441860465116 0.9570413436692505 0.6623062015503876 0.9578488372093023 0.6618217054263565 0.9607558139534884 0.662952196382429 0.9623708010335917 0.6650516795865633 0.9629360465116279 0.6672319121447028 0.96156330749354 0.6666666666666666 0.9579295865633075
0 0.671592377260982 0.9564760981912144 0.6696543927648578 0.9578488372093023 0.669250645994832 0.9605135658914729 0.6716731266149871 0.9623708010335917 0.6746608527131783 0.9613210594315246 0.6746608527131783 0.9577680878552972
0 0.6794250645994832 0.9560723514211886 0.6772448320413437 0.9570413436692505 0.6767603359173127 0.9599483204134367 0.6786983204134367 0.9617248062015503 0.6824127906976745 0.9607558139534884 0.6818475452196382 0.9571220930232558
0 0.6635981912144703 0.9466246770025839 0.6613372093023255 0.949047157622739 0.6616602067183462 0.9516311369509043 0.6644864341085271 0.9528423772609819 0.6664244186046511 0.9518733850129198 0.6664244186046511 0.9479974160206717
0 0.6711078811369509 0.9463824289405686 0.6691698966408268 0.9480781653746769 0.6690083979328165 0.9507428940568475 0.6715116279069767 0.952438630490956 0.6741763565891473 0.9509043927648578 0.6740148578811369 0.9475129198966408
0 0.6791020671834626 0.9458979328165374 0.681282299741602 0.9476744186046511 0.6812015503875969 0.9506621447028423 0.6785368217054263 0.9515503875968992 0.6762758397932817 0.9497739018087856 0.676921834625323 0.9467861757105944
0 0.678375322997416 0.9358042635658914 0.6803940568475452 0.9372577519379844 0.680797803617571 0.9406492248062015 0.678375322997416 0.9421027131782945 0.6757105943152455 0.9407299741602068 0.6756298449612402 0.9374192506459947
0 0.6703811369509044 0.9362887596899224 0.6681201550387597 0.9379844961240309 0.6682009043927648 0.9409722222222223 0.6710271317829457 0.9425872093023254 0.6734496124031008 0.9412952196382429 0.6735303617571059 0.9376614987080103
0 0.6862887596899224 0.936046511627907 0.6837855297157622 0.9373385012919897 0.6832202842377261 0.9398417312661498 0.6854812661498708 0.9412952196382429 0.6876614987080103 0.9405684754521965 0.6883074935400517 0.9373385012919897
0 0.6633559431524548 0.9369347545219638 0.6608527131782945 0.9379037467700259 0.6606912144702842 0.9417797157622738 0.6628714470284238 0.942829457364341 0.6651324289405685 0.9422642118863048 0.6665859173126615 0.9404877260981912 0.6657784237726099 0.9379844961240309
0 0.6486595607235143 0.9476744186046511 0.6463178294573644 0.9484011627906975 0.6459140826873385 0.9509851421188631 0.6470445736434108 0.9526808785529716 0.6493055555555555 0.9532461240310077 0.6511627906976745 0.9511466408268734 0.6511627906976745 0.949047157622739
0 0.6410691214470283 0.9481589147286822 0.6387273901808785 0.949047157622739 0.638485142118863 0.9509851421188631 0.6396156330749354 0.9537306201550387 0.6425226098191215 0.9535691214470284 0.6442183462532299 0.9508236434108526 0.6431686046511628 0.9491279069767442
0 0.6271802325581395 0.950500645994832 0.6249192506459949 0.952438630490956 0.6247577519379844 0.9552648578811369 0.6271802325581395 0.9562338501291989 0.6300064599483204 0.9555071059431525 0.6305717054263565 0.9529231266149871 0.6293604651162791 0.9513081395348837
0 0.6265342377260982 0.9416182170542635 0.6294412144702842 0.942748708010336 0.6294412144702842 0.9453326873385013 0.627422480620155 0.9471899224806201 0.625 0.9465439276485789 0.6240310077519379 0.9432332041343668
0 0.6245962532299741 0.9135174418604651 0.6223352713178294 0.9155361757105944 0.6224967700258398 0.9185239018087856 0.6254037467700259 0.9195736434108526 0.627906976744186 0.9178779069767442 0.6273417312661498 0.9142441860465116
0 0.5099373721881391 0.8895385991820041 0.5099373721881391 0.887685327198364 0.5110876789366053 0.8853847137014313 0.5132604805725972 0.8837231595092023 0.5176699897750512 0.8845539366053168 0.5193315439672802 0.8878131390593046 0.5188842024539878 0.891008435582822 0.517094836400818 0.893053425357873 0.5135161042944786 0.8935007668711656 0.5116628323108384 0.8923504601226993
0 0.6346153846153846 0.7709935897435896 0.6308493589743589 0.7697916666666665 0.6290865384615384 0.7665865384615383 0.6290865384615384 0.7623397435897435 0.6306891025641025 0.760576923076923 0.6335737179487179 0.7595352564102563 0.6364583333333332 0.7600961538461538 0.6389423076923076 0.7618589743589743 0.6400641025641025 0.7649839743589744 0.6391826923076923 0.7675480769230769 0.6380608974358974 0.7698717948717948
0 0.459774255523535 0.8184438040345821 0.45797310278578285 0.8172430355427474 0.4567723342939481 0.8149615754082613 0.45725264169068197 0.8132204610951009 0.4588136407300672 0.8116594620557156 0.4615754082612871 0.8119596541786742 0.46307636887608067 0.813400576368876 0.4628962536023054 0.8161023054755042 0.4615754082612871 0.8179034582132565
0 0.45220941402497594 0.7973102785782901 0.45262968299711803 0.7956292026897214 0.45401056676272805 0.7943083573487031 0.45563160422670507 0.7937680115273774 0.45761287223823244 0.7944284341978866 0.458873679154659 0.7963496637848221 0.4580931796349663 0.7989913544668586 0.45665225744476456 0.8001320845341018 0.45401056676272805 0.8001320845341018 0.4523294908741594 0.7988712776176752
0 0.4589337175792506 0.7929274735830932 0.458873679154659 0.7910662824207493 0.46007444764649374 0.7891450528338135 0.4630163304514889 0.7887247838616714 0.46505763688760804 0.790646013448607 0.4649375600384245 0.7931075888568683 0.463436599423631 0.7950888568683957 0.460014409221902 0.7947886647454371
0 0.4545814690529456 0.7913637211036539 0.45364932885906045 0.7905247949291574 0.45374254287844895 0.7887537285607756 0.4550475391498882 0.7876351603281134 0.456632177479493 0.7878215883668904 0.4578439597315436 0.7888935495898582 0.45756431767337813 0.7904781879194631 0.45616610738255037 0.7915035421327368
0 0.4663834951456311 0.7698624595469256 0.46678802588996765 0.7688106796116505 0.4680825242718446 0.7678398058252427 0.4701860841423948 0.7676375404530744 0.4713592233009709 0.7684870550161812 0.4719660194174757 0.77002427184466 0.47176375404530746 0.7714805825242719 0.47067152103559873 0.7727346278317152 0.46901294498381874 0.7730177993527507 0.46751618122977345 0.7725323624595469 0.4666666666666667 0.7712378640776699
0 0.6037885038503851 0.7071988448844885 0.6035134763476347 0.7046548404840484 0.6039260176017601 0.7022483498349835 0.6055074257425743 0.7005294279427943 0.6081889438943894 0.699291804180418 0.6116955445544554 0.6998418591859186 0.6138957645764577 0.7022483498349835 0.6145145764576457 0.7065112761276128 0.6120393289328934 0.7095365786578658 0.6080514301430143 0.7104304180418042 0.6055761826182618 0.7093303080308031
0 0.327863712374582 0.6818213489409143 0.3274456521739131 0.6786858974358975 0.3280030657748049 0.6747840022296543 0.33002369007803795 0.6725543478260869 0.3343436454849499 0.6708124303232998 0.3388029542920848 0.6717879041248606 0.34131131549609817 0.6735994983277591 0.3428442028985508 0.6770136566332218 0.34186872909699 0.6811942586399109 0.34033584169453734 0.6842600334448161 0.33720039018952064 0.686420011148272 0.33218366778149394 0.6859322742474916 0.32946627647714605 0.6844690635451506
0 0.7735339506172839 0.4359217171717172 0.7700266554433222 0.4330457351290685 0.7693953423120089 0.43031004489337826 0.7698863636363635 0.42715347923681257 0.7714295735129069 0.4250491021324355 0.7749368686868687 0.42399691358024694 0.7789351851851851 0.4246983726150393 0.7807589786756453 0.42834595959595956 0.780688832772166 0.4332561728395062 0.7763397867564534 0.4361321548821549
0 0.7861602132435466 0.4315025252525253 0.7839155443322109 0.429328002244669 0.7830036475869809 0.4250491021324355 0.7844065656565656 0.42217312008978675 0.7882645903479236 0.42020903479236815 0.7921226150392817 0.4207000561167228 0.7953493265993266 0.42462822671156003 0.7946478675645342 0.4288369809203143 0.7920524691358025 0.4319935465768799 0.7884750280583614 0.43227413019079686
0 0.026658270361041143 0.7001469353484466 0.02629093198992443 0.6974706129303105 0.0269206549118388 0.6954764903442484 0.029019731318219992 0.6946893366918556 0.031591099916036945 0.6949517212426533 0.033217884130982374 0.6968408900083962 0.03306045340050377 0.6996746431570108 0.03138119227539882 0.7011439966414778 0.029177162048698572 0.7016687657430731
0 0.02823257766582704 0.7111146095717883 0.026658270361041143 0.7093828715365239 0.026658270361041143 0.707126364399664 0.028127623845507987 0.7046599496221662 0.03022670025188918 0.7039252728799329 0.033007976490344246 0.7046074727120066 0.034005037783375325 0.706811502938707 0.0339525608732158 0.7090155331654072 0.03243073047858942 0.7105373635600336 0.03038413098236776 0.7114819479429051
0 0.20174530905077262 0.34247378587196464 0.20209023178807944 0.33985237306843263 0.20353890728476817 0.33861065121412803 0.20616032008830024 0.33861065121412803 0.20760899558498896 0.34040424944812364 0.20740204194260486 0.3428187086092715 0.20643625827814568 0.3447502759381898 0.20409078366445915 0.34481926048565126 0.20264210816777042 0.3439914459161148
0 0.18601683222958054 0.3419908940397351 0.18629277041942605 0.33930049668874174 0.18843129139072848 0.3374379139072847 0.1910527041942605 0.3376448675496689 0.19284630242825604 0.3390935430463576 0.19319122516556292 0.3413010485651214 0.19270833333333334 0.3433705849889625 0.19098371964679908 0.34433636865342165 0.18870722958057395 0.3445433222958057 0.18732753863134657 0.3439914459161148
0 0.21223096026490065 0.34254277041942605 0.21223096026490065 0.340473233995585 0.21443846578366443 0.3386796357615894 0.21685292494481237 0.33943846578366443 0.2183016004415011 0.3413700331125828 0.21726683222958054 0.3442673841059602 0.21471440397350994 0.34495722958057395 0.21278283664459158 0.3441294150110375
0 0.22319950331125823 0.3439914459161148 0.2225096578366446 0.34185292494481234 0.2229235651214128 0.34040424944812364 0.22464817880794702 0.3388865894039735 0.22671771523178805 0.33895557395143483 0.22823537527593818 0.34040424944812364 0.22851131346578366 0.3427497240618101 0.22699365342163355 0.34447433774834435 0.22526903973509932 0.3446123068432671
0 0.23389210816777042 0.344405353200883 0.23292632450331127 0.34233581677704195 0.23396109271523177 0.33964541942604853 0.23582367549668873 0.33902455849889623 0.2378242273730684 0.33971440397350994 0.23906594922737306 0.34254277041942605 0.23830711920529798 0.3448882450331126 0.23568570640176598 0.34585402869757176
0 0.234434591914569 0.1820413806254767 0.23319508009153314 0.18046815408085431 0.23338577421815407 0.17784610983981694 0.23481598016781083 0.1764635774218154 0.23729500381388255 0.1764635774218154 0.2387728832951945 0.17789378337147213 0.23920194508009152 0.17941933638443938 0.2387728832951945 0.18142162471395878 0.23734267734553774 0.18208905415713195
0 0.22709286803966436 0.18247044241037377 0.22366037376048817 0.18165999237223493 0.22218249427917616 0.17965770404271547 0.22318363844393593 0.177226353928299 0.2250905797101449 0.1764635774218154 0.2271405415713196 0.1764635774218154 0.22833237986270022 0.1777984363081617 0.22861842105263155 0.17970537757437072
0 0.45021869244935536 0.5455225598526703 0.45131215469613256 0.5442564456721914 0.4541321362799263 0.544371546961326 0.4552831491712706 0.5465584714548802 0.45476519337016574 0.5487453959484346 0.45269337016574585 0.5491482504604052 0.4506215469613259 0.5486302946593001 0.45016114180478817 0.5470764272559853
0 0.44400322283609567 0.5503568139963168 0.4433126151012891 0.548054788213628 0.44325506445672186 0.5464433701657458 0.4450391344383057 0.5456952117863719 0.4471685082872927 0.5456376611418047 0.4484921731123388 0.5481698895027624 0.44768646408839774 0.550414364640884 0.4459599447513812 0.5507596685082873
0 0.4236878453038674 0.5560543278084714 0.42150092081031304 0.5545580110497237 0.4208678637200736 0.5521408839779005 0.42190377532228357 0.5500115101289134 0.42420580110497236 0.5488029465930018 0.4271408839779005 0.5494360036832412 0.42834944751381215 0.5514502762430938 0.4284069981583793 0.5537523020257826 0.4265653775322284 0.5553637200736649 0.4243209023941068 0.5561118784530387
0 0.4379778287461774 0.3144431702344546 0.43790285451197053 0.31328652547575203 0.4384783609576427 0.3115983732351136 0.44012814610190304 0.31094613259668513 0.44173956414978516 0.311176335174954 0.44354281767955794 0.3125959177409454 0.44350445058317983 0.3149363106200123 0.44273710865561694 0.3167395641497852 0.4402048802946593 0.31666282995702894 0.4387469306322897 0.31581875383670965
0 0.4484538060159607 0.30764656230816456 0.4471493247391037 0.30615024554941683 0.4469958563535911 0.30400168815224066 0.4479166666666667 0.3024670042971148 0.44941298342541436 0.3018147636586863 0.451676642111725 0.3024670042971148 0.4524823511356661 0.3041935236341314 0.4524056169429098 0.3061118784530387 0.45129297114794353 0.30741635972989567
0 0.4484921731123388 0.31647099447513816 0.4467272866789441 0.3140922344996931 0.44745626151012896 0.3115216390423573 0.4496048189073051 0.3107542971147944 0.451945211786372 0.311444904849601 0.45263581952117865 0.3135934622467772 0.45229051565377537 0.31555018416206265 0.4512546040515654 0.31650936157151627
0 0.4475713627992634 0.3252186924493554 0.4466121853898097 0.32330033763044813 0.44684238796807857 0.321957489257213 0.4474178944137508 0.3209983118477594 0.4484154389195825 0.3202693370165746 0.45041052793124614 0.32023096992019645 0.45175337630448126 0.32111341313689384 0.4524823511356661 0.3226864640883978 0.45225214855739715 0.3244897176181707 0.45041052793124614 0.325870933087784
0 0.3585040983606558 0.27838114754098364 0.359870218579235 0.2768784153005465 0.3623975409836066 0.2765368852459017 0.3638319672131148 0.2780396174863389 0.3638319672131148 0.2815915300546448 0.36267076502732243 0.28295765027322406 0.35973360655737713 0.28268442622950823 0.35870901639344266 0.2811816939890711
0 0.35235655737704924 0.2744193989071039 0.3522882513661202 0.27223360655737705 0.35331284153005466 0.27093579234972687 0.35502049180327866 0.2702527322404372 0.35700136612021866 0.27127732240437163 0.35768442622950825 0.2731215846994536 0.35713797814207654 0.27537568306010934 0.35413251366120224 0.27646857923497276
