0 0.2441520467836257 0.2262426900584795 0.231359649122807 0.23318713450292397 0.23062865497076024 0.24524853801169588 0.2383040935672514 0.2503654970760234 0.2529239766081871 0.24890350877192982 0.25548245614035087 0.23282163742690054
0 0.24159356725146197 0.2657163742690058 0.23062865497076024 0.2748538011695906 0.2309941520467836 0.2847222222222222 0.23940058479532159 0.2909356725146199 0.25073099415204675 0.2902046783625731 0.256578947368421 0.28216374269005845 0.2532894736842105 0.26900584795321636
0 0.28289473684210525 0.26059941520467833 0.273391812865497 0.2653508771929824 0.2701023391812865 0.2730263157894737 0.2748538011695906 0.28326023391812866 0.285453216374269 0.28508771929824556 0.29568713450292394 0.2799707602339181 0.2945906432748538 0.26206140350877194
0 0.24006304824561397 0.30475603070175433 0.22727065058479526 0.3131624634502923 0.22690515350877186 0.32632035818713445 0.23604258040935666 0.3310718201754385 0.2477384868421052 0.32997532894736836 0.2554139254385964 0.3208379020467836 0.25102796052631576 0.3065835160818713
0 0.2807017543859649 0.29897660818713445 0.26864035087719296 0.30628654970760233 0.26790935672514615 0.31725146198830406 0.2744883040935672 0.32273391812865493 0.2865497076023391 0.3241959064327485 0.2931286549707602 0.31761695906432746 0.2931286549707602 0.30372807017543857
0 0.23866959064327484 0.3464912280701754 0.22880116959064323 0.3501461988304093 0.2262426900584795 0.3636695906432748 0.23355263157894735 0.3702485380116958 0.24378654970760233 0.37097953216374263 0.25146198830409355 0.3651315789473684 0.2503654970760234 0.34831871345029236
0 0.2759502923976608 0.33991228070175433 0.2657163742690058 0.346125730994152 0.2664473684210526 0.3611111111111111 0.27887426900584794 0.36549707602339176 0.2898391812865497 0.35891812865497075 0.28910818713450287 0.34173976608187134
0 0.23501461988304093 0.38267543859649117 0.22076023391812863 0.38852339181286544 0.22002923976608182 0.4013157894736841 0.22770467836257305 0.41045321637426896 0.2404970760233918 0.41118421052631576 0.24999999999999994 0.40204678362573093 0.24817251461988302 0.3874269005847953
0 0.26864035087719296 0.381578947368421 0.2627923976608187 0.3910818713450292 0.26827485380116955 0.40277777777777773 0.27887426900584794 0.40423976608187134 0.2902046783625731 0.3980263157894737 0.2898391812865497 0.3841374269005847 0.27887426900584794 0.3775584795321637
0 0.23318713450292397 0.4225146198830409 0.22076023391812863 0.42799707602339176 0.2171052631578947 0.4407894736842105 0.222953216374269 0.4506578947368421 0.2361111111111111 0.4528508771929824 0.2474415204678362 0.445906432748538 0.24671052631578946 0.42690058479532156
0 0.44846491228070173 0.39400584795321636 0.43823099415204675 0.40241228070175433 0.44005847953216365 0.4122807017543859 0.44809941520467833 0.41739766081871343 0.4554093567251461 0.4152046783625731 0.4641812865497076 0.40423976608187134 0.45760233918128645 0.39656432748538006
0 0.41739766081871343 0.418859649122807 0.40935672514619875 0.4290935672514619 0.41703216374269 0.4378654970760234 0.4298245614035088 0.43713450292397654 0.432017543859649 0.4199561403508772
0 0.4521198830409356 0.42361111111111105 0.44334795321637427 0.4301900584795321 0.4466374269005847 0.444078947368421 0.4586988304093567 0.4462719298245614 0.46783625730994144 0.4364035087719298 0.4630847953216373 0.42397660818713445
0 0.4820906432748538 0.4342105263157894 0.47258771929824556 0.4407894736842105 0.4722222222222222 0.4506578947368421 0.48135964912280693 0.45760233918128645 0.4915935672514619 0.45504385964912275 0.49634502923976603 0.445906432748538 0.4930555555555555 0.43494152046783624
0 0.4638157894736842 0.48282163742690054 0.45467836257309935 0.48647660818713445 0.4535818713450292 0.498172514619883 0.4601608187134502 0.5051169590643274 0.4722222222222222 0.5032894736842105 0.4777046783625731 0.4956140350877193 0.4736842105263157 0.48318713450292394
0 0.43347953216374263 0.48720760233918126 0.42434210526315785 0.4948830409356724 0.4258040935672514 0.506578947368421 0.43676900584795314 0.5120614035087718 0.4466374269005847 0.5054824561403509 0.4462719298245614 0.49049707602339176
0 0.44334795321637427 0.5135233918128654 0.4294590643274853 0.5190058479532164 0.4290935672514619 0.5325292397660818 0.4393274853801169 0.5380116959064327 0.44883040935672514 0.5343567251461988 0.452485380116959 0.5193713450292398
0 0.46637426900584794 0.5087719298245613 0.4586988304093567 0.5146198830409356 0.4616228070175438 0.5266812865497076 0.46966374269005845 0.5310672514619882 0.4791666666666666 0.5274122807017544 0.47989766081871343 0.5109649122807017
0 0.4455409356725146 0.5394736842105263 0.43494152046783624 0.5456871345029239 0.43347953216374263 0.5566520467836257 0.44334795321637427 0.5628654970760233 0.45321637426900585 0.5595760233918128 0.45833333333333326 0.5515350877192982 0.45614035087719296 0.5413011695906432
0 0.4769736842105263 0.533625730994152 0.4638157894736842 0.5405701754385964 0.46454678362573093 0.552266081871345 0.4733187134502923 0.5573830409356724 0.4839181286549707 0.5544590643274853 0.48611111111111105 0.5380116959064327
0 0.4510233918128655 0.5734649122807017 0.44334795321637427 0.5778508771929823 0.442251461988304 0.5873538011695906 0.44846491228070173 0.5928362573099415 0.45942982456140347 0.5910087719298245 0.4619883040935672 0.575657894736842
0 0.4802631578947368 0.5668859649122806 0.4722222222222222 0.5727339181286549 0.4718567251461988 0.5829678362573099 0.48172514619883033 0.587719298245614 0.4919590643274853 0.5818713450292398 0.4901315789473684 0.5694444444444444
0 0.45467836257309935 0.5942982456140351 0.4462719298245614 0.5990497076023391 0.445906432748538 0.6085526315789473 0.454312865497076 0.6122076023391811 0.4630847953216373 0.6103801169590642 0.4641812865497076 0.5957602339181286
0 0.4740497076023391 0.5942982456140351 0.4766081871345028 0.6041666666666665 0.48574561403508765 0.6063596491228069 0.494517543859649 0.6023391812865497 0.494517543859649 0.5917397660818713 0.48940058479532156 0.587719298245614 0.4769736842105263 0.589546783625731
0 0.41081871345029236 0.5826023391812865 0.42397660818713445 0.5851608187134503 0.4287280701754385 0.5986842105263157 0.4225146198830409 0.610014619883041 0.4097222222222222 0.6107456140350876 0.4013157894736841 0.6048976608187134 0.4009502923976608 0.5888157894736841
0 0.40606725146198824 0.5562865497076023 0.398391812865497 0.5635964912280701 0.4009502923976608 0.5752923976608186 0.4122807017543859 0.577485380116959 0.42068713450292394 0.570906432748538 0.41703216374269 0.5570175438596491
0 0.39619883040935666 0.6158625730994152 0.381578947368421 0.6180555555555555 0.3771929824561403 0.629751461988304 0.38523391812865493 0.6388888888888888 0.39692982456140347 0.6403508771929823 0.40423976608187134 0.6323099415204677 0.40314327485380114 0.6217105263157894
0 0.35782163742690054 0.623172514619883 0.34868421052631576 0.6312134502923976 0.3512426900584795 0.6414473684210527 0.36074561403508765 0.6451023391812865 0.37134502923976603 0.6396198830409356 0.3695175438596491 0.6249999999999999
0 0.38194444444444436 0.5884502923976608 0.3724415204678362 0.5983187134502923 0.373172514619883 0.6103801169590642 0.38194444444444436 0.614766081871345 0.39656432748538006 0.6125730994152047 0.3991228070175438 0.6005116959064327 0.3925438596491228 0.5891812865497076
0 0.3527046783625731 0.5990497076023391 0.34393274853801165 0.6059941520467835 0.34795321637426896 0.6180555555555555 0.35818713450292394 0.6198830409356724 0.3673245614035087 0.614766081871345 0.3636695906432748 0.5994152046783625
0 0.373172514619883 0.5595760233918128 0.3669590643274853 0.5698099415204677 0.3687865497076023 0.5833333333333333 0.37902046783625726 0.5862573099415204 0.391812865497076 0.5818713450292398 0.39217836257309935 0.5621345029239765
0 0.3468567251461988 0.5668859649122806 0.3369883040935672 0.5738304093567251 0.3366228070175438 0.5836988304093567 0.3432017543859649 0.5917397660818713 0.35160818713450287 0.5917397660818713 0.36220760233918126 0.5862573099415204 0.36147660818713445 0.570906432748538
0 0.36074561403508765 0.5365497076023391 0.35160818713450287 0.5449561403508771 0.35416666666666663 0.5544590643274853 0.3644005847953216 0.5581140350877193 0.3739035087719298 0.5526315789473684 0.3746345029239766 0.5391081871345028
0 0.4046052631578947 0.5274122807017544 0.3947368421052631 0.5328947368421052 0.39729532163742687 0.5442251461988303 0.40716374269005845 0.5493421052631579 0.41703216374269 0.5434941520467835 0.41666666666666663 0.5285087719298245
0 0.39583333333333326 0.4970760233918128 0.3870614035087719 0.5051169590643274 0.3866959064327485 0.5160818713450293 0.3947368421052631 0.5230263157894736 0.40533625730994144 0.5215643274853801 0.41447368421052627 0.5109649122807017 0.41008771929824556 0.4974415204678362
0 0.3512426900584795 0.5051169590643274 0.3413742690058479 0.5138888888888888 0.3428362573099415 0.5285087719298245 0.35453216374269 0.5325292397660818 0.3651315789473684 0.5281432748538011 0.3669590643274853 0.5116959064327485
0 0.4331140350877193 0.4451754385964911 0.42324561403508765 0.444078947368421 0.4163011695906432 0.45175438596491224 0.4159356725146198 0.4634502923976607 0.42690058479532156 0.4689327485380117 0.43676900584795314 0.4630847953216373 0.43823099415204675 0.4510233918128655
0 0.37171052631578944 0.6611842105263157 0.3633040935672514 0.6663011695906432 0.36476608187134496 0.6783625730994152 0.3735380116959064 0.6834795321637427 0.38523391812865493 0.6776315789473683 0.38304093567251457 0.6604532163742689
0 0.3994883040935672 0.6553362573099415 0.3907163742690058 0.6622807017543859 0.3925438596491228 0.6728801169590642 0.40314327485380114 0.6769005847953216 0.4133771929824561 0.6714181286549706 0.41081871345029236 0.6557017543859648
0 0.425 0.6481481481481481 0.41712962962962963 0.6574074074074074 0.42222222222222217 0.6689814814814814 0.4328703703703704 0.6703703703703704 0.44074074074074077 0.6611111111111111 0.4356481481481481 0.648611111111111
0 0.37175925925925923 0.6912037037037038 0.36666666666666664 0.700925925925926 0.375 0.7087962962962963 0.3847222222222222 0.7092592592592593 0.39166666666666666 0.7013888888888888 0.38657407407407407 0.687037037037037
0 0.40046296296296297 0.6828703703703703 0.39444444444444443 0.6949074074074074 0.4023148148148148 0.7018518518518518 0.41435185185185186 0.7023148148148147 0.4185185185185185 0.6935185185185184 0.41527777777777775 0.6824074074074075
0 0.4268518518518518 0.6796296296296296 0.42222222222222217 0.6898148148148148 0.42916666666666664 0.6981481481481481 0.44166666666666665 0.6962962962962963 0.4472222222222222 0.6851851851851851 0.4365740740740741 0.6763888888888888
0 0.43703703703703706 0.7162037037037037 0.42916666666666664 0.7236111111111111 0.43101851851851847 0.7328703703703704 0.4421296296296296 0.736111111111111 0.4523148148148148 0.7305555555555555 0.44768518518518513 0.7166666666666667
0 0.4486111111111111 0.7416666666666667 0.4347222222222222 0.7444444444444444 0.4328703703703704 0.7564814814814814 0.43981481481481477 0.763425925925926 0.45509259259259255 0.7620370370370371 0.45740740740740743 0.749537037037037
0 0.4518518518518518 0.7759259259259259 0.4425925925925926 0.7837962962962963 0.44583333333333336 0.7921296296296296 0.45509259259259255 0.7953703703703704 0.4643518518518518 0.7898148148148147 0.4634259259259259 0.7759259259259259
0 0.48981481481481476 0.7708333333333334 0.48101851851851846 0.7773148148148148 0.48148148148148145 0.7870370370370371 0.49212962962962964 0.7930555555555555 0.5013888888888889 0.787962962962963 0.5013888888888889 0.7726851851851851
0 0.5175925925925926 0.7652777777777777 0.5092592592592592 0.7722222222222221 0.5106481481481481 0.7837962962962963 0.5189814814814814 0.7875 0.5314814814814814 0.7810185185185184 0.5310185185185184 0.7666666666666667
0 0.4990740740740741 0.7967592592592593 0.48611111111111116 0.8023148148148148 0.4865740740740741 0.8152777777777778 0.49444444444444446 0.8203703703703704 0.5060185185185184 0.8162037037037038 0.5087962962962963 0.8013888888888888
0 0.46202064896755163 0.7960914454277286 0.45049778761061937 0.7979351032448376 0.4483775811209439 0.8055862831858407 0.45058997050147487 0.8122234513274336 0.45971607669616515 0.8156342182890856 0.4672750737463126 0.8102876106194689 0.4677359882005899 0.8012536873156342
0 0.4552912979351032 0.8181231563421828 0.45206489675516226 0.8261430678466075 0.4565818584070796 0.8346238938053097 0.46552359882005895 0.8348082595870207 0.47206858407079644 0.828447640117994 0.47105457227138636 0.8207042772861356 0.46349557522123885 0.81554203539823
0 0.46377212389380523 0.8365597345132743 0.4569505899705014 0.8416297935103244 0.4570427728613569 0.850018436578171 0.46192846607669613 0.855272861356932 0.4702249262536873 0.8553650442477876 0.47557153392330376 0.8506637168141592 0.4763089970501474 0.8431047197640118 0.47077802359882004 0.8360988200589969
0 0.5061762536873157 0.8353613569321533 0.4985250737463126 0.840339233038348 0.4987094395280236 0.8493731563421828 0.5041482300884955 0.854443215339233 0.5128134218289085 0.8543510324483774 0.5184365781710913 0.84882005899705 0.5174225663716814 0.8375737463126843
0 0.5331858407079646 0.8327802359882005 0.5259033923303834 0.836928466076696 0.524612831858407 0.8453171091445426 0.5300516224188789 0.8509402654867256 0.5373340707964601 0.8510324483775811 0.5439712389380531 0.8461467551622418 0.5435103244837758 0.8381268436578171 0.5392699115044247 0.8326880530973451
0 0.6580729166666667 0.8296875 0.6497395833333334 0.8341145833333333 0.6505208333333333 0.8453125 0.6606770833333333 0.8494791666666667 0.6697916666666667 0.8447916666666667 0.6684895833333333 0.8302083333333333
0 0.65234375 0.8265625 0.6434895833333333 0.8203125 0.6453125 0.809375 0.6575520833333334 0.8057291666666667 0.6651041666666667 0.81171875 0.6645833333333333 0.8223958333333333
0 0.703125 0.7971354166666667 0.696875 0.8041666666666667 0.6986979166666667 0.8114583333333333 0.7067708333333333 0.81328125 0.7158854166666667 0.8072916666666666 0.7109375 0.7971354166666667
0 0.7369791666666666 0.784375 0.73046875 0.79453125 0.7348958333333333 0.8049479166666667 0.7455729166666667 0.80625 0.7536458333333333 0.8005208333333333 0.75390625 0.7901041666666667 0.7458333333333333 0.7825520833333334
0 0.7286458333333333 0.81015625 0.7200520833333334 0.8205729166666667 0.725 0.8302083333333333 0.7330729166666666 0.83359375 0.7450520833333333 0.8278645833333333 0.7450520833333333 0.8153645833333333 0.7372395833333333 0.8088541666666667
0 0.703125 0.7716145833333333 0.6924479166666667 0.77109375 0.68984375 0.7622395833333333 0.6942708333333333 0.753125 0.703125 0.7510416666666667 0.7098958333333333 0.7546875 0.7122395833333334 0.7669270833333334
0 0.6721354166666667 0.7630208333333334 0.66484375 0.7690104166666667 0.6661458333333333 0.7807291666666667 0.6723958333333333 0.7838541666666666 0.6815104166666667 0.7833333333333333 0.6864583333333333 0.7760416666666666 0.6854166666666667 0.7658854166666667 0.6802083333333333 0.7611979166666667
0 0.63203125 0.72421875 0.6372395833333333 0.72109375 0.63671875 0.7145833333333333 0.6315104166666666 0.7125 0.6255208333333333 0.7151041666666667 0.625 0.72265625
0 0.6276041666666666 0.7005208333333334 0.6234375 0.7049479166666667 0.62265625 0.7106770833333333 0.6283854166666667 0.7122395833333334 0.6346354166666667 0.7091145833333333 0.6338541666666667 0.70234375
0 0.65 0.6716145833333333 0.6440104166666667 0.6786458333333333 0.6447916666666667 0.6895833333333333 0.6546875 0.690625 0.6598958333333333 0.6859375 0.6614583333333334 0.6776041666666667 0.6552083333333333 0.6716145833333333
0 0.5151041666666667 0.7502604166666667 0.521875 0.7455729166666667 0.5200520833333333 0.734375 0.5140625 0.73359375 0.50546875 0.7390625 0.5059895833333333 0.7471354166666667
0 0.48634040880503143 0.7554048742138364 0.4910573899371069 0.7507861635220126 0.4897798742138365 0.7436124213836478 0.48329402515723263 0.7410573899371069 0.47847877358490565 0.7434158805031447 0.47680817610062887 0.7490172955974843 0.4794614779874214 0.7546187106918238
0 0.4814268867924528 0.7361438679245282 0.4867334905660377 0.7328026729559748 0.48751965408805026 0.7242531446540881 0.4814268867924528 0.7205188679245282 0.4736635220125786 0.7230738993710691 0.4725825471698113 0.7328026729559748
0 0.4754323899371069 0.7066627358490566 0.47002751572327045 0.7101022012578616 0.47002751572327045 0.7173742138364779 0.47454795597484273 0.7210102201257862 0.4834905660377358 0.7192413522012578 0.48575078616352196 0.7121658805031447 0.4822130503144654 0.7068592767295597
0 0.5042256289308176 0.699685534591195 0.49793632075471694 0.7041077044025157 0.4986242138364779 0.7114779874213836 0.5039308176100629 0.715310534591195 0.5114976415094339 0.7140330188679246 0.5145440251572326 0.7077437106918238 0.5112028301886792 0.7001768867924528
0 0.507566823899371 0.715310534591195 0.5025550314465409 0.7173742138364779 0.5021619496855345 0.7258254716981132 0.5072720125786163 0.7296580188679246 0.5141509433962264 0.7288718553459119 0.5177869496855345 0.7218946540880502 0.5131682389937107 0.7150157232704403
0 0.6587141577060931 0.7167338709677419 0.6518817204301075 0.716173835125448 0.6486335125448028 0.7085573476702509 0.6513216845878136 0.7021729390681003 0.6598342293906809 0.6999327956989247 0.6661066308243727 0.7047491039426522 0.6656586021505376 0.7130376344086021
0 0.6742831541218638 0.6677867383512545 0.6703629032258064 0.6722670250896057 0.6724910394265233 0.6780913978494623 0.6775313620071685 0.6788754480286738 0.6825716845878136 0.6750672043010753 0.6789874551971326 0.6672267025089605
0 0.6742831541218638 0.6816756272401434 0.6734991039426522 0.6869399641577061 0.6773073476702509 0.6897401433691756 0.6825716845878136 0.6887320788530465 0.6838037634408601 0.6846998207885304 0.6822356630824372 0.6802195340501792 0.6767473118279569 0.6798835125448028
0 0.6765232974910393 0.6925403225806451 0.6747311827956989 0.6967965949820788 0.6779793906810035 0.7015008960573477 0.6831317204301075 0.7017249103942652 0.6863799283154122 0.698252688172043 0.6859318996415771 0.6926523297491038 0.6817876344086021 0.6900761648745519
0 0.6810035842293907 0.7037410394265233 0.6775313620071685 0.7074372759856631 0.6785394265232975 0.7132616487455197 0.6827956989247311 0.7149417562724014 0.6875 0.7134856630824372 0.6892921146953405 0.709005376344086 0.6872759856630823 0.7029569892473118
0 0.6899641577060931 0.7268145161290323 0.6843637992831542 0.7317428315412186 0.6855958781362006 0.7387992831541218 0.6908602150537634 0.7421594982078852 0.6970206093189963 0.741263440860215 0.700268817204301 0.7370071684587813 0.6997087813620072 0.730510752688172 0.6962365591397849 0.7263664874551972
0 0.6689068100358423 0.7394713261648745 0.662410394265233 0.7437275985663082 0.6611783154121863 0.7541442652329748 0.6661066308243727 0.7585125448028673 0.6724910394265233 0.7596326164874552 0.6798835125448028 0.7549283154121863 0.6804435483870968 0.7482078853046594 0.6773073476702509 0.7408154121863798
0 0.7202119883040935 0.5506213450292398 0.708516081871345 0.558296783625731 0.7092470760233918 0.571454678362573 0.7165570175438596 0.5802266081871345 0.7258771929824561 0.5805921052631579 0.7379385964912281 0.5740131578947368 0.7379385964912281 0.5687134502923976 0.7320906432748537 0.5513523391812865
0 0.7364766081871345 0.5615862573099415 0.7359283625730993 0.5517178362573099 0.7485380116959064 0.5440423976608186 0.761330409356725 0.5491593567251462 0.7635233918128654 0.5590277777777777 0.7609649122807016 0.5701754385964911 0.752375730994152 0.5751096491228069 0.7404970760233917 0.5712719298245613
0 0.38445017182130586 0.9158075601374571 0.37177835051546393 0.9237542955326461 0.37306701030927836 0.9372852233676976 0.37951030927835055 0.9430841924398625 0.3915378006872852 0.9435137457044673 0.4014175257731959 0.9364261168384881 0.4022766323024055 0.9259020618556701 0.3943298969072165 0.9164518900343643
0 0.3913230240549828 0.9531786941580755 0.38079896907216493 0.961340206185567 0.38337628865979384 0.9765893470790379 0.39282646048109965 0.9815292096219931 0.4029209621993127 0.980884879725086 0.41065292096219935 0.9712199312714777 0.40592783505154645 0.9542525773195877
0 0.294991134751773 0.6227836879432624 0.28878546099290775 0.631427304964539 0.2923315602836879 0.6425088652482269 0.3016400709219858 0.6431737588652482 0.30873226950354604 0.6374113475177304 0.30629432624113473 0.6238918439716312
0 0.294104609929078 0.613031914893617 0.3025265957446808 0.6070478723404255 0.3007535460992907 0.5961879432624113 0.29188829787234044 0.5913120567375886 0.2834663120567376 0.5966312056737588 0.2828014184397163 0.609264184397163
0 0.46236892935982343 0.6210333885209713 0.460782284768212 0.6188258830022075 0.4605753311258278 0.6162044701986755 0.46257588300220753 0.6136520419426048 0.46630104856512145 0.6129621964679912 0.4687844922737307 0.6147557947019868 0.4694743377483444 0.6184809602649007 0.46747378587196475 0.6218612030905077 0.46471440397351 0.622275110375276
0 0.5866953262786596 0.5171406525573192 0.5843805114638448 0.5164241622574957 0.5826719576719577 0.5146053791887125 0.5817901234567902 0.5120149911816578 0.5830026455026455 0.5092592592592592 0.5853725749559082 0.5077711640211641 0.5886243386243386 0.50788139329806 0.5905533509700176 0.5099206349206349 0.5911596119929453 0.5132826278659611 0.5897266313932981 0.5152116402116401
0 0.579957356076759 0.5000888415067519 0.5792022032693676 0.4979122245913291 0.5792910447761195 0.49484719260838667 0.5804904051172708 0.49311478322672353 0.5839108031272211 0.492315209665956 0.5867981520966595 0.4933813077469794 0.5882196162046909 0.49640191897654584 0.5873312011371713 0.4998223169864961 0.5853322672352523 0.5014658848614073 0.5823560767590619 0.5015103056147833
