0 0.4503205128205128 0.7272727272727273 0.4421620046620047 0.7370337995337995 0.44478438228438233 0.747960372960373 0.4523601398601399 0.7527680652680654 0.46226689976689983 0.7510198135198135 0.46722027972027974 0.743881118881119 0.46707459207459207 0.7326631701631702 0.4587703962703963 0.7266899766899767
0 0.48921911421911424 0.7185314685314685 0.4829545454545455 0.7282925407925408 0.4842657342657343 0.7389277389277389 0.4932983682983684 0.7437354312354313 0.5061188811188811 0.7406759906759907 0.5087412587412588 0.729458041958042 0.5062645687645688 0.7207167832167833 0.4981060606060606 0.7169289044289044
0 0.537004662004662 0.7122668997668998 0.5262237762237763 0.7162004662004662 0.5224358974358975 0.7272727272727273 0.5284090909090909 0.7363053613053613 0.5362762237762239 0.7387820512820513 0.5448717948717949 0.7361596736596737 0.5498251748251749 0.7298951048951049 0.5476398601398602 0.7160547785547786
0 0.5708041958041958 0.7396561771561772 0.5804195804195804 0.7354312354312355 0.5840617715617715 0.7233391608391609 0.5795454545454546 0.7135780885780886 0.5683275058275059 0.7118298368298369 0.5598776223776224 0.7176573426573427 0.5566724941724942 0.7268356643356644 0.5608974358974359 0.7358682983682984
0 0.5267489711934156 0.7051183127572016 0.5385802469135803 0.6986882716049382 0.5376800411522634 0.6849279835390946 0.5271347736625513 0.6779835390946501 0.5140174897119341 0.6835133744855967 0.511574074074074 0.6935442386831275 0.5162037037037037 0.7022890946502057
0 0.4862397119341564 0.6842849794238682 0.47363683127572015 0.6908436213991769 0.47389403292181065 0.7047325102880658 0.4857253086419753 0.7121913580246914 0.5 0.7056327160493827 0.4979423868312757 0.6886574074074073
0 0.4470164609053498 0.7228652263374485 0.43467078189300407 0.7215792181069959 0.43119855967078186 0.7142489711934156 0.4314557613168724 0.7037037037037036 0.44393004115226337 0.698559670781893 0.4544753086419753 0.7025462962962963 0.45640432098765427 0.7136059670781892
0 0.48212448559670773 0.6775977366255144 0.48945473251028804 0.6737397119341564 0.49356995884773663 0.6626800411522634 0.48662551440329216 0.6550925925925926 0.47710905349794236 0.6544495884773662 0.470679012345679 0.660108024691358 0.47055041152263377 0.6728395061728395
0 0.4371141975308641 0.693287037037037 0.44778806584362135 0.6878858024691358 0.44817386831275724 0.675025720164609 0.43981481481481477 0.6691100823045267 0.428369341563786 0.671167695473251 0.4237397119341564 0.6813271604938271 0.42682613168724276 0.6900720164609053
0 0.39994855967078186 0.7026748971193415 0.408179012345679 0.6935442386831275 0.40470679012345673 0.6831275720164608 0.39493312757201643 0.6777263374485597 0.3855452674897119 0.6818415637860081 0.3814300411522633 0.6917438271604938 0.3872170781893004 0.7021604938271604
0 0.3598251028806584 0.6877572016460904 0.3523662551440329 0.6938014403292181 0.3523662551440329 0.704861111111111 0.3609825102880658 0.7097479423868313 0.369727366255144 0.7074331275720165 0.3740997942386831 0.6972736625514403 0.36882716049382713 0.6891718106995884
0 0.35300925925925924 0.6842849794238682 0.34272119341563784 0.6817129629629629 0.3436213991769547 0.6702674897119341 0.350951646090535 0.6664094650205761 0.3578960905349794 0.669238683127572 0.3607253086419753 0.6784979423868313
0 0.34619341563786005 0.6631944444444444 0.3386059670781893 0.6637088477366255 0.3341049382716049 0.6568930041152263 0.33629115226337447 0.6489197530864197 0.3424639917695473 0.6462191358024691 0.3500514403292181 0.649048353909465 0.3523662551440329 0.6575360082304527
0 0.3796296296296296 0.6406893004115226 0.3744855967078189 0.6464763374485597 0.3761574074074074 0.6544495884773662 0.38335905349794236 0.6575360082304527 0.38927469135802467 0.6541923868312757 0.3915895061728395 0.6464763374485597 0.38670267489711935 0.639917695473251
0 0.41139403292181065 0.6487911522633745 0.4161522633744856 0.6430041152263374 0.4126800411522633 0.6370884773662551 0.4066358024691358 0.6373456790123456 0.4040637860082304 0.6417181069958847 0.40522119341563784 0.647119341563786
0 0.40933641975308643 0.6171553497942387 0.400977366255144 0.6188271604938271 0.39891975308641975 0.6268004115226337 0.40239197530864196 0.6316872427983539 0.41010802469135804 0.6333590534979424 0.4151234567901234 0.628858024691358 0.4152520576131687 0.6201131687242798
0 0.37152777777777773 0.6190843621399176 0.3656121399176954 0.6225565843621399 0.3657407407407407 0.6304012345679012 0.3710133744855967 0.6338734567901234 0.3777006172839506 0.6325874485596708 0.380787037037037 0.6261574074074073 0.3773148148148148 0.6198559670781892
0 0.3512088477366255 0.6238425925925926 0.3473508230452675 0.6291152263374485 0.3483796296296296 0.634130658436214 0.3550668724279835 0.6358024691358024 0.3594393004115226 0.6309156378600823 0.3560956790123457 0.6238425925925926
0 0.33204732510288065 0.6273148148148148 0.3253600823045267 0.6336162551440329 0.3285751028806584 0.642361111111111 0.33551954732510286 0.6442901234567902 0.34220679012345673 0.6410751028806584 0.3436213991769547 0.6343878600823044 0.33912037037037035 0.6275720164609053
0 0.3612397119341564 0.595679012345679 0.35673868312757195 0.6008230452674898 0.3573816872427983 0.6084104938271604 0.36252572016460904 0.6113683127572016 0.36921296296296297 0.6104681069958847 0.3733281893004115 0.6040380658436213 0.36869855967078186 0.5952932098765432
0 0.35892489711934156 0.5883487654320987 0.3641975308641975 0.5817901234567902 0.3604681069958848 0.5734310699588476 0.3524948559670782 0.5724022633744855 0.34683641975308643 0.5785751028806584 0.3481224279835391 0.5853909465020576 0.3515946502057613 0.5891203703703702
0 0.3177726337448559 0.6197273662551439 0.3108281893004115 0.6199845679012345 0.30864197530864196 0.6149691358024691 0.3104423868312757 0.6093106995884773 0.31584362139917693 0.60815329218107 0.32008744855967075 0.6112397119341564 0.32098765432098764 0.6152263374485597
0 0.32613168724279834 0.6040380658436213 0.3229166666666667 0.6071244855967077 0.323559670781893 0.6130401234567902 0.32883230452674894 0.6143261316872428 0.3325617283950617 0.6114969135802469 0.330761316872428 0.605324074074074
0 0.3395061728395062 0.6030092592592592 0.3361625514403292 0.6062242798353908 0.3377057613168724 0.6117541152263374 0.34220679012345673 0.6126543209876543 0.34593621399176955 0.6104681069958847 0.3447788065843621 0.6037808641975307
0 0.33796296296296297 0.5992798353909465 0.3415637860082304 0.5949074074074073 0.3387345679012346 0.590920781893004 0.33474794238683125 0.5896347736625513 0.3316615226337449 0.5915637860082303 0.3319187242798354 0.5985082304526749
0 0.3253600823045267 0.6019804526748971 0.3190586419753086 0.6010802469135803 0.31854423868312753 0.5958076131687242 0.32163065843621397 0.5928497942386831 0.32626028806584356 0.5938786008230452 0.3278034979423868 0.5982510288065843
0 0.3081275720164609 0.5951646090534979 0.3032407407407407 0.5977366255144033 0.30272633744855965 0.6036522633744855 0.30671296296296297 0.6068672839506172 0.31211419753086417 0.6068672839506172 0.3157150205761317 0.6021090534979424 0.31340020576131683 0.5959362139917695
0 0.3203446502057613 0.5905349794238682 0.314429012345679 0.5900205761316871 0.3143004115226337 0.585133744855967 0.31635802469135804 0.5821759259259259 0.3206018518518518 0.5823045267489712 0.3231738683127572 0.5868055555555555
0 0.33217592592592593 0.5861625514403292 0.3352623456790123 0.5816615226337448 0.3335905349794238 0.5765174897119341 0.32934670781893005 0.5753600823045267 0.32561728395061723 0.5775462962962963 0.3249742798353909 0.5823045267489712 0.32638888888888884 0.5857767489711935
0 0.2699404761904762 0.581547619047619 0.2641369047619047 0.5874999999999999 0.2638392857142857 0.5956845238095237 0.26919642857142856 0.6013392857142856 0.27693452380952377 0.6019345238095238 0.28437499999999993 0.5979166666666665 0.28526785714285713 0.5886904761904761 0.2779761904761905 0.5808035714285714
0 0.25937499999999997 0.5571428571428572 0.2532738095238095 0.5639880952380952 0.25401785714285713 0.572470238095238 0.2598214285714286 0.5776785714285714 0.26904761904761904 0.5770833333333333 0.2758928571428571 0.5688988095238094 0.27351190476190473 0.559672619047619 0.26562499999999994 0.5558035714285714
0 0.25208333333333327 0.5316964285714285 0.24449404761904758 0.5370535714285714 0.24404761904761904 0.5473214285714285 0.25148809523809523 0.5535714285714285 0.26086309523809526 0.5517857142857142 0.26562499999999994 0.5421130952380951 0.2610119047619047 0.5334821428571428
0 0.2836309523809524 0.5357142857142857 0.2782738095238095 0.5401785714285714 0.2806547619047619 0.5476190476190476 0.28616071428571427 0.5486607142857143 0.2913690476190476 0.5449404761904761 0.2907738095238095 0.5370535714285714
0 0.2891847172081829 0.5505415162454873 0.28437123947051746 0.5540012033694345 0.286176293622142 0.5615974729241877 0.2908393501805054 0.5630264741275571 0.29625451263537905 0.5603188929001203 0.2970066185318893 0.5552045728038507 0.2936973525872443 0.5503910950661853
0 0.299413357400722 0.5414410348977136 0.302647412755716 0.5378309265944645 0.3006167268351384 0.532942238267148 0.29572803850782187 0.5336943441636582 0.29339651022864016 0.5370036101083032 0.2947503008423586 0.5403880866425993
0 0.3020457280385078 0.5439229843561973 0.2983604091456077 0.5461793020457281 0.2982851985559567 0.5516696750902528 0.3013688327316486 0.5543772563176895 0.30588146811071 0.5537755716004814 0.3085890493381468 0.5502406738868832 0.3070096269554753 0.5448255114320096
0 0.3149067388688327 0.5435469314079422 0.3100932611311673 0.5435469314079422 0.309115523465704 0.539485559566787 0.3104693140794224 0.5369283995186522 0.3140794223826715 0.5358002406738869 0.3174638989169675 0.5368531889290012 0.3173886883273165 0.5421179302045729
0 0.31633574007220217 0.5470066185318894 0.3134025270758123 0.5503910950661853 0.3140794223826715 0.5550541516245487 0.3174638989169675 0.5570096269554753 0.3219765342960289 0.5558062575210589 0.3233303249097473 0.5519705174488568 0.32054753309265943 0.5470818291215402
0 0.34032791817087843 0.5433965102286402 0.332430806257521 0.5431708784596871 0.328895908543923 0.5354241877256317 0.3320547533092659 0.52940734055355 0.33950060168471724 0.5276774969915764 0.3447653429602888 0.5313628158844765 0.34566787003610105 0.5389590854392299
0 0.34183212996389895 0.552496991576414 0.33807160048134777 0.5583634175691937 0.34025270758122744 0.5654332129963899 0.34709687123947053 0.5676895306859205 0.35356498194945846 0.5616726835138387 0.3528880866425993 0.555580625752106 0.34799939831528276 0.5506919374247894
0 0.29497593261131166 0.5644554753309265 0.2905385078219013 0.5678399518652226 0.2909145607701564 0.5739320096269555 0.2952767749699158 0.5769404332129964 0.3015192539109507 0.5750601684717208 0.302647412755716 0.569043321299639 0.29948856799037304 0.5643050541516246
0 0.29896209386281586 0.578895908543923 0.29572803850782187 0.5831077015643803 0.2979091456077016 0.589124548736462 0.3040764139590854 0.5904031287605295 0.30828820697954273 0.5863417569193743 0.3071600481347774 0.5807009626955475 0.3031738868832732 0.5774669073405535
0 0.3113718411552347 0.572427797833935 0.3096419975932611 0.5763387484957883 0.31227436823104693 0.5794223826714802 0.3162605294825511 0.5785198555956679 0.3176895306859206 0.575586642599278 0.3154332129963899 0.5711492178098677
0 0.32679001203369434 0.5713748495788207 0.3295728038507822 0.5668622141997594 0.32731648616125153 0.5620487364620939 0.322277376654633 0.5615222623345367 0.3194945848375451 0.5642298435619735 0.3194945848375451 0.5703971119133574
0 0.3114470517448857 0.5681407942238267 0.31422984356197353 0.5646811070998797 0.312424789410349 0.5600180505415163 0.3083634175691937 0.5582129963898917 0.3040764139590854 0.5606949458483754 0.30415162454873645 0.5652827918170878 0.30670878459687123 0.568817689530686
0 0.6456342887473461 0.5882430997876857 0.6464304670912951 0.59229033970276 0.6490843949044586 0.5942807855626326 0.6531979830148619 0.5947452229299363 0.656316348195329 0.5916268577494692 0.6558519108280255 0.5872478768577494 0.6534633757961783 0.5843285562632696 0.6473593418259023 0.5847266454352442
0 0.6362791932059447 0.5818736730360934 0.6313030785562632 0.5802813163481954 0.6298434182590233 0.5757696390658174 0.6314357749469214 0.5729166666666666 0.6352839702760085 0.5717223991507431 0.6388667728237791 0.5733147558386412 0.6404591295116773 0.5778264331210191
0 0.7096036585365854 0.5434451219512195 0.7042682926829268 0.5464939024390244 0.7036331300813007 0.5530995934959348 0.7078252032520325 0.5572916666666666 0.713795731707317 0.5570376016260162 0.7164634146341462 0.5522103658536586 0.715701219512195 0.5466209349593495
0 0.636941056910569 0.5293445121951219 0.6318597560975608 0.5274390243902438 0.6304623983739837 0.5223577235772358 0.6328760162601625 0.5174034552845529 0.6388465447154471 0.5157520325203252 0.6429115853658536 0.5188008130081301 0.6438008130081301 0.5261686991869918
0 0.7374188311688311 0.5646645021645021 0.7297077922077921 0.5611471861471862 0.7294372294372294 0.5528950216450216 0.7348484848484848 0.5481601731601732 0.7421536796536796 0.549512987012987 0.7463474025974025 0.5557359307359306 0.7445887445887446 0.5614177489177489
0 0.7550054112554112 0.5102813852813852 0.7482413419913421 0.5144751082251082 0.7472943722943722 0.5223214285714285 0.7508116883116883 0.525974025974026 0.7582521645021645 0.527056277056277 0.7632575757575757 0.5220508658008658 0.7625811688311689 0.5155573593073594
0 0.7563582251082251 0.5071699134199134 0.749323593073593 0.5054112554112554 0.7448593073593074 0.49621212121212127 0.7504058441558441 0.4880952380952381 0.7616341991341992 0.4875541125541126 0.7666396103896104 0.49594155844155846 0.7646484375 0.5030381944444445
0 0.7237554112554112 0.4653679653679653 0.7175324675324675 0.46306818181818177 0.7173971861471862 0.4546807359307359 0.7248376623376623 0.4523809523809524 0.7297077922077921 0.4567099567099567 0.7297077922077921 0.4619859307359307
0 0.7053571428571429 0.44034090909090906 0.6989989177489178 0.4429112554112554 0.6984577922077921 0.4499458874458874 0.7025162337662337 0.4534632034632035 0.7088744588744589 0.4531926406926407 0.7117153679653679 0.44818722943722944 0.7103625541125541 0.44223484848484845
0 0.7274080086580087 0.4293831168831169 0.7225378787878788 0.43506493506493504 0.7244318181818181 0.44209956709956705 0.7294372294372294 0.4449404761904762 0.7376893939393939 0.44358766233766234 0.7401244588744589 0.4368235930735931 0.7366071428571429 0.4287067099567099
0 0.7502705627705628 0.4308712121212121 0.7559523809523809 0.4276244588744588 0.7550054112554112 0.4207251082251082 0.7504058441558441 0.4182900432900433 0.7449945887445888 0.42031926406926406 0.7440476190476191 0.4276244588744588
0 0.7709686147186148 0.4341179653679653 0.7652867965367965 0.430465367965368 0.7659632034632033 0.4238365800865801 0.7705627705627706 0.4215367965367965 0.7762445887445888 0.42410714285714285 0.7775974025974025 0.43154761904761907
0 0.7486471861471862 0.4042207792207792 0.7437770562770563 0.4069264069264069 0.7439123376623377 0.41125541125541126 0.7474296536796536 0.41477272727272724 0.7529761904761905 0.41517857142857145 0.7554112554112554 0.41112012987012986 0.754193722943723 0.4050324675324675
0 0.7117153679653679 0.4342532467532467 0.7064393939393939 0.43127705627705626 0.7065746753246753 0.4239718614718615 0.712121212121212 0.42086038961038963 0.7176677489177489 0.42356601731601734 0.7192911255411255 0.4311417748917749
0 0.6931818181818181 0.4243777056277056 0.6995400432900433 0.4215367965367965 0.7000811688311689 0.41517857142857145 0.6949404761904762 0.4107142857142857 0.6889880952380952 0.41233766233766234 0.6869588744588744 0.42031926406926406
0 0.6875 0.429788961038961 0.6801948051948052 0.4319534632034632 0.6788419913419913 0.4385822510822511 0.6820887445887446 0.442775974025974 0.6875 0.4438582251082251 0.6931818181818181 0.43993506493506496 0.692099567099567 0.4342532467532467
0 0.6655844155844156 0.45941558441558444 0.6719426406926406 0.4563041125541126 0.6722132034632035 0.44926948051948057 0.6677489177489178 0.4450757575757576 0.6623376623376623 0.4456168831168831 0.6589556277056277 0.45089285714285715 0.6596320346320347 0.45603354978354976
0 0.6594967532467533 0.4408820346320347 0.6669372294372294 0.4376352813852814 0.6670725108225107 0.429788961038961 0.6630140692640693 0.42573051948051943 0.6550324675324675 0.42573051948051943 0.6519209956709957 0.4311417748917749 0.6527326839826839 0.4379058441558442
0 0.6600378787878788 0.42207792207792205 0.6536796536796536 0.4180194805194805 0.6517857142857143 0.41030844155844154 0.6582792207792207 0.4055735930735931 0.66504329004329 0.40719696969696967 0.6682900432900433 0.41382575757575757 0.6666666666666666 0.41883116883116883
0 0.6896645021645021 0.4069264069264069 0.6823593073593074 0.40584415584415584 0.6806006493506493 0.398538961038961 0.6852002164502164 0.39366883116883117 0.6919642857142857 0.39475108225108224 0.6950757575757576 0.40192099567099565
0 0.7034632034632035 0.39935064935064934 0.7091450216450216 0.3959686147186147 0.7088744588744589 0.3894751082251082 0.7030573593073594 0.3852813852813853 0.6975108225108225 0.38879870129870125 0.6975108225108225 0.39678030303030304
0 0.6600378787878788 0.40205627705627706 0.6542207792207793 0.3998917748917749 0.652056277056277 0.3939393939393939 0.6544913419913421 0.3886634199134199 0.6599025974025974 0.3866341991341991 0.6663961038961038 0.38839285714285715 0.6684253246753247 0.3942099567099567 0.6662608225108225 0.39921536796536794
0 0.6367694805194806 0.3874458874458874 0.6332521645021645 0.3886634199134199 0.6313582251082251 0.3939393939393939 0.6348755411255411 0.39732142857142855 0.6400162337662337 0.39691558441558444 0.641504329004329 0.39339826839826836 0.6410984848484848 0.38920454545454547
0 0.6348755411255411 0.38108766233766234 0.6406926406926406 0.3786525974025974 0.6412337662337662 0.37337662337662336 0.6387987012987013 0.3685064935064935 0.63379329004329 0.36837121212121215 0.6294642857142857 0.37080627705627706 0.6298701298701298 0.3786525974025974
0 0.6857413419913421 0.34510281385281383 0.679788961038961 0.3429383116883117 0.6774891774891775 0.3364448051948052 0.6799242424242424 0.332521645021645 0.6853354978354979 0.330762987012987 0.6915584415584416 0.3345508658008658 0.691017316017316 0.3413149350649351
0 0.7037337662337662 0.32589285714285715 0.6968344155844156 0.3226461038961039 0.6966991341991342 0.31655844155844154 0.7000811688311689 0.31331168831168826 0.7067099567099566 0.31331168831168826 0.7099567099567099 0.31791125541125537 0.7094155844155844 0.3230519480519481
0 0.7195900537634409 0.3125 0.7147177419354839 0.3168682795698925 0.7137096774193549 0.32258064516129037 0.7180779569892474 0.3267809139784946 0.7234543010752688 0.3277889784946237 0.7278225806451613 0.3245967741935484 0.7286626344086021 0.31804435483870963 0.7251344086021505 0.3128360215053763
0 0.7388237847222223 0.3258463541666667 0.7444661458333334 0.3241102430555556 0.7455512152777778 0.3186848958333333 0.7429470486111112 0.3141276041666667 0.7383897569444445 0.3133680555555556 0.7337239583333334 0.31618923611111116 0.733615451388889 0.32280815972222227
0 0.7577039930555556 0.3136935763888889 0.7523871527777778 0.31640625 0.7503255208333334 0.3203125 0.7523871527777778 0.32693142361111116 0.7586805555555556 0.3293185763888889 0.7650824652777778 0.3258463541666667 0.7639973958333334 0.31640625
0 0.738323252688172 0.3319052419354839 0.7342069892473118 0.3350974462365591 0.734375 0.34055779569892475 0.738239247311828 0.3434139784946237 0.7425235215053764 0.34223790322580644 0.7457997311827957 0.33719758064516125 0.743111559139785 0.332997311827957
0 0.8279199475065617 0.7221128608923885 0.8190616797900263 0.7219488188976378 0.8164370078740157 0.7140748031496064 0.8231627296587926 0.708005249343832 0.8295603674540682 0.7111220472440946 0.8320209973753281 0.7171916010498688
0 0.8016732283464567 0.6153215223097113 0.7969160104986877 0.6207349081364829 0.7998687664041995 0.6271325459317585 0.8046259842519685 0.6294291338582677 0.8106955380577429 0.6268044619422571 0.8105314960629921 0.6202427821522309 0.8070866141732284 0.6161417322834646
0 0.8184055118110236 0.6100721784776902 0.8243110236220472 0.6112204724409449 0.8274278215223098 0.6172900262467191 0.8257874015748031 0.6228674540682415 0.8192257217847769 0.624507874015748 0.8138123359580053 0.6215551181102362 0.812992125984252 0.613517060367454
0 0.8220451527224435 0.6394422310756971 0.8168160690571048 0.6389442231075697 0.8143260292164674 0.6352091633466135 0.8142430278884462 0.6298140770252324 0.8175630810092961 0.6267430278884462 0.8224601593625497 0.6269920318725098 0.8268592297476759 0.6310590969455511 0.8266932270916334 0.6365371845949535
0 0.8393094289508631 0.6337981407702523 0.8341633466135457 0.6346281540504648 0.8308432934926958 0.6285690571049136 0.832918326693227 0.6216799468791501 0.8410524568393094 0.6215969455511288 0.843957503320053 0.6266600265604249 0.8435424966799467 0.6308930942895086
0 0.8387966200466201 0.6382575757575758 0.8364656177156178 0.645541958041958 0.8433857808857809 0.6510052447552448 0.8520541958041958 0.6479458041958043 0.8513986013986015 0.6376019813519814 0.8444784382284383 0.6350524475524476
0 0.36287313432835816 0.7175580431177445 0.3546849087893864 0.7233623548922055 0.3545812603648424 0.7349709784411277 0.3605928689883913 0.7406716417910447 0.3715796019900497 0.740049751243781 0.37696932006633493 0.7324834162520728 0.3739635157545605 0.7194237147595356
0 0.3917910447761193 0.7278192371475953 0.382669983416252 0.7332089552238805 0.38184079601990045 0.7418117744610281 0.38577943615257043 0.7504145936981758 0.3962479270315091 0.7525912106135986 0.4028814262023217 0.7484452736318408 0.40464344941956876 0.7366293532338307 0.3981135986733001 0.73030679933665
0 0.8370881782945737 0.4742005813953489 0.8425993217054264 0.4694767441860465 0.8411458333333334 0.4616642441860465 0.835998062015504 0.4583938953488372 0.8283066860465116 0.46130087209302323 0.8262475775193798 0.46881056201550386 0.8313347868217055 0.47432170542635654
0 0.8343023255813953 0.44949127906976744 0.8415092054263567 0.4465237403100775 0.842296511627907 0.43840843023255816 0.8386627906976745 0.43441133720930236 0.8329093992248062 0.4338057170542636 0.8277616279069768 0.4375 0.8270348837209303 0.4428294573643411 0.8293362403100776 0.44700823643410853
0 0.6360735735735735 0.43290165165165156 0.6289414414414414 0.4297109609609609 0.6293168168168167 0.42314189189189183 0.6341966966966966 0.42060810810810806 0.6391704204204204 0.4220157657657657 0.6421734234234233 0.426051051051051 0.6406719219219219 0.42989864864864863
0 0.6086711711711711 0.44284909909909903 0.6125187687687687 0.4408783783783784 0.6108295795795795 0.4369369369369369 0.6076388888888888 0.43590465465465467 0.6044481981981982 0.43815690690690684 0.6052927927927927 0.4420983483483483
0 0.6006006006006006 0.4427552552552552 0.596096096096096 0.440503003003003 0.5968468468468467 0.4369369369369369 0.6002252252252251 0.43515390390390385 0.6029466966966966 0.4368430930930931 0.603978978978979 0.44069069069069067
0 0.5972222222222222 0.43449699699699695 0.6026651651651651 0.43468468468468463 0.6040728228228228 0.43093093093093093 0.6019144144144143 0.42867867867867865 0.5990990990990991 0.42849099099099097 0.5966591591591591 0.42999249249249244
0 0.6196557971014491 0.40652173913043477 0.6154891304347825 0.4093297101449275 0.6171195652173913 0.41476449275362315 0.6210144927536231 0.4159420289855072 0.6252717391304347 0.41322463768115936 0.623641304347826 0.4071557971014492
0 0.6077008928571429 0.3981274801587302 0.6041046626984128 0.3960813492063492 0.6041046626984128 0.392671130952381 0.6064608134920636 0.39118303571428575 0.6098090277777778 0.3918030753968254 0.611545138888889 0.3946552579365079 0.6112351190476191 0.3970114087301587
0 0.6084449404761905 0.38454861111111116 0.6049107142857143 0.3853546626984127 0.6042906746031746 0.3880828373015873 0.6055307539682541 0.3899429563492064 0.6078869047619048 0.39087301587301587 0.6100570436507937 0.3896949404761905 0.6108010912698413 0.3869047619047619
0 0.24164496527777782 0.5023871527777778 0.2333984375 0.5078125 0.2336154513888889 0.5182291666666666 0.240234375 0.5230034722222223 0.24620225694444448 0.5234375 0.25368923611111116 0.5172526041666666 0.25368923611111116 0.5084635416666666 0.2490234375 0.5030381944444445
0 0.28298611111111116 0.46929253472222227 0.28765190972222227 0.47092013888888895 0.2884114583333333 0.47547743055555564 0.2845052083333333 0.4794921875 0.279296875 0.47829861111111116 0.2779947916666667 0.4710286458333333
0 0.24674479166666666 0.47710503472222227 0.25151909722222227 0.4720052083333333 0.24837239583333334 0.46603732638888895 0.2431640625 0.4652777777777778 0.23914930555555558 0.46853298611111116 0.23914930555555558 0.47352430555555564 0.24164496527777782 0.4768880208333333
0 0.23708767361111113 0.46267361111111116 0.24197048611111113 0.4586588541666667 0.240234375 0.4525824652777778 0.23578559027777782 0.4505208333333333 0.23122829861111113 0.45203993055555564 0.2294921875 0.4574652777777778 0.23187934027777782 0.4620225694444445
0 0.3021918402777778 0.43608940972222227 0.3045789930555556 0.4300130208333333 0.3004557291666667 0.42458767361111116 0.2936197916666667 0.4258897569444445 0.2913411458333333 0.4307725694444445 0.2932942708333333 0.4358723958333333 0.2977430555555556 0.43771701388888895
0 0.24186197916666666 0.4217664930555556 0.23687065972222224 0.4227430555555556 0.2336154513888889 0.41948784722222227 0.23394097222222224 0.41460503472222227 0.23882378472222224 0.41189236111111116 0.24403211805555558 0.4137369791666667 0.2443576388888889 0.4182942708333333
0 0.202705938697318 0.37823275862068967 0.20869252873563218 0.3772749042145594 0.2136015325670498 0.3801484674329502 0.21408045977011492 0.3867337164750958 0.21168582375478928 0.3908045977011494 0.20605842911877395 0.39116379310344823 0.20138888888888887 0.3890086206896552 0.20007183908045975 0.3824233716475096
0 0.1977969348659004 0.375 0.20701628352490423 0.3726053639846743 0.20737547892720307 0.36362547892720304 0.1998323754789272 0.358955938697318 0.19372605363984674 0.36302681992337166 0.19276819923371646 0.3699712643678161
0 0.21623563218390804 0.3684147509578544 0.226772030651341 0.36506226053639845 0.22653256704980843 0.3565613026819923 0.22078544061302685 0.35153256704980845 0.2130028735632184 0.35344827586206895 0.20953065134099616 0.3602729885057471 0.21156609195402298 0.3656609195402299
0 0.23371647509578547 0.3611111111111111 0.24449233716475097 0.3584770114942529 0.24461206896551724 0.350933908045977 0.23994252873563218 0.3451867816091954 0.23168103448275862 0.3466235632183908 0.22892720306513412 0.35249042145593873 0.2298850574712644 0.35787835249042144
0 0.2640086206896552 0.36602011494252873 0.27023467432950193 0.36147030651341 0.26748084291187735 0.35500478927203066 0.2617337164750958 0.35272988505747127 0.25646551724137934 0.35739942528735635 0.258022030651341 0.36362547892720304
0 0.19051204819277107 0.34404283801874164 0.18557563587684067 0.34906291834002673 0.18632864792503345 0.35676037483266393 0.1931057563587684 0.3600234270414993 0.19971552878179383 0.3572623828647925 0.2011378848728246 0.35031793842034803 0.197958500669344 0.34429384203480584
0 0.2111780455153949 0.3441265060240964 0.21837349397590358 0.3406124497991968 0.21728580990629184 0.3354250334672021 0.21352074966532797 0.3309069611780455 0.20682730923694778 0.332412985274431 0.2041499330655957 0.3381024096385542 0.20615796519410975 0.34220214190093706
0 0.2289156626506024 0.3424531459170013 0.23736613119143238 0.33910642570281124 0.23669678714859435 0.331743641231593 0.2325133868808567 0.3275602409638554 0.2250669344042838 0.3272255689424364 0.22130187416331992 0.3335006693440428 0.2235609103078982 0.34027777777777773
0 0.2477891156462585 0.32729591836734695 0.242687074829932 0.33078231292517 0.2421768707482993 0.33656462585034014 0.24549319727891156 0.34064625850340136 0.25034013605442174 0.3415816326530612 0.25476190476190474 0.3393707482993197 0.25671768707482995 0.3347789115646258 0.25357142857142856 0.3277210884353741
0 0.2199829931972789 0.32414965986394556 0.22806122448979588 0.322108843537415 0.2295068027210884 0.3155612244897959 0.22738095238095235 0.3102891156462585 0.2215986394557823 0.30790816326530607 0.21564625850340136 0.3106292517006803 0.21369047619047615 0.3167517006802721 0.21539115646258503 0.32151360544217683
0 0.19914965986394556 0.325 0.2079081632653061 0.3226190476190476 0.20884353741496597 0.31547619047619047 0.2056972789115646 0.31045918367346936 0.1994047619047619 0.3087585034013605 0.19387755102040816 0.3114795918367347 0.1927721088435374 0.316921768707483 0.19472789115646258 0.3223639455782313
0 0.17882653061224488 0.31020408163265306 0.175 0.31258503401360543 0.17448979591836736 0.31811224489795914 0.17755102040816326 0.3218537414965986 0.18214285714285713 0.3218537414965986 0.18511904761904763 0.3196428571428571 0.18639455782312925 0.31420068027210885 0.18273809523809523 0.31020408163265306
0 0.1610544217687075 0.3168367346938775 0.15697278911564624 0.32219387755102036 0.15926870748299318 0.3282312925170068 0.1645408163265306 0.32942176870748296 0.16913265306122446 0.3252551020408163 0.16930272108843536 0.32066326530612244 0.16522108843537414 0.31726190476190474
0 0.25008074935400515 0.3906653746770026 0.24660852713178297 0.39413759689922484 0.24765826873385013 0.3994670542635659 0.251453488372093 0.4018895348837209 0.25565245478036175 0.40083979328165376 0.2585594315245478 0.3964793281653747 0.25508720930232553 0.3898578811369509
0 0.2780032467532467 0.40002705627705626 0.27502705627705626 0.3973214285714285 0.27610930735930733 0.39312770562770555 0.27813852813852813 0.3912337662337662 0.2819264069264069 0.3905573593073593 0.28517316017316013 0.39366883116883117 0.28544372294372294 0.3990800865800866 0.28138528138528135 0.40056818181818177
0 0.2634462151394423 0.37790504648074374 0.2616201859229748 0.3769090305444888 0.2597111553784861 0.3738379814077026 0.2602921646746348 0.37093293492695895 0.26228419654714474 0.36852589641434275 0.26635126162018596 0.3681108897742364 0.26933930942895096 0.37093293492695895 0.2700033200531209 0.3742529880478088 0.26784528552456843 0.37699203187251007 0.26452523240371845 0.37790504648074374
0 0.3135051169590644 0.3729897660818714 0.31058114035087725 0.3723501461988305 0.3091191520467837 0.37015716374269014 0.3091191520467837 0.3667763157894737 0.31112938596491235 0.364857456140351 0.31478435672514626 0.3646747076023393 0.31670321637426907 0.3658625730994153 0.31734283625731 0.36933479532163743 0.31652046783625737 0.37216739766081874
0 0.6339930555555555 0.4169097222222222 0.6307291666666667 0.4145486111111111 0.6294791666666667 0.4103125 0.6303819444444444 0.4079513888888889 0.6335763888888889 0.4055902777777778 0.6384375 0.4069097222222222 0.6405208333333333 0.40975694444444444 0.6404513888888889 0.41225694444444444 0.6388541666666666 0.41475694444444444 0.6358680555555555 0.41697916666666673
0 0.7355094884488449 0.36061262376237624 0.7337561881188118 0.35741542904290424 0.7346844059405939 0.35308374587458746 0.7377784653465347 0.35019595709570955 0.7413882013201321 0.35050536303630364 0.7446885313531353 0.3528774752475248 0.745204207920792 0.3551464521452145 0.7447916666666666 0.35968440594059403 0.7410787953795379 0.3617471122112211 0.737881600660066 0.3617471122112211
