0 0.30369718309859156 0.5604460093896714 0.29430751173708924 0.5718896713615024 0.2990023474178404 0.585387323943662 0.3119131455399061 0.5883215962441315 0.3230633802816901 0.580105633802817 0.3201291079812207 0.5607394366197183
0 0.29577464788732394 0.5941901408450705 0.2849178403755869 0.6085680751173709 0.289906103286385 0.6220657276995305 0.30281690140845074 0.6261737089201879 0.3148474178403756 0.6208920187793427 0.31807511737089206 0.6071009389671362 0.30956572769953056 0.5941901408450705
0 0.3330399061032864 0.6012323943661972 0.3274647887323944 0.6153169014084507 0.33568075117370894 0.6267605633802817 0.3485915492957747 0.6288145539906104 0.3562206572769953 0.6232394366197183 0.35974178403755874 0.6117957746478874 0.3559272300469484 0.6006455399061034 0.34242957746478875 0.5956572769953051
0 0.3142605633802817 0.6384976525821596 0.306924882629108 0.6499413145539906 0.3089788732394366 0.6613849765258216 0.3171948356807512 0.6675469483568076 0.32834507042253525 0.6663732394366197 0.3345070422535211 0.65962441314554 0.33685446009389675 0.6502347417840375 0.3289319248826291 0.6384976525821596
0 0.3591549295774648 0.6455399061032864 0.37001173708920193 0.6470070422535211 0.37470657276995306 0.6558098591549296 0.37030516431924887 0.6663732394366197 0.3600352112676056 0.6690140845070423 0.35035211267605637 0.6643192488262911 0.3500586854460094 0.6505281690140846
0 0.38791079812206575 0.6487676056338029 0.38350938967136156 0.6581572769953051 0.38703051643192493 0.6684272300469484 0.39524647887323944 0.6716549295774649 0.4072769953051643 0.6663732394366197 0.4081572769953052 0.6569835680751175 0.4002347417840376 0.6464201877934272
0 0.443368544600939 0.6467136150234742 0.4354460093896714 0.6555164319248826 0.44043427230046955 0.6681338028169015 0.45158450704225356 0.6710680751173709 0.46126760563380287 0.6657863849765259 0.46273474178403756 0.6546361502347419 0.4562793427230047 0.6458333333333334
0 0.48151408450704225 0.6402582159624414 0.47887323943661975 0.6525821596244132 0.48591549295774644 0.6625586854460094 0.49706572769953056 0.6613849765258216 0.5029342723004695 0.6549295774647887 0.5038145539906104 0.641725352112676 0.4914906103286385 0.636443661971831
0 0.5646802325581395 0.7934431524547804 0.5651647286821705 0.7986918604651163 0.5697674418604651 0.8021640826873385 0.5749354005167959 0.8012758397932817 0.5775193798449613 0.7974806201550387 0.577842377260982 0.7919896640826873 0.5742086563307494 0.7887596899224806 0.5666182170542636 0.7885174418604651
0 0.5151001291989664 0.7821382428940569 0.5209140826873385 0.7755975452196382 0.5190568475452196 0.7702680878552971 0.5140503875968992 0.7676033591731266 0.5081556847545219 0.7693798449612402 0.5060562015503876 0.7744670542635658 0.5083171834625323 0.7806040051679586
0 0.5973225030084236 0.6795276774969916 0.5940884476534296 0.6826865222623346 0.5945397111913358 0.6868983152827918 0.5982250300842358 0.6892298435619735 0.602135980746089 0.6866726835138387 0.6035649819494585 0.6833634175691937 0.6008574007220217 0.6799037304452467
0 0.532960199004975 0.665941127694859 0.5364842454394693 0.6607587064676617 0.5332711442786069 0.6555762852404643 0.5287106135986732 0.6548507462686567 0.5245646766169153 0.6572346600331674 0.523320895522388 0.662106135986733 0.5273631840796019 0.6668739635157545
0 0.5580431177446102 0.6650082918739635 0.5648839137645107 0.6594112769485904 0.5637437810945273 0.6537106135986732 0.5593905472636815 0.6503938640132669 0.5541044776119403 0.6511194029850745 0.550580431177446 0.6556799336650082 0.5517205638474294 0.661898839137645
0 0.544879767827529 0.6511194029850745 0.5489220563847429 0.6449004975124377 0.5460199004975124 0.6401326699834161 0.5403192371475953 0.6382669983416251 0.5365878938640132 0.6408582089552238 0.5346185737976782 0.6460406301824211 0.5376243781094527 0.6508084577114427 0.5413557213930347 0.6520522388059701
0 0.5328565505804311 0.6355721393034824 0.5363805970149254 0.6300787728026532 0.5323383084577114 0.6245854063018241 0.5273631840796019 0.6243781094527362 0.5239427860696516 0.6274875621890547 0.5231135986733001 0.6329809286898839 0.5277777777777777 0.6364013266998341
0 0.519485903814262 0.6211650082918739 0.5250829187396351 0.6153606965174129 0.5208333333333333 0.6086235489220564 0.5161691542288557 0.6086235489220564 0.5115049751243781 0.6113184079601989 0.5106757877280265 0.6158789386401325 0.5129560530679933 0.6199212271973465
0 0.5660211267605634 0.5721830985915494 0.5713028169014085 0.5669014084507042 0.5685152582159625 0.5586854460093896 0.5623532863849765 0.5570715962441315 0.556631455399061 0.5594190140845071 0.554724178403756 0.56587441314554 0.5583920187793427 0.5727699530516432
0 0.5470950704225352 0.5715962441314555 0.5350645539906104 0.5705692488262911 0.5321302816901409 0.5610328638497654 0.5360915492957747 0.5535504694835681 0.5447476525821596 0.5517899061032864 0.5516431924882629 0.5550176056338029 0.5531103286384977 0.5652875586854461
0 0.4870892018779343 0.5554577464788732 0.4812206572769953 0.5595657276995305 0.48136737089201875 0.5693955399061034 0.4884096244131456 0.5727699530516432 0.49427816901408456 0.5707159624413145 0.49882629107981225 0.5635269953051644 0.494131455399061 0.5563380281690141
0 0.5243544600938967 0.5321302816901409 0.5340375586854461 0.5265551643192489 0.531836854460094 0.5178990610328639 0.5246478873239436 0.514524647887324 0.5177523474178404 0.5186326291079812 0.5174589201877935 0.5277288732394367
0 0.477112676056338 0.5536971830985916 0.48796948356807507 0.548855633802817 0.48650234741784043 0.539906103286385 0.47887323943661975 0.5365316901408451 0.47153755868544606 0.5404929577464789 0.4706572769953052 0.5497359154929577
0 0.4772593896713615 0.5344776995305165 0.48606220657277 0.5333039906103286 0.4884096244131456 0.525381455399061 0.48283450704225356 0.5192194835680751 0.47564553990610337 0.5212734741784038 0.47285798122065725 0.5286091549295775
0 0.6329113924050633 0.6425369198312235 0.6281645569620252 0.6457014767932489 0.6275052742616034 0.6509757383966244 0.6309335443037974 0.6547995780590717 0.6360759493670886 0.6553270042194093 0.6400316455696202 0.6508438818565401 0.6384493670886076 0.6439873417721519
0 0.6347573839662447 0.5900580168776371 0.6311972573839663 0.5938818565400843 0.6329113924050633 0.5988924050632911 0.6371308016877637 0.600210970464135 0.640954641350211 0.5981012658227848 0.6401635021097046 0.5905854430379747
0 0.653217299578059 0.5896624472573839 0.6592827004219409 0.5940137130801688 0.6664029535864979 0.5895305907172996 0.6652162447257384 0.5835970464135021 0.660996835443038 0.5803006329113923 0.6536128691983122 0.5821466244725738
0 0.6366631054131054 0.5776353276353277 0.6419159544159545 0.5691773504273505 0.6369301994301995 0.5629451566951568 0.6308760683760685 0.5624109686609687 0.6266025641025642 0.566417378917379 0.6273148148148149 0.5726495726495726 0.6306089743589745 0.576388888888889
0 0.6550925925925927 0.5708689458689459 0.6631054131054132 0.5660612535612536 0.660968660968661 0.5579594017094017 0.6556267806267807 0.5561787749287749 0.650997150997151 0.5583155270655271 0.6499287749287749 0.5662393162393163
0 0.6452991452991453 0.5706908831908831 0.6428952991452992 0.5729166666666666 0.6427172364672366 0.576923076923077 0.6452991452991453 0.5780804843304844 0.6492165242165242 0.576388888888889 0.6489494301994302 0.5726495726495726 0.6474358974358975 0.5706908831908831
0 0.6307870370370371 0.5434472934472935 0.6340811965811965 0.5372150997150998 0.6314102564102565 0.5328525641025641 0.6267806267806268 0.5310719373219374 0.6220619658119658 0.5348112535612536 0.6221509971509972 0.5397079772079771 0.6262464387464388 0.5431801994301995
0 0.6533119658119658 0.50997150997151 0.6585648148148149 0.504184472934473 0.65625 0.4971509971509972 0.6495726495726496 0.4948361823361824 0.64360754985755 0.4983974358974359 0.6428062678062678 0.5040954415954416 0.6462784900284901 0.5094373219373219
0 0.670405982905983 0.5176282051282052 0.674590455840456 0.5121082621082621 0.6726317663817665 0.5072115384615384 0.6663105413105413 0.5062321937321937 0.6623931623931625 0.5093482905982906 0.6626602564102565 0.514690170940171 0.665954415954416 0.5175391737891738
0 0.6923076923076924 0.5336538461538463 0.6891025641025642 0.5366809116809118 0.6896367521367522 0.5413995726495726 0.6925747863247864 0.5430911680911681 0.6964031339031339 0.5421118233618234 0.6980947293447294 0.5378383190883191 0.6962250712250713 0.5344551282051283
0 0.6532204515272244 0.4864707835325365 0.6590305444887118 0.48829681274900394 0.6640106241699867 0.4840637450199203 0.663097609561753 0.4779216467463479 0.6582835325365205 0.47576361221779545 0.6532204515272244 0.47734063745019917 0.6520584329349268 0.4822377158034528
0 0.6223439575033199 0.470617529880478 0.6281540504648074 0.4683764940239043 0.6289840637450198 0.4618193891102257 0.623339973439575 0.4584993359893758 0.6193559096945551 0.46082337317397076 0.6181938911022575 0.4672974767596281
0 0.6101427622841965 0.4588313413014608 0.6056606905710491 0.45924634794156705 0.6030046480743692 0.46323041168658696 0.6033366533864541 0.46920650730411684 0.6073207171314741 0.4721945551128817 0.6137118193891101 0.47111553784860555 0.6161188579017264 0.46771248339973437 0.6158698539176626 0.461238379814077
0 0.5546148738379814 0.5060590969455511 0.5626660026560425 0.5059760956175298 0.5664010624169986 0.5000830013280212 0.5641600265604249 0.49435590969455506 0.5585159362549801 0.4921978751660026 0.5535358565737051 0.49468791500664006 0.5515438247011951 0.500332005312085
0 0.55785192563081 0.48680278884462147 0.563496015936255 0.4865537848605577 0.5635790172642762 0.48705179282868516 0.5657370517928286 0.4812416998671979 0.5634130146082337 0.47626162018592294 0.5571049136786188 0.47559760956175295 0.5533698539176626 0.47858565737051784 0.5537018592297476 0.48398074369189903
0 0.4829629629629629 0.5022222222222222 0.4775 0.5060185185185184 0.47731481481481486 0.5138888888888888 0.48212962962962963 0.5167592592592593 0.49 0.5143518518518518 0.4912962962962963 0.5085185185185185 0.4875 0.5031481481481482
0 0.4784259259259259 0.47111111111111115 0.4866666666666667 0.47351851851851845 0.49268518518518517 0.46796296296296297 0.49175925925925923 0.4610185185185185 0.48518518518518516 0.45759259259259255 0.47768518518518516 0.46046296296296296 0.4765740740740741 0.4671296296296296
0 0.5018004115226338 0.4900977366255143 0.5100308641975307 0.49125514403292175 0.5154320987654321 0.4854681069958847 0.5137602880658436 0.47942386831275724 0.5092592592592592 0.4758230452674897 0.5028292181069959 0.47608024691358025 0.49819958847736623 0.48263888888888884
0 0.5118312757201645 0.45730452674897115 0.5034722222222222 0.4597479423868312 0.5027006172839505 0.46592078189300407 0.5055298353909465 0.4697788065843621 0.5114454732510287 0.4713220164609053 0.5154320987654321 0.4674639917695472 0.5167181069958847 0.4627057613168724
0 0.5455459770114943 0.4521551724137931 0.5428160919540229 0.45646551724137935 0.5451149425287357 0.460632183908046 0.550287356321839 0.4613505747126437 0.5527298850574713 0.4581896551724138 0.5512931034482759 0.4524425287356322
0 0.5623563218390806 0.44899425287356326 0.5610632183908046 0.4533045977011494 0.5633620689655172 0.4563218390804598 0.5679597701149426 0.4567528735632184 0.5699712643678161 0.4522988505747127 0.566235632183908 0.4482758620689655
0 0.536925287356322 0.42772988505747134 0.5344827586206896 0.43160919540229886 0.5353448275862068 0.4367816091954023 0.5405172413793103 0.4373563218390804 0.5445402298850575 0.43318965517241376 0.5418103448275863 0.42801724137931035
0 0.49910714285714275 0.400297619047619 0.48898809523809517 0.4086309523809524 0.4913690476190476 0.419047619047619 0.4997023809523809 0.42380952380952375 0.5086309523809524 0.419047619047619 0.5092261904761904 0.4047619047619047
0 0.47797619047619044 0.38363095238095235 0.4636904761904761 0.38839285714285715 0.4654761904761905 0.3994047619047619 0.4738095238095238 0.40238095238095234 0.48184523809523805 0.3997023809523809 0.48303571428571423 0.3916666666666666
0 0.5273809523809523 0.38749999999999996 0.5208333333333333 0.3916666666666666 0.5223214285714285 0.3994047619047619 0.5306547619047618 0.40178571428571425 0.5357142857142857 0.3967261904761904 0.5348214285714286 0.39077380952380947
0 0.4638741134751773 0.36546985815602834 0.45589539007092195 0.3714539007092198 0.458554964539007 0.3816489361702127 0.4649822695035461 0.38297872340425526 0.4729609929078014 0.3792109929078014 0.4720744680851064 0.3692375886524823
0 0.5365691489361701 0.34973404255319146 0.5296985815602836 0.35438829787234044 0.5290336879432624 0.36303191489361697 0.5350177304964538 0.3670212765957447 0.5423315602836879 0.3659131205673759 0.5454343971631206 0.3537234042553191
0 0.5121897163120567 0.3027482269503546 0.5044326241134752 0.306959219858156 0.5042109929078014 0.31515957446808507 0.5099734042553191 0.3195921985815603 0.5188386524822695 0.3169326241134751 0.5197251773049646 0.306959219858156
0 0.474290780141844 0.3065159574468085 0.4674202127659574 0.3129432624113475 0.4703014184397163 0.32092198581560283 0.47872340425531906 0.32136524822695034 0.4844858156028369 0.31582446808510634 0.4811613475177305 0.3074024822695035
0 0.49246453900709214 0.3122783687943262 0.48470744680851063 0.31848404255319146 0.48714539007092195 0.32646276595744683 0.49401595744680854 0.3286790780141844 0.49955673758865243 0.32380319148936165 0.4993351063829787 0.31648936170212766
0 0.5518617021276595 0.2845744680851064 0.5454343971631206 0.28812056737588654 0.546764184397163 0.2960992907801418 0.552304964539007 0.2974290780141844 0.556959219858156 0.29587765957446804 0.5582890070921985 0.2878989361702127
0 0.6103723404255319 0.25753546099290775 0.6066046099290779 0.2632978723404255 0.6103723404255319 0.2699468085106383 0.6172429078014184 0.27061170212765956 0.6218971631205673 0.2657358156028369 0.619459219858156 0.2570921985815603
0 0.4900265957446808 0.28856382978723405 0.48359929078014185 0.2936613475177305 0.48537234042553185 0.30053191489361697 0.4920212765957446 0.3016400709219858 0.4964539007092198 0.29809397163120566 0.49556737588652483 0.2907801418439716
0 0.4669769503546099 0.2923315602836879 0.4589982269503545 0.2967641843971631 0.4598847517730496 0.30518617021276595 0.4669769503546099 0.30762411347517726 0.4745124113475177 0.3042996453900709 0.4745124113475177 0.29587765957446804
0 0.45079787234042545 0.275709219858156 0.44392730496453897 0.282136524822695 0.444813829787234 0.29011524822695034 0.4532358156028369 0.29277482269503546 0.45944148936170215 0.28856382978723405 0.45966312056737585 0.27814716312056736
0 0.43927304964539 0.2074468085106383 0.44370567375886516 0.21387411347517732 0.45212765957446804 0.21232269503546097 0.45390070921985815 0.20500886524822695 0.44725177304964536 0.20013297872340424 0.4417109929078014 0.20212765957446807
0 0.4382246376811594 0.1938405797101449 0.4432971014492753 0.1891304347826087 0.4416666666666666 0.18079710144927533 0.434963768115942 0.1784420289855072 0.4291666666666666 0.18260869565217389 0.4293478260869565 0.19130434782608693
0 0.40020435967302453 0.6287465940054496 0.400772025431426 0.6266462306993642 0.4027588555858311 0.6252838328792008 0.4051998183469573 0.6248297002724795 0.40734835600907027 0.6257440476190476 0.40883645124716556 0.6282242063492063 0.40826955782312924 0.6313421201814059 0.4059311224489796 0.6329719387755103 0.40260062358276644 0.6329719387755103 0.40082908163265313 0.6315547052154195
0 0.411327828397874 0.6302439255884587 0.4117074791192104 0.6281558466211087 0.41355827638572523 0.6252610098709188 0.4161683750949127 0.6240746013667426 0.4196326879271071 0.6245491647684132 0.42186313591495833 0.6267796127562644 0.42210041761579353 0.6300066438876235 0.42100892179195143 0.633660782080486 0.41730732725892183 0.6349895596051633 0.4135108200455581 0.6341828018223236 0.4117549354593774 0.6318099848139712
0 0.43199035812672176 0.6115702479338844 0.428116391184573 0.6098484848484849 0.4259641873278237 0.606232782369146 0.4259641873278237 0.6021866391184574 0.428116391184573 0.5989152892561984 0.43155991735537197 0.597365702479339 0.43706955922865015 0.5988292011019285 0.43922176308539945 0.6017561983471075 0.4399104683195593 0.6082988980716254 0.4364669421487604 0.6108815426997246
0 0.4279891304347826 0.6209239130434784 0.4288949275362319 0.6180635011441648 0.4312786041189932 0.615775171624714 0.43547387490465295 0.6158705186880244 0.43804824561403516 0.6179204805491991 0.4389063691838292 0.62130530129672 0.4379052250190694 0.6243087337909993 0.43528318077803213 0.6261203279938978 0.4321844012204425 0.6258819603356216 0.4296577040427155 0.6245947749809306
0 0.44691001400560226 0.6055672268907563 0.4477853641456582 0.6035101540616247 0.4491859243697479 0.6020220588235293 0.4520308123249299 0.601234243697479 0.45509453781512604 0.6024159663865546 0.45636379551820727 0.6046481092436974 0.45614495798319327 0.6077556022408963 0.45500700280112044 0.6099877450980392 0.4522934173669467 0.6106442577030813 0.44896708683473385 0.6096376050420168 0.4473476890756302 0.6083683473389356
0 0.4468064263322884 0.6226162486938349 0.4448471786833856 0.6197426854754442 0.44510841170323934 0.615758881922675 0.4473288923719958 0.6137996342737722 0.4519004702194358 0.6132771682340649 0.455296499477534 0.6161507314524556 0.45614550679205856 0.6206570010449322 0.4526188610240335 0.6240530303030303
0 0.45790882967607105 0.6165425809822361 0.4562761233019854 0.6134077847439916 0.45634143155694884 0.6110566875653083 0.45803944618599796 0.6086402821316614 0.46110893416927906 0.6078565830721003 0.46443965517241387 0.6096852142110764 0.4654845872518286 0.613146551724138 0.4643743469174504 0.6161507314524556 0.4611742424242425 0.6175222048066876
0 0.4474595088819227 0.6367881400208987 0.44380224660397083 0.6367881400208987 0.4401449843260189 0.634241118077325 0.4392959770114943 0.6312369383490073 0.4399490595611286 0.6275143678160919 0.44354101358411707 0.6248367293625915 0.4468717345872519 0.6248367293625915 0.45000653082549635 0.6264694357366771 0.45196577847439917 0.6297348484848485 0.45196577847439917 0.633326802507837
0 0.4562761233019854 0.6429924242424243 0.45353317659352144 0.640510710553814 0.45288009404388724 0.6371146812957158 0.45399033437826547 0.6332614942528736 0.4576475966562174 0.6313675548589341 0.46189263322884017 0.631628787878788 0.46457027168234066 0.6348288923719958 0.4655498955067921 0.6392045454545455 0.46326410658307215 0.6422740334378266
0 0.45634143155694884 0.6273837513061651 0.45608019853709514 0.6233999477533961 0.4570598223615465 0.6207876175548589 0.4599986938349008 0.6188936781609196 0.4640478056426333 0.6196773772204807 0.46646421107628006 0.6228774817136886 0.46652951933124354 0.6271225182863114 0.46313349007314525 0.6294083072100314 0.4584966039707419 0.6294083072100314
0 0.4946581196581196 0.7130223171889838 0.4915716999050332 0.7129629629629629 0.48818850902184235 0.7117165242165242 0.48640788224121556 0.7082739791073125 0.48735754985754987 0.7039411206077872 0.488900759734093 0.7026946818613485 0.4928774928774929 0.7017450142450142 0.49590455840455844 0.7028133903133903 0.4976851851851851 0.704594017094017 0.4987535612535612 0.7083333333333334 0.4980413105413105 0.710707502374169
0 0.5124812312312312 0.6928490990990991 0.5121996996996997 0.6966966966966968 0.5088213213213213 0.7000750750750752 0.5039414414414415 0.700168918918919 0.5013138138138138 0.6966028528528528 0.50121996996997 0.6929429429429429 0.5031906906906907 0.6894707207207208 0.5067567567567568 0.6890953453453453 0.5106043543543544 0.6904091591591591
0 0.5021976843910806 0.7171062035448827 0.5019832761578045 0.7150335906232133 0.5034483990851916 0.7130681818181818 0.5057711549456833 0.7126036306460835 0.5072720125786163 0.7137114065180102 0.5083083190394511 0.71614136649514 0.5074149514008005 0.7178923670668954 0.505449542595769 0.7185355917667239 0.5032339908519154 0.7179281017724414
0 0.5138196176226102 0.6799667497921863 0.5125207813798837 0.6781483790523691 0.512001246882793 0.6749792186201165 0.5136118038237739 0.6724334995843724 0.515378221113882 0.6710827098919369 0.5194305901911888 0.6704592684954281 0.522236076475478 0.6722776392352452 0.5231712385702411 0.6760702410640066 0.5221841230257689 0.6796550290939318 0.5189630091438071 0.6815253532834581 0.5157938487115545 0.681473399833749
0 0.5235108568075117 0.7743911384976527 0.5214568661971831 0.7729973591549297 0.5207232981220659 0.7700630868544601 0.5218236502347419 0.7673488849765259 0.52512470657277 0.7661751760563381 0.5281323356807512 0.767862382629108 0.52849911971831 0.7705032276995306 0.5280589788732395 0.7733641431924884 0.5254914906103287 0.774611208920188
0 0.5597975628930817 0.7164406446540881 0.5570459905660377 0.7214524371069182 0.5522307389937107 0.7225334119496855 0.5484964622641509 0.7207645440251572 0.5461379716981132 0.7160475628930817 0.5475137578616353 0.7128046383647798 0.5521324685534591 0.7106426886792452 0.5569477201257862 0.7113305817610063
0 0.562254323899371 0.7077928459119497 0.5599941037735848 0.7045499213836478 0.5596992924528301 0.7011104559748428 0.5618612421383647 0.6977692610062893 0.5659886006289307 0.696688286163522 0.5692315251572326 0.6989485062893082 0.5713934748427673 0.7024862421383647 0.5694280660377358 0.7071049528301886 0.565693789308176 0.7084807389937107
0 0.5734299516908211 0.6884057971014492 0.5746376811594203 0.686231884057971 0.5764492753623187 0.6844806763285023 0.579951690821256 0.6837560386473429 0.5838768115942028 0.6864130434782608 0.5845410628019323 0.6902173913043477 0.5833937198067632 0.6932971014492754 0.5801932367149757 0.6942632850241545 0.5754227053140096 0.6934782608695651 0.5744565217391303 0.6919685990338164
0 0.5622842702169625 0.6716900887573964 0.5630855522682445 0.6699642504930966 0.5650579388560157 0.6678069526627219 0.5689410749506904 0.6674371301775148 0.5723927514792899 0.6700258875739645 0.5731323964497042 0.6742788461538461 0.571961291913215 0.6772990631163708 0.5690027120315582 0.6785934418145957 0.5654893984220907 0.678038708086785 0.5632088264299803 0.6764977810650887 0.5624691814595661 0.6740322978303748
0 0.5608101851851851 0.6337731481481481 0.5618287037037037 0.6308564814814814 0.5645601851851851 0.6290972222222222 0.5683564814814814 0.6294212962962963 0.5704861111111111 0.6315509259259259 0.5710879629629629 0.6354398148148147 0.5698842592592592 0.637662037037037 0.5665509259259259 0.6391435185185185 0.5641898148148148 0.6386805555555555 0.5621527777777778 0.6374305555555555 0.5613657407407407 0.6358101851851852
0 0.6181838170624451 0.5950967458223395 0.6173592788038698 0.5977352682497802 0.6146657871591908 0.5985598065083554 0.6121921723834652 0.5974604221635884 0.6108179419525066 0.5956464379947229 0.61103781882146 0.5931728232189974 0.612796833773087 0.5917985927880387 0.6148856640281443 0.5917985927880387 0.6166446789797714 0.5925131926121372
0 0.619448109058927 0.5905892700087951 0.6160949868073878 0.5895448548812665 0.6139511873350924 0.5862467018469657 0.6141710642040458 0.5830584872471416 0.6154353562005277 0.5808597185576078 0.6168645558487248 0.5796503957783641 0.6199428320140721 0.5789907651715039 0.6224164467897977 0.5798153034300791 0.6244503078276166 0.5817392260334213 0.6254397537379067 0.5848175021987687 0.6248350923482849 0.5872911169744943 0.623570800351803 0.5895448548812665 0.6209872471416008 0.5903693931398417
0 0.6817708333333332 0.553587962962963 0.680960648148148 0.5521412037037036 0.6817129629629629 0.5489004629629629 0.6842592592592592 0.5478009259259259 0.6872685185185184 0.5492476851851852 0.687962962962963 0.5528935185185184 0.6859953703703703 0.5548032407407407 0.6828703703703702 0.5547453703703703
0 0.6437499999999999 0.5558449074074073 0.6405092592592593 0.5545138888888889 0.6389467592592593 0.5504050925925926 0.6400462962962963 0.5472222222222222 0.6425347222222222 0.5453125 0.646412037037037 0.5447916666666667 0.6495949074074073 0.5476273148148147 0.6500578703703703 0.5517361111111111 0.6488425925925926 0.5543981481481481
0 0.6525616083009079 0.533641374837873 0.6496433203631647 0.5315337224383918 0.6487516212710766 0.527237354085603 0.650535019455253 0.5235894941634242 0.6553988326848249 0.5217250324254216 0.6599383916990922 0.5244001297016861 0.6609111543450066 0.5290207522697795 0.6588035019455254 0.5316147859922179 0.6560473411154345 0.534046692607004
0 0.6445363164721141 0.5192931258106357 0.6403210116731518 0.523103112840467 0.6358625162127108 0.5234273670557719 0.631890402075227 0.5205090791180286 0.6311608300907913 0.5162937743190662 0.6324578469520103 0.51215953307393 0.6374027237354086 0.5102140077821011 0.6419422827496758 0.5114299610894941 0.6451848249027237 0.5156452658884566
0 0.599188790560472 0.5544800884955752 0.597160766961652 0.5587205014749262 0.59476401179941 0.5605641592920354 0.5891408554572272 0.56047197640118 0.5853613569321534 0.558075221238938 0.5843473451327433 0.5526364306784661 0.5865597345132744 0.5489491150442477 0.5901548672566371 0.5462758112094396 0.5963311209439528 0.5471054572271387 0.5990966076696165 0.5522676991150441
0 0.5629609144542773 0.5483960176991151 0.5603797935103245 0.551806784660767 0.5542035398230089 0.551622418879056 0.551622418879056 0.5492256637168141 0.5491334808259587 0.5436025073746312 0.551622418879056 0.5404682890855458 0.5577064896755162 0.5383480825958702 0.5619469026548672 0.5417588495575222
0 0.525997150997151 0.5404202279202279 0.5292022792022792 0.5371260683760685 0.5342770655270657 0.5359686609686611 0.5381944444444445 0.5389957264957265 0.5393518518518519 0.5430911680911682 0.5375712250712251 0.5478098290598291 0.5334757834757836 0.5495014245014246 0.5294693732193733 0.5489672364672366 0.5272435897435898 0.5462962962962964 0.5264423076923077 0.5438924501424502
0 0.546207264957265 0.5309829059829061 0.5426460113960114 0.5298254985754987 0.541488603988604 0.5264423076923077 0.5415776353276354 0.5229700854700855 0.5450498575498576 0.5205662393162395 0.5499465811965814 0.5215455840455842 0.5519052706552707 0.525997150997151 0.550124643874644 0.5286680911680912
0 0.41582661290322587 0.47001008064516125 0.41523857526881724 0.4676579301075268 0.4161626344086022 0.463877688172043 0.42011088709677424 0.46303763440860213 0.4243111559139785 0.46547379032258057 0.4241431451612903 0.46942204301075263 0.4217069892473118 0.471690188172043 0.4191028225806452 0.4718581989247311
0 0.5551900584795323 0.4431652046783627 0.5519005847953217 0.44197733918128657 0.5506213450292399 0.4389619883040936 0.5519919590643275 0.43576388888888895 0.5550986842105263 0.43448464912280704 0.558388157894737 0.43558114035087725 0.5600328947368421 0.4391447368421053 0.558388157894737 0.4428910818713451
0 0.5718201754385965 0.4444444444444445 0.5699926900584795 0.4416118421052632 0.5712719298245614 0.4383223684210527 0.5738304093567252 0.43640350877192985 0.5785818713450293 0.4383223684210527 0.5791301169590644 0.44261695906432746 0.5773940058479532 0.4448099415204679 0.5730994152046783 0.4453581871345029
0 0.5750838926174496 0.3859060402684564 0.5721476510067114 0.38352908277404923 0.5700503355704698 0.37877516778523485 0.5717281879194631 0.37402125279642057 0.5746644295302014 0.3716442953020134 0.5809563758389261 0.371923937360179 0.5854306487695748 0.3748601789709172 0.5847315436241611 0.38296979865771813 0.5802572706935123 0.3857662192393736
0 0.5790929203539823 0.33471607669616527 0.575405604719764 0.3337020648967552 0.5730088495575222 0.33075221238938063 0.573193215339233 0.32605088495575224 0.5758665191740413 0.3238384955752213 0.5805678466076696 0.3236541297935104 0.5843473451327433 0.32641961651917406 0.5848082595870207 0.33010693215339243 0.5835176991150441 0.3325036873156343
0 0.5974373156342183 0.31019542772861364 0.595593657817109 0.3139749262536874 0.5908001474926253 0.3148045722713865 0.5881268436578171 0.31332964601769914 0.5862831858407079 0.31047197640118 0.5866519174041298 0.30669247787610626 0.5886799410029498 0.3046644542772862 0.5933812684365782 0.30411135693215346 0.597160766961652 0.30687684365781714
0 0.4737929894179895 0.2807539682539682 0.474619708994709 0.27835648148148145 0.47701719576719576 0.27645502645502645 0.48131613756613767 0.2767030423280423 0.48338293650793657 0.2796792328042328 0.4830522486772487 0.283068783068783 0.4816468253968254 0.2853835978835979 0.4777612433862434 0.28621031746031744 0.4752810846560847 0.2848048941798942
0 0.4445043103448276 0.27155172413793105 0.4420797413793104 0.27361709770114945 0.4337284482758621 0.2739762931034483 0.431573275862069 0.2697557471264368 0.4308548850574713 0.26625359195402304 0.43274066091954033 0.2626616379310345 0.4362428160919541 0.26014727011494254 0.4416307471264368 0.26050646551724144 0.4442349137931035 0.2624820402298851 0.4454920977011495 0.2658943965517242 0.4455818965517242 0.2685883620689655
0 0.42021937086092714 0.25010347682119205 0.42304773730684325 0.2484478476821192 0.42684188741721857 0.2484478476821192 0.42980822295805743 0.2510692604856512 0.4300151766004416 0.2560361479028697 0.42663493377483436 0.2587265452538631 0.42215093818984545 0.2583816225165563 0.4198744481236203 0.255898178807947 0.41952952538631344 0.2521730132450331
0 0.4184947571743929 0.24989652317880792 0.4155974061810154 0.25189707505518766 0.4109754415011037 0.2503794150110375 0.40849199779249445 0.24582643487858719 0.40966473509933776 0.2420322847682119 0.41373482339955847 0.24058360927152317 0.41828780353200884 0.24210126931567325 0.4198744481236203 0.24699917218543044
0 0.43939707505518766 0.2463783112582781 0.4360168322295806 0.24458471302428256 0.43443018763796915 0.24141142384105957 0.43505104856512145 0.23775524282560706 0.4378104304635762 0.23561672185430463 0.44146661147902877 0.23534078366445915 0.4450538079470199 0.23768625827814568 0.44574365342163363 0.24189431567328915 0.44367411699779247 0.24617135761589404
0 0.4167588495575221 0.19490535889872174 0.417926499508358 0.19767084562438544 0.41712758112094395 0.20043633235004915 0.4136860865290069 0.2012352507374631 0.4121497050147493 0.19951450344149457 0.4113507866273353 0.19638028515240902 0.41294862340216326 0.1945980825958702 0.41546828908554573 0.19398352999016716
0 0.40397615535889875 0.20418510324483774 0.40385324483775814 0.20695058997050148 0.4017023107177975 0.2095931661750246 0.3970931661750246 0.21088372664700095 0.3943891347099312 0.20922443461160273 0.3927912979351032 0.20584439528023596 0.39316002949852513 0.2020956243854474 0.39641715830875124 0.19982177974434612 0.4002888397246805 0.20000614552605703 0.40231686332350053 0.20172689282202558
0 0.3721832482993197 0.21534863945578234 0.3720769557823129 0.21332908163265307 0.373139880952381 0.2107780612244898 0.37611607142857145 0.2089179421768708 0.38020833333333337 0.2102997448979592 0.381483843537415 0.21354166666666666 0.3812712585034014 0.21630527210884357 0.3791454081632653 0.21875 0.374468537414966 0.21848426870748303 0.3726084183673469 0.21625212585034015
0 0.36591198979591844 0.2214604591836735 0.36495535714285715 0.224968112244898 0.3623511904761905 0.2267750850340136 0.3585246598639456 0.2264030612244898 0.3564519557823129 0.22433035714285718 0.35634566326530615 0.22108843537414968 0.357514880952381 0.2185905612244898 0.36166028911564624 0.2175276360544218 0.3647959183673469 0.2191751700680272
0 0.8708700440528634 0.5307452276064611 0.8671071953010278 0.528542584434655 0.8670154185022027 0.5244126284875184 0.8700440528634361 0.5220264317180617 0.87325624082232 0.5219346549192364 0.8753671071953011 0.5249632892804699 0.8748164464023495 0.5282672540381791 0.872889133627019 0.5301027900146842
0 0.8698604992657856 0.5161527165932452 0.8665565345080763 0.5156020558002937 0.8644456681350954 0.512114537444934 0.8660058737151248 0.5089941262848752 0.8694016152716593 0.507525697503671 0.8729809104258444 0.5088105726872246 0.8743575624082233 0.5133076358296623 0.8722466960352423 0.5151431718061674
