0 0.25705645161290325 0.35887096774193544 0.25127655228758167 0.36228553921568624 0.24688521241830064 0.3689236111111111 0.2526041666666667 0.3802593954248366 0.2664650537634409 0.3827284946236559 0.27445874183006536 0.3732128267973856 0.2698252688172043 0.36155913978494625
0 0.28461021505376344 0.2795698924731183 0.2856182795698925 0.2856182795698925 0.29301075268817206 0.2856182795698925 0.2977150537634409 0.2799059139784946 0.29368279569892475 0.2762096774193548 0.28763440860215056 0.2762096774193548
0 0.41498655913978494 0.36928763440860213 0.4086021505376344 0.36626344086021506 0.4038978494623656 0.3699596774193548 0.4049059139784946 0.3763440860215054 0.4122983870967742 0.3773521505376344
0 0.415994623655914 0.37768817204301075 0.41196236559139787 0.38340053763440857 0.41465053763440857 0.38844086021505375 0.41868279569892475 0.38944892473118276 0.42439516129032256 0.38340053763440857 0.42137096774193544 0.37836021505376344
0 0.43245967741935487 0.39012096774193544 0.42372311827956993 0.3968413978494624 0.4260752688172043 0.405241935483871 0.4334677419354838 0.4069220430107527 0.4388440860215054 0.40288978494623656 0.44052419354838707 0.396505376344086
0 0.44489247311827956 0.40625 0.4516129032258065 0.41364247311827956 0.44758064516129037 0.42137096774193544 0.43682795698924737 0.42036290322580644 0.43413978494623656 0.41431451612903225 0.43649193548387094 0.4079301075268817
0 0.45094086021505375 0.4038978494623656 0.4559811827956989 0.4112903225806452 0.4640456989247312 0.40826612903225806 0.46538978494623656 0.39986559139784944 0.4563172043010753 0.395497311827957
0 0.4771505376344086 0.41532258064516125 0.46875 0.4122983870967742 0.4627016129032258 0.415994623655914 0.46337365591397844 0.4254032258064516 0.47211021505376344 0.4280913978494624 0.47782258064516125 0.42305107526881724
0 0.41969086021505375 0.43044354838709675 0.41700268817204306 0.4361559139784946 0.4200268817204301 0.44321236559139787 0.4270833333333333 0.4422043010752688 0.4314516129032258 0.4378360215053763 0.4270833333333333 0.43010752688172044
0 0.46337365591397844 0.43682795698924737 0.4559811827956989 0.44018817204301075 0.4576612903225807 0.44926075268817206 0.4643817204301075 0.4519489247311828 0.47177419354838707 0.447244623655914 0.470766129032258 0.4388440860215054
0 0.4889112903225807 0.43044354838709675 0.4808467741935484 0.4280913978494624 0.4751344086021505 0.4314516129032258 0.47446236559139787 0.44086021505376344 0.48219086021505375 0.44455645161290325 0.49092741935483875 0.4388440860215054
0 0.5 0.43817204301075263 0.4932795698924732 0.4435483870967742 0.49495967741935487 0.45262096774193544 0.5036962365591399 0.4546370967741936 0.5104166666666666 0.448252688172043 0.5077284946236559 0.4422043010752688
0 0.4415322580645162 0.4495967741935484 0.4327956989247312 0.45564516129032256 0.4254032258064516 0.4502688172043011 0.4254032258064516 0.44489247311827956 0.43447580645161293 0.44018817204301075 0.44018817204301075 0.44287634408602156
0 0.5124327956989247 0.4539650537634409 0.5040322580645161 0.4610215053763441 0.5073924731182796 0.4684139784946237 0.5144489247311829 0.47110215053763443 0.522513440860215 0.4640456989247312 0.519489247311828 0.45530913978494625
0 0.4485887096774193 0.46370967741935487 0.4422043010752688 0.4670698924731183 0.43481182795698925 0.4620295698924732 0.43245967741935487 0.4576612903225807 0.4415322580645162 0.4522849462365591 0.4485887096774193 0.4543010752688172
0 0.4620295698924732 0.478494623655914 0.4529569892473118 0.48487903225806456 0.4563172043010753 0.4919354838709678 0.46135752688172044 0.49294354838709675 0.46774193548387094 0.48857526881720426 0.46572580645161293 0.4815188172043011
0 0.5144489247311829 0.4879032258064516 0.5080645161290323 0.4932795698924732 0.5090725806451613 0.5006720430107526 0.5154569892473118 0.5023521505376345 0.5228494623655914 0.49764784946236557 0.5208333333333334 0.490255376344086
0 0.5238575268817204 0.4889112903225807 0.5315860215053764 0.4842069892473118 0.539986559139785 0.4879032258064516 0.5389784946236559 0.497983870967742 0.5329301075268817 0.5006720430107526 0.5255376344086021 0.497983870967742
0 0.5235215053763441 0.5013440860215054 0.5171370967741936 0.5057123655913979 0.5174731182795699 0.5131048387096775 0.5248655913978495 0.5154569892473118 0.5319220430107526 0.5110887096774193 0.5305779569892474 0.5040322580645161
0 0.4751344086021505 0.4983198924731183 0.4690860215053763 0.5033602150537634 0.46169354838709675 0.4986559139784946 0.4620295698924732 0.49428763440860213 0.470766129032258 0.490255376344086 0.47547043010752693 0.4939516129032258
0 0.5557795698924731 0.5050403225806451 0.5480510752688171 0.5114247311827957 0.5483870967741936 0.5208333333333334 0.5577956989247312 0.5238575268817204 0.5661962365591399 0.5171370967741936 0.5635080645161291 0.5090725806451613
0 0.5383064516129032 0.521505376344086 0.5322580645161291 0.5275537634408602 0.5346102150537634 0.5376344086021505 0.5426747311827957 0.5403225806451613 0.5510752688172043 0.5329301075268817 0.5470430107526882 0.5235215053763441
0 0.522513440860215 0.5584677419354839 0.510752688172043 0.5675403225806451 0.5141129032258065 0.5779569892473118 0.5235215053763441 0.5796370967741936 0.5309139784946236 0.5735887096774193 0.5302419354838709 0.5621639784946236
0 0.5924059139784946 0.5386424731182796 0.5823252688172043 0.5467069892473118 0.5833333333333334 0.5544354838709677 0.5900537634408602 0.5591397849462366 0.5997983870967741 0.5567876344086021 0.6008064516129032 0.5443548387096775
0 0.5772849462365591 0.5554435483870968 0.5672043010752688 0.5658602150537634 0.5705645161290323 0.5725806451612904 0.5803091397849462 0.5756048387096775 0.5880376344086021 0.5695564516129032 0.5856854838709677 0.5594758064516129
0 0.6196236559139785 0.5614919354838709 0.6125672043010753 0.5668682795698925 0.6135752688172043 0.574260752688172 0.6199596774193549 0.5793010752688171 0.6283602150537634 0.5735887096774193 0.6283602150537634 0.564516129032258
0 0.6364247311827957 0.5813172043010753 0.6280241935483871 0.5870295698924731 0.6320564516129032 0.5977822580645161 0.6401209677419355 0.5981182795698925 0.645497311827957 0.5947580645161291 0.645497311827957 0.5856854838709677
0 0.5863575268817204 0.5981182795698925 0.5782930107526882 0.6038306451612904 0.5796370967741936 0.6102150537634409 0.5856854838709677 0.6129032258064516 0.591733870967742 0.6088709677419355 0.591733870967742 0.6028225806451613
0 0.8282930107526882 0.770497311827957 0.8182123655913979 0.7775537634408602 0.8185483870967741 0.7872983870967741 0.8269489247311829 0.792002688172043 0.8360215053763441 0.7896505376344086 0.8373655913978495 0.7752016129032259
0 0.8356854838709677 0.7530241935483871 0.8440860215053764 0.7600806451612904 0.853494623655914 0.7550403225806451 0.8521505376344086 0.7452956989247312 0.8407258064516129 0.7442876344086021
0 0.822244623655914 0.7244623655913979 0.8141801075268817 0.7311827956989247 0.8155241935483871 0.7389112903225807 0.8225806451612904 0.7429435483870968 0.8286290322580645 0.7375672043010753 0.8299731182795699 0.7301747311827957
0 0.7970430107526882 0.7073252688172043 0.790994623655914 0.7153897849462366 0.7946908602150538 0.7241263440860215 0.8024193548387096 0.7241263440860215 0.8067876344086021 0.720766129032258 0.8047715053763441 0.710013440860215
0 0.6851478494623655 0.6619623655913979 0.6774193548387096 0.6686827956989247 0.6790994623655914 0.6770833333333334 0.685483870967742 0.6794354838709677 0.6932123655913979 0.6747311827956989 0.6922043010752688 0.6673387096774194
0 0.7731854838709677 0.6881720430107527 0.7644489247311829 0.696236559139785 0.7681451612903225 0.7036290322580645 0.7765456989247312 0.7046370967741936 0.783266129032258 0.6985887096774194 0.7809139784946236 0.6905241935483871
0 0.7540322580645161 0.7130376344086021 0.7463037634408602 0.720766129032258 0.7469758064516129 0.729502688172043 0.7543682795698925 0.7321908602150538 0.7627688172043011 0.7291666666666666 0.7627688172043011 0.7190860215053764
0 0.7799059139784946 0.7342069892473118 0.7715053763440861 0.7399193548387096 0.7728494623655914 0.7486559139784946 0.779233870967742 0.7516801075268817 0.7886424731182796 0.7476478494623655 0.7876344086021505 0.7372311827956989
0 0.803763440860215 0.7506720430107527 0.7956989247311829 0.7563844086021505 0.7960349462365591 0.7634408602150538 0.800739247311828 0.7664650537634409 0.8094758064516129 0.7647849462365591 0.8101478494623655 0.7563844086021505
0 0.729502688172043 0.697244623655914 0.7231182795698925 0.7036290322580645 0.7247983870967741 0.7116935483870968 0.7348790322580645 0.7137096774193549 0.7402553763440861 0.7022849462365591
0 0.7086693548387096 0.6797715053763441 0.6999327956989247 0.685483870967742 0.7012768817204301 0.6938844086021505 0.707997311827957 0.6969086021505376 0.7153897849462366 0.6925403225806451 0.7157258064516129 0.6844758064516129
0 0.4086021505376344 0.789986559139785 0.4183467741935484 0.7956989247311829 0.41801075268817206 0.8061155913978495 0.40961021505376344 0.8098118279569892 0.4015456989247312 0.8057795698924731 0.39818548387096775 0.7977150537634409 0.4022177419354839 0.7913306451612904
0 0.42439516129032256 0.7681451612903225 0.4331317204301075 0.7752016129032259 0.43245967741935487 0.7822580645161291 0.4270833333333333 0.7866263440860215 0.415994623655914 0.7825940860215054 0.41633064516129037 0.7708333333333334
0 0.4724462365591398 0.7856182795698925 0.4781586021505376 0.7785618279569892 0.47412634408602156 0.7711693548387096 0.46505376344086025 0.7708333333333334 0.4610215053763441 0.7768817204301075 0.4647177419354838 0.7866263440860215
0 0.4415322580645162 0.7483198924731183 0.4495967741935484 0.7553763440860215 0.44758064516129037 0.7637768817204301 0.4391801075268817 0.7657930107526882 0.4311155913978495 0.760752688172043 0.43380376344086025 0.7503360215053764
0 0.48823924731182794 0.7409274193548387 0.4983198924731183 0.7459677419354839 0.49697580645161293 0.7577284946236559 0.4852150537634409 0.758736559139785 0.4808467741935484 0.7483198924731183
0 0.509744623655914 0.7133736559139785 0.5174731182795699 0.7241263440860215 0.5131048387096775 0.7318548387096775 0.5016801075268817 0.7318548387096775 0.497983870967742 0.7251344086021505 0.5013440860215054 0.7170698924731183
0 0.4593413978494624 0.7221102150537634 0.46807795698924737 0.7271505376344086 0.46639784946236557 0.7368951612903225 0.45698924731182794 0.7375672043010753 0.4502688172043011 0.7325268817204301 0.4529569892473118 0.7241263440860215
0 0.44086021505376344 0.7073252688172043 0.44758064516129037 0.7133736559139785 0.447244623655914 0.7204301075268817 0.4378360215053763 0.7231182795698925 0.43245967741935487 0.7174059139784946 0.4327956989247312 0.7110215053763441
0 0.46774193548387094 0.6891801075268817 0.4781586021505376 0.6955645161290323 0.47614247311827956 0.707997311827957 0.46538978494623656 0.710013440860215 0.4593413978494624 0.7039650537634409 0.45967741935483875 0.6928763440860215
0 0.4791666666666667 0.6713709677419355 0.4875672043010753 0.678763440860215 0.48487903225806456 0.6888440860215054 0.4747983870967742 0.6901881720430108 0.4684139784946237 0.6841397849462366 0.470766129032258 0.6750672043010753
0 0.4479166666666667 0.6713709677419355 0.45732526881720426 0.6764112903225807 0.45698924731182794 0.6848118279569892 0.45127688172043007 0.6901881720430108 0.4411962365591398 0.6885080645161291 0.4388440860215054 0.6750672043010753
0 0.42069892473118276 0.7362231182795699 0.427755376344086 0.7409274193548387 0.42741935483870963 0.747983870967742 0.42036290322580644 0.7516801075268817 0.41364247311827956 0.7473118279569892 0.41465053763440857 0.738239247311828
0 0.415994623655914 0.6911962365591399 0.42439516129032256 0.6969086021505376 0.42372311827956993 0.7059811827956989 0.41532258064516125 0.7086693548387096 0.4069220430107527 0.7043010752688171 0.4079301075268817 0.6952284946236559
0 0.3951612903225806 0.6760752688172043 0.4018817204301075 0.6804435483870968 0.40053763440860213 0.6891801075268817 0.3941532258064516 0.6928763440860215 0.38575268817204306 0.6891801075268817 0.38575268817204306 0.678763440860215
0 0.375 0.6609543010752688 0.3860887096774194 0.668010752688172 0.38407258064516125 0.678763440860215 0.375 0.6838037634408602 0.36592741935483875 0.6790994623655914 0.3655913978494624 0.6663306451612904
0 0.3592069892473118 0.6495295698924731 0.36592741935483875 0.65625 0.3639112903225806 0.6643145161290323 0.3541666666666667 0.6653225806451613 0.35013440860215056 0.6596102150537634 0.353494623655914 0.6525537634408602
0 0.34106182795698925 0.6374327956989247 0.3484543010752688 0.6434811827956989 0.34711021505376344 0.6505376344086021 0.3413978494623656 0.6532258064516129 0.3326612903225806 0.6495295698924731 0.3336693548387097 0.6407930107526882
0 0.41901881720430106 0.6515456989247312 0.4290994623655914 0.6586021505376345 0.42338709677419356 0.6683467741935484 0.41330645161290325 0.6693548387096775 0.4079301075268817 0.6622983870967741 0.4112903225806452 0.6535618279569892
0 0.39818548387096775 0.6384408602150538 0.4055779569892473 0.6438172043010753 0.4022177419354839 0.6518817204301075 0.39448924731182794 0.6532258064516129 0.38810483870967744 0.6481854838709677 0.39012096774193544 0.6411290322580645
0 0.3679435483870968 0.5964381720430108 0.37701612903225806 0.6008064516129032 0.37836021505376344 0.6092069892473118 0.37163978494623656 0.6145833333333334 0.36223118279569894 0.6135752688172043 0.3595430107526882 0.6021505376344086
0 0.35114247311827956 0.591733870967742 0.3454301075268817 0.5984543010752688 0.34677419354838707 0.6051747311827957 0.3531586021505376 0.6065188172043011 0.35987903225806456 0.5991263440860215 0.35719086021505375 0.5927419354838709
0 0.36659946236559143 0.5893817204301075 0.3733198924731183 0.581989247311828 0.3696236559139785 0.574260752688172 0.36122311827956993 0.5749327956989247 0.35719086021505375 0.5803091397849462 0.3592069892473118 0.5873655913978495
0 0.3746639784946237 0.5924059139784946 0.38071236559139787 0.5860215053763441 0.3914650537634409 0.5920698924731183 0.3904569892473118 0.5987903225806451 0.38373655913978494 0.6031586021505376 0.3763440860215054 0.5991263440860215
0 0.43044354838709675 0.6075268817204301 0.4361559139784946 0.5981182795698925 0.4290994623655914 0.5920698924731183 0.4220430107526882 0.5950940860215054 0.42137096774193544 0.6058467741935484
0 0.4452284946236559 0.6031586021505376 0.4519489247311828 0.6095430107526882 0.4495967741935484 0.6176075268817204 0.44018817204301075 0.6179435483870968 0.4371639784946237 0.6085349462365591
0 0.4603494623655914 0.6290322580645161 0.466733870967742 0.6239919354838709 0.4627016129032258 0.6149193548387096 0.45530913978494625 0.6169354838709677 0.4529569892473118 0.6263440860215054
0 0.4086021505376344 0.6182795698924731 0.41901881720430106 0.6233198924731183 0.4139784946236559 0.6334005376344086 0.407258064516129 0.6330645161290323 0.4018817204301075 0.625
0 0.4331317204301075 0.647513440860215 0.44018817204301075 0.6421370967741936 0.43682795698924737 0.6344086021505376 0.4280913978494624 0.6327284946236559 0.42573924731182794 0.6374327956989247 0.4260752688172043 0.6451612903225807
0 0.6149193548387096 0.6001344086021505 0.6095430107526882 0.6031586021505376 0.6115591397849462 0.6088709677419355 0.6169354838709677 0.6105510752688171 0.6213037634408602 0.602486559139785
0 0.585013440860215 0.6458333333333334 0.5782930107526882 0.6502016129032259 0.5793010752688171 0.6572580645161291 0.5873655913978495 0.6586021505376345 0.591733870967742 0.6515456989247312
0 0.4804608585858585 0.5179608585858585 0.48071338383838386 0.521875 0.47869318181818177 0.5234532828282829 0.4757260101010101 0.5235164141414141 0.4739583333333333 0.5216224747474748 0.47339015151515157 0.5189709595959596 0.47541035353535355 0.5162563131313131 0.47863005050505053 0.5157512626262626
0 0.48443813131313135 0.5242108585858586 0.48683712121212125 0.5264835858585858 0.4862689393939394 0.5295138888888888 0.4842487373737374 0.5310290404040404 0.4821022727272727 0.5312815656565656 0.48020833333333335 0.5302714646464647 0.4794507575757576 0.5278724747474748 0.4799558080808081 0.5254103535353536 0.4822916666666667 0.523895202020202
0 0.3339091289782245 0.34092336683417085 0.33547948073701844 0.34500628140703515 0.3336997487437186 0.34877512562814067 0.33055904522613067 0.34898450586264657 0.32804648241206036 0.3460531825795645 0.3274183417085428 0.342179648241206 0.330035594639866 0.3401905360134003
0 0.34898450586264657 0.32113693467336685 0.3516017587939698 0.31736809045226133 0.3571503350083752 0.31663525963149075 0.36039572864321606 0.3217650753768844 0.3591394472361809 0.3259526800670017 0.3546377721943048 0.3274183417085428 0.3502407872696818 0.32658082077051925
0 0.2674302788844622 0.4101925630810093 0.26850929614873836 0.4067895086321382 0.27232735723771584 0.40546148738379817 0.2756474103585658 0.4071215139442232 0.276062416998672 0.4099435590969456 0.2753984063745021 0.4128486055776893 0.2728253652058433 0.4139276228419655 0.26933930942895096 0.4135956175298805
0 0.7209869123931624 0.4861444978632478 0.7222556089743589 0.48354033119658113 0.7248597756410255 0.4814703525641025 0.730869391025641 0.481670673076923 0.7340745192307692 0.48447516025641024 0.7348758012820512 0.48848157051282043 0.7342080662393162 0.4924879807692308 0.73180422008547 0.4948250534188034 0.7246594551282051 0.4948250534188034 0.7216546474358975 0.4923544337606837 0.7205862713675213 0.488948985042735
0 0.7093015491452991 0.4818042200854701 0.7078993055555555 0.47866586538461536 0.7078325320512819 0.4739917200854701 0.7101696047008546 0.47145432692307687 0.7132411858974358 0.46945112179487175 0.7175146901709402 0.46971821581196577 0.7207865918803418 0.47252270299145294 0.7217214209401709 0.47759748931623924 0.7201188568376068 0.4813368055555555 0.7171808226495725 0.4834067841880342 0.7131076388888888 0.48387419871794873
0 0.7002203525641025 0.4969618055555555 0.7014890491452991 0.49435763888888884 0.7043603098290597 0.49155315170940167 0.70836672008547 0.49101896367521364 0.7117053952991452 0.49228766025641024 0.7143763354700855 0.49555956196581186 0.7148437499999999 0.5006343482905983 0.7123731303418803 0.5033052884615384 0.7091012286324786 0.504707532051282 0.7030248397435896 0.5036391559829059 0.7008213141025641 0.5003004807692307
0 0.6769243002544529 0.49785305343511455 0.679309796437659 0.49459287531806617 0.6839217557251908 0.4935591603053435 0.688295165394402 0.4944338422391857 0.6909192111959287 0.4979325699745547 0.6905216284987278 0.5036577608142494 0.6872614503816794 0.5064408396946565 0.6830470737913485 0.5072360050890585 0.678117048346056 0.5058047073791349 0.6767652671755725 0.5031011450381679
0 0.6909192111959287 0.4926049618320611 0.687897582697201 0.48942430025445294 0.6866253180661578 0.4864821882951654 0.6877385496183206 0.4826653944020356 0.6909192111959287 0.4794052162849872 0.6961673027989822 0.478530534351145 0.6999045801526718 0.4815521628498728 0.7010973282442748 0.485527989821883 0.7008587786259541 0.4898218829516539 0.6977576335877863 0.49276399491094147
0 0.6675413486005088 0.4954675572519084 0.6624522900763359 0.4943543256997455 0.6595896946564885 0.4917302798982188 0.6595101781170484 0.4864821882951654 0.6614185750636132 0.4834605597964377 0.6652353689567431 0.48131361323155214 0.670324427480916 0.48210877862595425 0.6735050890585241 0.48560750636132316 0.6735050890585241 0.49069656488549623 0.6707220101781171 0.4944338422391857
0 0.6779580152671756 0.47868956743002544 0.6753339694656488 0.47821246819338425 0.6725508905852418 0.4761450381679389 0.6714376590330788 0.4723282442748092 0.6717557251908397 0.46827290076335876 0.675413486005089 0.46556933842239184 0.679309796437659 0.46453562340966925 0.6835241730279898 0.4666825699745547 0.6853530534351145 0.47129452926208654 0.6845578880407124 0.4752703562340967 0.6817748091603053 0.47805343511450377
0 0.6538645038167938 0.48481234096692116 0.648059796437659 0.4833015267175572 0.6454357506361322 0.4789281170483461 0.6451176844783715 0.4753498727735369 0.6478212468193384 0.4716125954198473 0.6515585241730281 0.4701812977099236 0.6572041984732824 0.4717716284987278 0.6591125954198472 0.47558842239185756 0.6595101781170484 0.4794052162849872 0.6571246819338422 0.4825858778625954
0 0.6626420454545454 0.46788194444444436 0.6596433080808081 0.46606691919191917 0.6575126262626263 0.4623579545454546 0.6578282828282828 0.4577020202020202 0.6601167929292929 0.4547032828282827 0.6657196969696969 0.45320391414141414 0.671322601010101 0.45785984848484856 0.670849116161616 0.46243686868686873 0.6690340909090908 0.466540404040404
0 0.639599116161616 0.4733270202020202 0.6346275252525252 0.47230113636363624 0.631628787878788 0.46890782828282834 0.6314709595959596 0.46480429292929293 0.6334438131313131 0.46109532828282834 0.6377840909090908 0.4592803030303029 0.6430713383838383 0.46030618686868685 0.6454387626262625 0.463699494949495 0.6457544191919191 0.4677241161616161 0.6431502525252525 0.4705650252525252
0 0.6449652777777777 0.4542297979797979 0.643386994949495 0.45162563131313127 0.6439393939393939 0.44562815656565646 0.6485164141414141 0.442550505050505 0.6538036616161617 0.4432607323232323 0.656802398989899 0.44665404040404044 0.6579071969696969 0.4507575757575758 0.655697601010101 0.45446654040404044 0.6528566919191919 0.456439393939394 0.649621212121212 0.45667613636363624 0.646227904040404 0.4552556818181819
0 0.6220509893455098 0.46042617960426185 0.6167237442922374 0.45899923896499245 0.6140601217656012 0.45690639269406397 0.6136796042617961 0.452720700152207 0.6150114155251142 0.4492009132420092 0.6191019786910198 0.44615677321156777 0.6257610350076104 0.44815449010654496 0.6281392694063928 0.45262557077625576 0.6270928462709285 0.45662100456621 0.6245243531202436 0.4600456621004566
0 0.6241438356164384 0.44330289193302896 0.624334094368341 0.44111491628614924 0.6260464231354642 0.4394977168949772 0.6298515981735161 0.4399733637747337 0.6310882800608829 0.44159056316590567 0.630802891933029 0.44330289193302896 0.6293759512937596 0.44492009132420096 0.6272831050228311 0.44558599695586 0.6256659056316591 0.4448249619482496
0 0.6168188736681888 0.44425418569254194 0.612062404870624 0.4424467275494673 0.6089231354642314 0.43883181126331816 0.60882800608828 0.43426560121765606 0.6108257229832572 0.43055555555555564 0.6151065449010655 0.42836757990867586 0.620148401826484 0.42912861491628623 0.6241438356164384 0.431982496194825 0.6254756468797564 0.4362633181126332 0.6251902587519027 0.4393074581430746 0.621099695585997 0.44282724505327253
0 0.6367960426179604 0.4379756468797565 0.63308599695586 0.4365487062404871 0.6309931506849316 0.43474124809741255 0.6312785388127854 0.4308409436834095 0.6328957382039574 0.42836757990867586 0.6370814307458144 0.42779680365296807 0.6406012176560122 0.4286529680365297 0.6407914764079148 0.4316019786910198 0.6406963470319634 0.4360730593607306
0 0.6273782343987824 0.4275114155251142 0.6249048706240488 0.42532343987823445 0.624334094368341 0.4213280060882801 0.6253805175038052 0.4188546423135464 0.6292808219178082 0.417427701674277 0.63308599695586 0.41828386605783874 0.6348934550989346 0.421613394216134 0.634037290715373 0.4245624048706241 0.6319444444444445 0.4267503805175038
0 0.6191971080669711 0.4208523592085236 0.6151065449010655 0.41752283105022836 0.6144406392694064 0.41438356164383566 0.6167237442922374 0.41019786910197875 0.6215753424657534 0.4094368340943684 0.625 0.41162480974124815 0.6255707762557078 0.4155251141552512 0.623382800608828 0.4193302891933029 0.6206240487062405 0.42075722983257235
0 0.6125380517503806 0.41048325722983264 0.606830289193303 0.4094368340943684 0.6055936073059361 0.40506088280060887 0.6065449010654491 0.40201674277016747 0.6092085235920853 0.3997336377473364 0.6135844748858448 0.40039954337899547 0.6159627092846272 0.40201674277016747 0.6163432267884323 0.40629756468797573 0.6140601217656012 0.4093417047184171
0 0.6105403348554034 0.42798706240487067 0.606830289193303 0.42808219178082196 0.6045471841704719 0.4259893455098935 0.6040715372907154 0.4225646879756469 0.6063546423135464 0.41980593607305944 0.6100646879756468 0.4199010654490107 0.6138698630136987 0.4223744292237443 0.612062404870624 0.42560882800608835
0 0.6004566210045663 0.4214231354642314 0.5957001522070016 0.4202815829528159 0.5943683409436834 0.417427701674277 0.5945585996955861 0.41362252663622534 0.5982686453576864 0.41095890410958913 0.6022640791476408 0.41133942161339426 0.6056887366818874 0.4159056316590563 0.6039764079147641 0.41904490106544906
0 0.5966514459665145 0.43321917808219185 0.5964611872146119 0.42979452054794526 0.5997907153729072 0.42684550989345516 0.6045471841704719 0.42760654490106553 0.6061643835616438 0.4311263318112633 0.6041666666666666 0.4348363774733638 0.6009322678843227 0.4363584474885845
