0 0.13569370567375885 0.8916777482269502 0.1267176418439716 0.8935616134751773 0.12450132978723402 0.8998781028368793 0.12826906028368792 0.9050864361702126 0.13957225177304963 0.9050864361702126
0 0.14311835106382978 0.8859153368794326 0.13990469858156027 0.8742796985815602 0.12993129432624112 0.8760527482269502 0.12982047872340427 0.8835882092198579 0.1333665780141844 0.887355939716312
0 0.20144774011299432 0.8635240112994351 0.185204802259887 0.8642302259887007 0.18533909574468083 0.8772717198581559 0.198975988700565 0.8794138418079097
0 0.22934322033898308 0.8769420903954803 0.2229872881355932 0.8702330508474578 0.2106285310734463 0.8702330508474578 0.2056850282485876 0.880473163841808 0.21945621468926552 0.8885946327683617
0 0.230225988700565 0.8672316384180793 0.21610169491525424 0.8674081920903955 0.21415960451977403 0.8571680790960454 0.22281073446327682 0.8506355932203391 0.22987288135593217 0.8557556497175142
0 0.23216807909604523 0.849752824858757 0.221045197740113 0.848340395480226 0.21945621468926552 0.8386299435028249 0.227930790960452 0.8333333333333335 0.2353460451977401 0.8384533898305084
0 0.23940677966101692 0.8266242937853108 0.2284604519774011 0.8273305084745763 0.22334039548022597 0.8199152542372882 0.23146186440677965 0.8114406779661016 0.24064265536723164 0.8149717514124294
0 0.24276129943502822 0.8098516949152543 0.2311087570621469 0.8091454802259888 0.22828389830508475 0.801024011299435 0.2351694915254237 0.794138418079096 0.2457627118644068 0.7973163841807911
0 0.21486581920903955 0.808792372881356 0.20427259887005653 0.8047316384180792 0.198975988700565 0.8142655367231639 0.20444915254237286 0.8220338983050849 0.2153954802259887 0.8188559322033898
0 0.19367937853107345 0.8054378531073446 0.18679378531073443 0.801024011299435 0.18061440677966098 0.8066737288135593 0.1807909604519774 0.8163841807909605 0.1942090395480226 0.8167372881355932
0 0.12361480496453899 0.8556626773049645 0.11441710992907801 0.8575465425531913 0.1145279255319149 0.8649711879432622 0.11918218085106384 0.8692929964539006 0.1277149822695035 0.8660793439716311
0 0.1306497175141243 0.8368644067796611 0.13206214689265536 0.8455155367231639 0.12594193262411346 0.8481272163120568 0.11973625886524825 0.845135195035461 0.11962544326241134 0.8364915780141844
0 0.1347104519774011 0.8328036723163841 0.12429378531073448 0.833156779661017 0.11952683615819211 0.8262711864406779 0.1292372881355932 0.8172669491525425 0.136475988700565 0.8227401129943502
0 0.14823934667628322 0.8332225177304964 0.13923510938814762 0.835341161798293 0.13990469858156027 0.8452460106382979 0.1484375 0.8484596631205673 0.15464317375886524 0.8405917553191488
0 0.1564265536723164 0.829449152542373 0.1461103723404255 0.8297318262411347 0.14356161347517726 0.8227504432624114 0.1478834219858156 0.8152149822695036 0.1587217514124294 0.8192090395480226
0 0.16401836158192087 0.7951977401129944 0.153954802259887 0.792725988700565 0.14883474576271188 0.7990819209039549 0.15077683615819207 0.8091454802259888 0.16472457627118645 0.8061440677966102
0 0.14565677966101692 0.787252824858757 0.13594632768361584 0.7830155367231639 0.1308262711864407 0.7895480225988701 0.13294491525423727 0.7980225988700564 0.1461864406779661 0.7953742937853108
0 0.1486581920903955 0.7800141242937854 0.1398305084745763 0.7826624293785311 0.13241525423728812 0.7778954802259888 0.13912429378531072 0.7676553672316385 0.14883474576271188 0.7713629943502825
0 0.15254237288135594 0.7644774011299436 0.14565677966101692 0.7674788135593221 0.13771186440677965 0.7627118644067797 0.14106638418079095 0.7524717514124294 0.1528954802259887 0.754590395480226
0 0.16684322033898308 0.7558262711864407 0.15783898305084748 0.761475988700565 0.15889830508474576 0.7704802259887006 0.1693149717514124 0.7734816384180792 0.17408192090395477 0.7648305084745763
0 0.16878531073446326 0.7819562146892655 0.16331214689265536 0.7745409604519774 0.15466101694915252 0.7782485875706215 0.1528954802259887 0.7868997175141244 0.1594279661016949 0.7911370056497175 0.16649011299435026 0.7895480225988701
0 0.21733757062146894 0.7685381355932204 0.20850988700564974 0.7743644067796611 0.2099223163841808 0.7824858757062146 0.2185734463276836 0.7851341807909605 0.22616525423728812 0.778072033898305
0 0.21945621468926552 0.7907838983050849 0.21257062146892655 0.7868997175141244 0.2040960451977401 0.7925494350282487 0.20586158192090395 0.8015536723163841 0.21804378531073443 0.8031426553672316
0 0.17582614942528735 0.7240780651340996 0.16768438697318008 0.7275502873563218 0.16648706896551724 0.7372485632183908 0.17307231800766285 0.7413194444444445 0.1801364942528736 0.7379669540229885 0.18193247126436782 0.7293462643678161
0 0.1797772988505747 0.7057590996168582 0.16995929118773948 0.710308908045977 0.17235392720306517 0.7213242337164751 0.1821719348659004 0.7224018199233717 0.18803879310344832 0.7142600574712643
0 0.15810584291187743 0.7057590996168582 0.15128113026819923 0.7106681034482759 0.15164032567049812 0.7185704022988506 0.15894396551724138 0.7220426245210728 0.16445162835249041 0.7180914750957854 0.163852969348659 0.7095905172413793
0 0.23485392720306517 0.6988146551724138 0.21869013409961685 0.6980962643678161 0.21449952107279693 0.7088721264367815 0.21952825670498086 0.7184506704980843 0.2307830459770115 0.7180914750957854 0.23485392720306517 0.7109075670498084
0 0.18241139846743296 0.687919061302682 0.1746288314176245 0.6941451149425287 0.17738266283524903 0.7043223180076629 0.19019396551724138 0.7038433908045977 0.19079262452107282 0.6929477969348659
0 0.1609794061302682 0.6910320881226053 0.1537954980842912 0.6955818965517241 0.15559147509578547 0.7040828544061303 0.16696599616858238 0.7044420498084292 0.1681633141762452 0.694264846743295
0 0.1382303639846743 0.68540469348659 0.13152538314176246 0.6891163793103449 0.13152538314176246 0.6977370689655172 0.13811063218390804 0.7006106321839081 0.14409722222222224 0.6968989463601533 0.14361829501915707 0.6889966475095786
0 0.16708572796934865 0.6699592911877394 0.15942289272030655 0.6751077586206896 0.16121886973180077 0.6836087164750958 0.1685225095785441 0.68540469348659 0.1749880268199234 0.6822916666666666 0.17295258620689655 0.6733117816091955
0 0.18971503831417627 0.6650502873563218 0.18049568965517243 0.6713960727969349 0.18181273946360155 0.6810943486590039 0.1910320881226054 0.6846863026819924 0.19582136015325674 0.6794181034482759 0.19606082375478928 0.6698395593869731
0 0.17259339080459773 0.6546336206896551 0.16445162835249041 0.6582255747126436 0.16421216475095785 0.668043582375479 0.17199473180076627 0.6705579501915709 0.17798132183908047 0.6668462643678161 0.1775023946360153 0.65834530651341
0 0.19246886973180077 0.6479286398467433 0.1857638888888889 0.6531968390804598 0.1872006704980843 0.6622964559386972 0.195102969348659 0.6649305555555555 0.2003711685823755 0.6601412835249043 0.2002514367816092 0.6514008620689655
0 0.1433788314176245 0.6652897509578545 0.13667385057471265 0.6681633141762453 0.13571599616858238 0.6781010536398469 0.14601293103448276 0.679058908045977 0.15128113026819923 0.6703184865900383
0 0.14876676245210727 0.6492456896551724 0.141463122605364 0.6524784482758621 0.13966714559386972 0.660859674329502 0.14804837164750959 0.6644516283524904 0.1554717432950192 0.6560704022988506
0 0.17534722222222224 0.6396671455938697 0.16864224137931036 0.6432590996168582 0.16876197318007666 0.6514008620689655 0.17570641762452108 0.6537954980842912 0.18193247126436782 0.6505627394636015 0.1812140804597701 0.6430196360153256
0 0.19989224137931036 0.6299688697318008 0.19055316091954025 0.6339200191570882 0.19115181992337166 0.6432590996168582 0.1974976053639847 0.6472102490421456 0.20408285440613028 0.6434985632183908 0.2062380268199234 0.6372725095785441
0 0.3092695147679325 0.5414688818565401 0.29608386075949367 0.543842299578059 0.2979298523206751 0.5555775316455697 0.31085179324894513 0.5538633966244726
0 0.3088739451476793 0.5263053797468354 0.30570938818565396 0.5236682489451476 0.29924841772151894 0.5260416666666666 0.3006988396624472 0.5355353375527426 0.3088739451476793 0.5331619198312235
0 0.30808280590717296 0.5183939873417721 0.30373154008438824 0.512592299578059 0.2979298523206751 0.5136471518987342 0.2956882911392405 0.5216904008438819 0.3032041139240506 0.5234045358649788
0 0.2927874472573839 0.49953850210970463 0.28500791139240506 0.5027030590717299 0.28619462025316456 0.5137790084388185 0.29476529535864976 0.5150975738396624 0.2979298523206751 0.5104825949367089 0.29832542194092826 0.5028349156118143
0 0.31085179324894513 0.5008570675105485 0.3013581223628692 0.5007252109704641 0.29924841772151894 0.5052083333333334 0.3013581223628692 0.5116693037974683 0.3100606540084388 0.5114055907172996
0 0.29001845991561176 0.49096782700421937 0.28289820675105487 0.48951740506329106 0.27960179324894513 0.49439609704641346 0.28289820675105487 0.5008570675105485 0.2912051687763713 0.4970332278481013
0 0.30386339662447254 0.48846255274261596 0.29872099156118137 0.4910996835443038 0.29872099156118137 0.49729694092827004 0.30373154008438824 0.4994066455696202 0.3090058016877637 0.4974287974683544 0.3090058016877637 0.49136339662447254
0 0.3066323839662447 0.475540611814346 0.2997758438818566 0.47923259493670883 0.2996439873417721 0.48569356540084385 0.3051819620253164 0.4876714135021097 0.31203850210970463 0.48622099156118137 0.3107199367088608 0.47962816455696194
0 0.2974024261603375 0.48081487341772144 0.28949103375527424 0.48121044303797467 0.28764504219409287 0.4875395569620252 0.29212816455696206 0.4914952531645569 0.2985891350210971 0.4897811181434598
0 0.2942378691983122 0.4694752109704641 0.28619462025316456 0.46881592827004215 0.2843486286919831 0.4743539029535864 0.28738132911392406 0.47923259493670883 0.29436972573839665 0.4776503164556961
0 0.2924977836879432 0.43611480496453897 0.2851839539007092 0.43611480496453897 0.28185948581560283 0.44276374113475175 0.28529476950354604 0.44797207446808507 0.2920545212765957 0.44786125886524825 0.2947140957446808 0.4433178191489362
0 0.28462987588652483 0.4297983156028369 0.27587544326241137 0.4303523936170213 0.27642952127659576 0.43921764184397166 0.2821919326241134 0.43921764184397166 0.285405585106383 0.43445257092198586
0 0.2909463652482269 0.4217087765957447 0.29072473404255317 0.4169437056737588 0.2845190602836879 0.41572473404255317 0.28086214539007087 0.41960328014184395 0.28330008865248224 0.4252548758865248 0.28873005319148937 0.4252548758865248
0 0.2939383865248227 0.40597296099290775 0.28762189716312053 0.4041999113475177 0.28185948581560283 0.4099623226950354 0.28595966312056736 0.41472739361702127 0.2931626773049645 0.4148382092198581
0 0.2924977836879432 0.3924534574468085 0.28507313829787234 0.39489140070921985 0.28507313829787234 0.4014295212765957 0.28983820921985815 0.40408909574468077 0.29637632978723405 0.40264849290780136 0.2961546985815603 0.39677526595744683
0 0.31067154255319146 0.406637854609929 0.3039117907801418 0.4041999113475177 0.29604388297872336 0.4077460106382978 0.2956006205673759 0.41672207446808507 0.30357934397163117 0.4220412234042553 0.3123337765957446 0.4169437056737588
0 0.3226512738853503 0.32703025477707004 0.3133625265392781 0.3299495753715499 0.31455679405520165 0.3399018046709129 0.3226512738853503 0.34189225053078554 0.32822452229299365 0.3355228237791932
0 0.35648885350318466 0.307921974522293 0.3453423566878981 0.3073911889596603 0.34494426751592355 0.31946656050955413 0.3570196390658174 0.31959925690021235
0 0.3657776008492569 0.2785960721868365 0.3543657112526539 0.2775345010615711 0.35715233545647557 0.29160031847133755 0.3661756900212314 0.2893444798301486
0 0.5043055555555557 0.45986111111111116 0.49138888888888893 0.46013888888888893 0.49111111111111116 0.4740277777777778 0.5054166666666666 0.4727777777777778
0 0.5622222222222223 0.478888888888889 0.550138888888889 0.4798611111111111 0.5497222222222223 0.49263888888888896 0.56375 0.4918055555555556
0 0.5634722222222223 0.4979166666666667 0.5491666666666667 0.49986111111111114 0.5520833333333334 0.5133333333333333 0.5648611111111111 0.5119444444444444
0 0.5655202169625247 0.5459196252465484 0.5533160749506905 0.5473989151873767 0.5531928007889547 0.5597263313609467 0.5657667652859961 0.5593565088757397
0 0.5859837278106509 0.4820636094674556 0.5734097633136095 0.4846523668639054 0.5747657790927021 0.495870315581854 0.587586291913215 0.495870315581854
0 0.5868466469428008 0.5019107495069034 0.5735330374753452 0.5042529585798816 0.5768614398422091 0.5171967455621302 0.5882026627218935 0.5151010848126233
0 0.5882026627218935 0.5222509861932938 0.5743959566074951 0.5244699211045365 0.5755054240631163 0.5367973372781065 0.5899285009861933 0.5360576923076923
0 0.6108851084812623 0.5148545364891519 0.6049679487179488 0.5162105522682446 0.6064472386587773 0.5233604536489153 0.6133505917159764 0.5215113412228796
0 0.6160626232741617 0.5232371794871795 0.6119945759368837 0.5224975345167654 0.6089127218934912 0.5249630177514794 0.6107618343195266 0.5300172583826429 0.616432445759369 0.5286612426035504
0 0.5911246612466124 0.5941734417344173 0.5783407297830375 0.595845660749507 0.5801898422090731 0.6073101577909271 0.5920241617357003 0.6058308678500987
0 0.6262943786982248 0.5989275147928995 0.611871301775148 0.6002835305719922 0.6140902366863905 0.6145833333333334 0.6259245562130178 0.6129807692307693
0 0.641457100591716 0.5803131163708087 0.6290064102564104 0.5827785996055227 0.6322115384615384 0.5963387573964496 0.6441691321499013 0.5930103550295858
0 0.6463880670611439 0.6022559171597633 0.6327046351084814 0.6052144970414202 0.6349235700197238 0.617172090729783 0.6471277120315582 0.6155695266272189
0 0.6398997890295358 0.6818301687763711 0.6317750677506775 0.684789972899729 0.630250677506775 0.6925813008130082 0.6371951219512195 0.6959688346883468 0.6446476964769647 0.6925813008130082
0 0.657520325203252 0.6746273712737128 0.6497289972899729 0.6747967479674797 0.6470189701897019 0.6803861788617885 0.6512533875338753 0.6880081300813008 0.6603997289972899 0.6837737127371274
0 0.6207932692307692 0.7706330128205128 0.6098364978902953 0.770701476793249 0.609045358649789 0.7809862869198313 0.6195938818565401 0.782304852320675
0 0.6451740506329114 0.7939082278481013 0.6317246835443037 0.793117088607595 0.6300080128205128 0.8018830128205128 0.6366185897435896 0.8056891025641025 0.6434294871794871 0.8028846153846154
0 0.6069711538461537 0.8092948717948717 0.5973557692307692 0.8104967948717947 0.5965544871794871 0.8197115384615384 0.6045622362869199 0.8239715189873418 0.6106276371308017 0.8181698312236286
0 0.6071993670886076 0.8397943037974683 0.6003605769230769 0.8319310897435898 0.5921474358974358 0.8355368589743588 0.5929487179487178 0.844150641025641 0.6021634615384616 0.8451522435897435
0 0.5436698717948717 0.7926682692307692 0.539863782051282 0.7998798076923076 0.531650641025641 0.7996794871794872 0.5294471153846154 0.7942708333333333 0.5344551282051282 0.7866586538461539 0.5408653846153846 0.789463141025641
0 0.7102952180562593 0.8332699994370318 0.7029569892473118 0.832325268817204 0.7017873646531179 0.8402508022293531 0.7084409423145489 0.8427595282328434 0.7109655017921147 0.8371975806451611
0 0.7119735663082436 0.8217965949820787 0.7046793193717277 0.8204079406631761 0.7040210573476702 0.8261088709677419 0.7065412186379928 0.8307571684587812 0.7132616487455196 0.8288530465949819
0 0.7516369047619047 0.5041666666666667 0.7373511904761905 0.5055059523809524 0.7375 0.5203869047619049 0.7516369047619047 0.5191964285714286
0 0.7478582554517132 0.4731308411214953 0.7327380952380953 0.47782738095238103 0.7373511904761905 0.4925595238095238 0.7501488095238096 0.4891369047619048
0 0.6731493794326241 0.3862477836879432 0.6590757978723405 0.3874667553191489 0.659408244680851 0.40198359929078015 0.6739250886524822 0.4018727836879432
0 0.7087211879432624 0.3891289893617021 0.6915447695035462 0.39167774822695034 0.694425975177305 0.4075243794326241 0.70916445035461 0.4050864361702127
0 0.6522052304964538 0.38447473404255317 0.6354720744680851 0.3860261524822695 0.6375775709219859 0.4023160460992908 0.6528701241134752 0.40021054964539005
0 0.6508754432624114 0.36031693262411346 0.639239804964539 0.361646719858156 0.639239804964539 0.3739472517730496 0.6551972517730497 0.371730939716312
0 0.7601246105919002 0.53952492211838 0.7503894080996883 0.5422507788161993 0.7519162735849056 0.5552771226415094 0.763239875389408 0.5539330218068534 0.7659689465408805 0.5461379716981132
0 0.7965342679127725 0.53952492211838 0.7848368710691823 0.5403400157232704 0.7844437893081762 0.5514445754716981 0.7930915880503144 0.5546875 0.7990860849056605 0.5507566823899371
0 0.7799844236760124 0.5675623052959501 0.771373820754717 0.5633352987421384 0.7646028037383177 0.5702881619937694 0.7696651090342678 0.5792445482866043 0.7792056074766355 0.5771028037383177
0 0.8099688473520249 0.5677570093457943 0.8027647975077881 0.5706775700934579 0.8039330218068534 0.5782710280373832 0.8109423676012462 0.57904984423676 0.815031152647975 0.5734034267912772
0 0.8300233644859812 0.5303738317757009 0.8208984489801917 0.5215611774819255 0.8124999999999999 0.5290109034267912 0.8142523364485981 0.5377725856697818 0.8255451713395637 0.5401090342679127
0 0.8029186320754718 0.4679147012578616 0.7963395638629284 0.47352024922118374 0.7976120283018867 0.4832448899371069 0.8092079402515722 0.4838345125786163 0.8111370716510903 0.4723520249221183
0 0.831060606060606 0.4365530303030302 0.8210669781931463 0.44450934579439244 0.8241822429906541 0.4596962616822429 0.8415109034267911 0.4581386292834891 0.8431818181818181 0.4433712121212121
0 0.8785984848484848 0.4365530303030302 0.8722741433021808 0.4450934579439252 0.8774621212121211 0.4570075757575757 0.8880451713395638 0.45229750778816197 0.8868769470404984 0.4411993769470404
0 0.852651515151515 0.4115530303030302 0.8455996884735202 0.4182242990654205 0.8467679127725856 0.4295171339563862 0.8645833333333334 0.4293560606060605 0.8642045454545454 0.4183712121212121
0 0.8532196969696969 0.384280303030303 0.8465732087227414 0.39116043613707163 0.846401515151515 0.4032196969696969 0.8647727272727271 0.40208333333333324 0.865151515151515 0.3910984848484848
0 0.8914772727272727 0.3700757575757575 0.8812499999999998 0.37651515151515147 0.8850378787878788 0.38863636363636356 0.9003787878787878 0.3871212121212121 0.9017045454545454 0.37613636363636355
0 0.8524621212121211 0.35681818181818176 0.8439393939393938 0.36401515151515146 0.8473520249221184 0.3746105919003115 0.8611760124610591 0.37363707165109034 0.8643939393939394 0.3617424242424242
0 0.8937499999999998 0.33295454545454545 0.8857954545454544 0.3410984848484848 0.8897975077881619 0.3500778816199377 0.9024621212121211 0.3488636363636364 0.902651515151515 0.3384469696969697
0 0.7980919003115264 0.3775311526479751 0.7916666666666665 0.38161993769470404 0.7934190031152647 0.39096573208722735 0.8020833333333334 0.39393939393939387 0.8084112149532708 0.3868769470404984 0.8054906542056075 0.3775311526479751
0 0.7729166666666667 0.35189393939393937 0.7649621212121211 0.3575757575757575 0.7662878787878786 0.3668560606060605 0.7799844236760124 0.36643302180685355 0.7801791277258565 0.35552959501557635
0 0.750973520249221 0.32165109034267914 0.7437499999999999 0.3284090909090908 0.7482476635514017 0.33547507788161995 0.7572040498442367 0.3337227414330218 0.7594696969696969 0.3268939393939394
0 0.7478582554517132 0.35533489096573206 0.7420171339563862 0.35845015576323985 0.7412383177570093 0.36857476635514014 0.7499999999999999 0.37149532710280375 0.7581775700934579 0.3674065420560748 0.7554517133956385 0.3586448598130841
0 0.885472074468085 0.2981493794326241 0.8788940809968847 0.3004283489096573 0.8787123226950354 0.31200132978723405 0.8866910460992907 0.31310948581560283 0.891788563829787 0.3087876773049645 0.8906804078014183 0.30258200354609927
0 0.8670171339563862 0.26693925233644855 0.8602024922118381 0.27200155763239875 0.8607866043613708 0.28056853582554514 0.8687694704049844 0.2834890965732087 0.8756094858156028 0.2825243794326241 0.8758311170212765 0.27188608156028365
0 0.8915669326241134 0.274324024822695 0.8839206560283687 0.2791999113475177 0.8855140186915887 0.28796728971962615 0.897440159574468 0.28928413120567376 0.8995456560283687 0.2805296985815603
0 0.8950022163120567 0.2544880319148936 0.8887965425531913 0.25725842198581556 0.8899922118380061 0.2659657320872274 0.899324024822695 0.26612367021276595 0.9005429964539006 0.2588098404255319
0 0.9153462441314554 0.25806924882629106 0.908683800623053 0.2597352024922118 0.9096573208722742 0.2700545171339564 0.9182242990654207 0.27044392523364486 0.9207554517133957 0.2636292834890966
0 0.9078695524146053 0.30156802120141346 0.9013177267373381 0.3053224381625442 0.9019802709069493 0.31224234393404005 0.9084584805653709 0.3145244405182568 0.9142005300353357 0.30834069493521793
0 0.846252944640754 0.2888324499411072 0.8384496466431095 0.2897894581861013 0.8404372791519434 0.29700382803298 0.8476516489988222 0.2961204358068316
0 0.8569272673733805 0.2911881625441696 0.8491239693757361 0.29229240282685515 0.847946113074205 0.2994331566548881 0.8554549469964665 0.2995803886925795
0 0.8407320872274142 0.1812694704049844 0.8280763239875387 0.18613707165109034 0.8315809968847351 0.1991822429906542 0.8424844236760124 0.19470404984423675
0 0.8370327102803737 0.1577102803738318 0.8280763239875387 0.1631619937694704 0.830607476635514 0.17289719626168226 0.8430685358255451 0.17017133956386293
0 0.8584501557632399 0.14855919003115267 0.847936137071651 0.15440031152647976 0.851246105919003 0.16549844236760122 0.8621495327102804 0.16179906542056074
0 0.8954439252336448 0.1571261682242991 0.8872663551401869 0.16063084112149534 0.8894080996884736 0.1713395638629283 0.8985591900311526 0.17017133956386293 0.9020638629283488 0.16452492211838007
0 0.8928793532338308 0.17739427860696522 0.8871786898839137 0.18019278606965183 0.888629767827529 0.1870335820895523 0.8953669154228855 0.18734452736318416 0.8979581260364842 0.18205845771144288
0 0.9158878504672898 0.17095015576323988 0.9080996884735203 0.1690031152647975 0.9020638629283488 0.17757009345794392 0.9082943925233644 0.1853582554517134 0.9178348909657321 0.1810747663551402
0 0.933411214953271 0.15985202492211836 0.9238707165109035 0.1658878504672897 0.9242601246105918 0.17211838006230532 0.9347741433021808 0.17426012461059193 0.9378894080996886 0.16764018691588783
0 0.9226973684210524 0.17346491228070177 0.9183114035087718 0.17708333333333331 0.9196271929824561 0.18371710526315788 0.9269736842105262 0.184594298245614 0.931578947368421 0.18075657894736843 0.928234649122807 0.175
0 0.9354885057471264 0.1392241379310345 0.9277298850574713 0.1420977011494253 0.9287356321839081 0.14956896551724141 0.9393678160919541 0.14827586206896556
0 0.9364942528735631 0.12011494252873565 0.9252873563218391 0.12255747126436783 0.9285919540229886 0.1330459770114943 0.9375 0.1298850574712644
0 0.35073024054982826 0.2502147766323024 0.3316151202749141 0.251073883161512 0.34192439862542956 0.2676116838487973 0.350085910652921 0.2652491408934708
0 0.367053264604811 0.25322164948453607 0.3573883161512028 0.25322164948453607 0.35781786941580757 0.26567869415807566 0.36920103092783507 0.2661082474226804
0 0.3468642611683849 0.2755584192439863 0.33462199312714774 0.27598797250859114 0.33440721649484534 0.2884450171821306 0.34793814432989695 0.288659793814433
0 0.3316151202749141 0.3026202749140894 0.3172250859106529 0.30541237113402064 0.3187285223367698 0.3180841924398626 0.33140034364261167 0.31679553264604815
0 0.3203125 0.35116941823899367 0.308126965408805 0.3515625 0.3093062106918239 0.36492727987421386 0.3206073113207547 0.3642393867924528
0 0.30478577044025157 0.38507272012578614 0.2948604559748428 0.3861536949685534 0.2946639150943396 0.39283608490566035 0.29829992138364775 0.39745479559748426 0.3063580974842767 0.39598073899371067
0 0.32432432432432434 0.4210773273273274 0.3150337837837838 0.42060810810810817 0.30912162162162166 0.4247372372372373 0.31081081081081086 0.4356231231231231 0.32479354354354356 0.43468468468468474
0 0.30499249249249255 0.43590465465465467 0.3129692192192193 0.44097222222222227 0.31081081081081086 0.4491366366366367 0.30405405405405406 0.4527027027027027 0.29814189189189194 0.44885510510510507 0.29692192192192196 0.43956456456456455
0 0.29643104643104645 0.44785169785169787 0.2885914760914761 0.4499740124740125 0.2912335412335413 0.4573804573804574 0.2955647955647956 0.4576836451836452 0.2994196119196119 0.4552148302148302
0 0.8481308411214952 0.48948598130841114 0.8274922118380063 0.49240654205607465 0.8302180685358255 0.5155763239875388 0.8485202492211837 0.5120716510903427
0 0.7807632398753893 0.45599688473520245 0.7642133956386292 0.4565809968847352 0.7638239875389407 0.4711838006230529 0.7790109034267911 0.47196261682242985
0 0.8668224299065421 0.4616433021806853 0.8469626168224298 0.46475856697819307 0.8508566978193146 0.48598130841121495 0.8713006230529595 0.48422897196261677
0 0.40543981481481484 0.7027777777777777 0.4031828703703703 0.701736111111111 0.4015046296296297 0.6993634259259259 0.40121527777777777 0.6962384259259259 0.402662037037037 0.6934606481481481 0.40555555555555556 0.6923611111111111 0.4093171296296297 0.6923611111111111 0.41186342592592595 0.6958912037037036 0.41226851851851853 0.6990162037037037 0.4096064814814815 0.7018518518518518 0.40746527777777775 0.7028356481481481
0 0.4491461748633879 0.6300204918032787 0.44641393442622945 0.6290642076502732 0.4442281420765027 0.6259904371584699 0.44504781420765027 0.6229849726775956 0.447370218579235 0.6216188524590164 0.45071721311475405 0.6216188524590164 0.45303961748633875 0.624077868852459 0.45290300546448087 0.6270833333333333 0.45133196721311475 0.6298838797814207
0 0.6957120811287477 0.37417328042328035 0.689318783068783 0.37395282186948847 0.6853505291005291 0.3707561728395061 0.685570987654321 0.365244708994709 0.687334656084656 0.3613866843033509 0.6935074955908289 0.35929232804232797 0.7000110229276896 0.3625992063492063 0.7004519400352733 0.3683311287477954 0.6986882716049382 0.37185846560846564
0 0.7704475308641976 0.39225088183421514 0.7666997354497355 0.3912588183421516 0.7631723985890653 0.38762125220458554 0.7635030864197531 0.3821097883597883 0.7671406525573192 0.37891313932980597 0.771439594356261 0.37759038800705463 0.7768408289241623 0.3803461199294532 0.7784942680776015 0.3849757495590828 0.7770612874779542 0.38927469135802467 0.7727623456790124 0.3924713403880071
0 0.7779179606625259 0.334659679089027 0.7737771739130436 0.334659679089027 0.7701539855072465 0.3311011904761905 0.770024585921325 0.32708980331262943 0.7721596790890269 0.323725414078675 0.7763004658385093 0.32262551759834374 0.781347049689441 0.32508410973084895 0.7819940476190476 0.32909549689441 0.7805706521739131 0.3326539855072464
0 0.8699747071352503 0.3284411608093717 0.8686435037273696 0.33103700745473913 0.8659145367412141 0.3331669329073482 0.8618543663471778 0.33336661341853036 0.8597244408945687 0.33190228966986157 0.8582601171459 0.32943956336528224 0.858126996805112 0.32631123535676254 0.8592585197018104 0.32318290734824284 0.8615881256656017 0.3211195420660277 0.8665135782747604 0.32145234291799785 0.8699081469648562 0.3231163471778488 0.8701743876464324 0.32631123535676254
0 0.8940194859038142 0.21501865671641796 0.8922574626865671 0.21989013266998347 0.8887334162520729 0.22196310116086243 0.8843801824212272 0.2210302653399669 0.8822035655058043 0.2192682421227198 0.8801305970149255 0.21605514096185743 0.8813743781094526 0.21056177446102828 0.8843801824212272 0.20828150912106144 0.8908063847429518 0.20817786069651745 0.8936048922056384 0.21211650082918745
0 0.9129871475953566 0.2122201492537314 0.9084266169154229 0.21242744610281933 0.9053171641791045 0.21097636815920406 0.9024150082918739 0.20776326699834166 0.9026223051409619 0.2022699004975125 0.9061463515754561 0.19947139303482592 0.9112251243781094 0.19812396351575462 0.9149564676616916 0.2000932835820896 0.9168221393034824 0.2036173300165838 0.9172367330016584 0.20776326699834166
0 0.853596600331675 0.20983623548922065 0.8502798507462687 0.21118366500829192 0.8442682421227198 0.20879975124378117 0.841987976782753 0.20527570480928697 0.84375 0.2000932835820896 0.8475849917081261 0.19708747927031514 0.8530783582089553 0.19729477611940308 0.8566024046434493 0.20133706467661697 0.8559805140961856 0.2063121890547264
0 0.8881115257048092 0.19708747927031514 0.883032752902156 0.1983312603648425 0.8797160033167495 0.19646558872305145 0.8784722222222223 0.1931488391376452 0.8784722222222223 0.19045398009950257 0.880856135986733 0.1874481757877281 0.886660447761194 0.1890029021558873 0.8890443615257048 0.19221600331674962
0 0.8549440298507462 0.18734452736318413 0.8507980928689884 0.18641169154228862 0.8483105306799337 0.18382048092868994 0.8475849917081261 0.18008913764510784 0.8506944444444444 0.17677238805970152 0.8558768656716418 0.1756322553897181 0.8589863184079602 0.17905265339966836 0.859193615257048 0.18319859038142625
0 0.8780576285240463 0.1777052238805971 0.8722533167495853 0.17791252072968494 0.8700766998341626 0.17532131011608632 0.869143864013267 0.17158996683250421 0.8698694029850745 0.16879145936981763 0.871113184079602 0.16713308457711448 0.8772284411276949 0.16723673300165842 0.8796123548922056 0.1698279436152571 0.8802342454394693 0.17428482587064684
0 0.8784722222222223 0.1540733830845772 0.87525912106136 0.1545916252072969 0.8702839966832503 0.15396973466003322 0.8690402155887231 0.14992744610281933 0.8717350746268657 0.1454705638474296 0.8777466832504145 0.14567786069651745 0.8805451907131011 0.1490982587064677
0 0.900342039800995 0.14464137645107802 0.896403399668325 0.1460924543946933 0.8917392205638474 0.14495232172470987 0.8895626036484245 0.14319029850746276 0.8895626036484245 0.1386297678275291 0.8922574626865671 0.1354166666666667 0.8972325870646766 0.13469112769485908 0.900342039800995 0.13790422885572146 0.9011712271973465 0.14298300165837485
0 0.9144382255389718 0.1386297678275291 0.9122616086235489 0.13883706467661697 0.9085302653399668 0.13707504145936988 0.9067682421227197 0.13355099502487566 0.9094631011608624 0.12857587064676626 0.916096600331675 0.12899046434494205 0.9184805140961856 0.1333436981757878 0.9171330845771144 0.13748963515754567
0 0.5679853723404256 0.5943594858156028 0.5653257978723405 0.6016733156028369 0.5610039893617021 0.6025598404255319 0.5573470744680851 0.6017841312056738 0.5554632092198581 0.5974623226950354 0.5556848404255319 0.5930296985815603 0.559341755319149 0.5907025709219859 0.5648825354609929 0.5900376773049646
0 0.5649933510638299 0.5779587765957447 0.5624445921985816 0.5805075354609929 0.5583444148936171 0.5805075354609929 0.5560172872340426 0.5785128546099291 0.5550199468085106 0.5740802304964538 0.5563497340425533 0.5704233156028369 0.5613364361702128 0.5678745567375886 0.5653257978723405 0.5700908687943262 0.5659906914893617 0.5721963652482269 0.5661015070921986 0.5775155141843972
0 0.774012717536814 0.1768741633199465 0.7701639892904953 0.17645582329317275 0.7667336010709505 0.1740294511378849 0.7658969210174029 0.16900937081659975 0.7679886211512718 0.16474230254350739 0.7747657295850068 0.16382195448460513 0.7792838018741634 0.16909303882195453 0.7769410977242304 0.17536813922356093
0 0.7710006693440429 0.16139558232931733 0.767570281124498 0.15997322623828653 0.7663989290495316 0.15645917001338694 0.7663989290495316 0.15369812583668008 0.7692436412315931 0.1507697456492638 0.7734270414993307 0.15127175368139228 0.776355421686747 0.15394912985274437 0.7753514056224899 0.15930388219544853
0 0.48970116892911014 0.32737085218702866 0.48762726244343896 0.3268995098039216 0.4859304298642534 0.3253912141779789 0.4862132352941177 0.3233644419306184 0.4874387254901961 0.3220446832579186 0.48946549773755654 0.32129053544494723 0.4913508672699849 0.3226574283559578 0.4921992835595777 0.32557975113122173
0 0.5027102187028657 0.33166006787330315 0.5006363122171945 0.3309530542986425 0.49988216440422323 0.3286434766214178 0.5001178355957768 0.32722944947209653 0.5011076546003017 0.3260510935143288 0.5035115007541477 0.3253440799396682 0.5057739441930619 0.32741798642533937 0.505585407239819 0.33019890648567124 0.5037943061840121 0.33166006787330315
0 0.5133765938069217 0.33208105646630237 0.5114981785063752 0.3315118397085611 0.5101889799635702 0.3295195810564663 0.5104735883424408 0.32735655737704916 0.5117827868852459 0.32599043715847 0.5149134790528233 0.3262750455373406 0.5165072859744991 0.32855191256830596 0.5162795992714025 0.3309995446265938
0 0.513091985428051 0.3397085610200365 0.5117827868852459 0.33948087431693985 0.5095059198542805 0.3381716757741348 0.5093351548269581 0.33572404371584696 0.510985883424408 0.3341302367941712 0.5129212204007286 0.3338456284153006 0.5150273224043715 0.3357809653916211 0.5148565573770492 0.3385701275045537
0 0.5031306921675774 0.3393670309653916 0.5017076502732241 0.33942395264116576 0.49937386156648456 0.3385132058287796 0.49891848816029144 0.33726092896174864 0.4988615664845173 0.3360086520947177 0.49920309653916217 0.3343579234972678 0.5006830601092896 0.3334471766848816 0.5035860655737705 0.3335040983606557 0.5044968123861566 0.33549635701275043 0.505066029143898 0.3372040072859745
0 0.5033583788706739 0.34733606557377056 0.5011384335154827 0.3476206739526412 0.4990323315118397 0.3460837887067395 0.49840619307832423 0.3447745901639344 0.4986338797814208 0.34244080145719485 0.5006830601092896 0.3414162112932605 0.5031876138433515 0.34153005464480873 0.5045537340619307 0.3435223132969035
0 0.5116120218579234 0.347962204007286 0.5094489981785063 0.3469945355191257 0.5081967213114754 0.3455714936247723 0.5083105646630237 0.3432377049180328 0.5100751366120219 0.34181466302367935 0.5128642987249545 0.34204234972677594 0.5142873406193078 0.3432946265938069 0.5142873406193078 0.34551457194899815 0.5132058287795993 0.34756375227686703
0 0.703683574879227 0.8817028985507246 0.7016304347826087 0.8807367149758454 0.7006038647342995 0.8783212560386473 0.7013888888888888 0.8760869565217392 0.7032004830917874 0.875 0.7059782608695652 0.8758454106280193 0.7068236714975845 0.8788043478260869 0.7056159420289855 0.8814009661835748
0 0.706159420289855 0.8734903381642513 0.7040458937198066 0.8733091787439614 0.7021135265700482 0.8711352657004832 0.7021135265700482 0.8695652173913043 0.7035628019323671 0.8677536231884059 0.7067028985507245 0.8677536231884059 0.7078502415458936 0.8693236714975846 0.7079106280193236 0.8708937198067633
0 0.7070652173913042 0.8656400966183575 0.705012077294686 0.8652777777777777 0.7035628019323671 0.8636473429951692 0.7033212560386473 0.8625 0.7039251207729468 0.8607487922705315 0.7051328502415458 0.8600241545893721 0.7068840579710144 0.859782608695652 0.7088164251207728 0.8610507246376813 0.7091183574879226 0.8635265700483091
0 0.7077898550724636 0.8578502415458937 0.7053140096618357 0.8570652173913044 0.7047705314009661 0.854891304347826 0.7053140096618357 0.8532004830917874 0.7064613526570048 0.852234299516908 0.7081521739130434 0.8518719806763284 0.7103260869565217 0.8526570048309178 0.7106884057971014 0.8553743961352657 0.7104468599033815 0.8576086956521739
0 0.6981966845878136 0.879312275985663 0.6955645161290323 0.8794242831541218 0.6948364695340501 0.8783602150537634 0.694668458781362 0.8758400537634409 0.6959005376344085 0.8752240143369175 0.6981406810035842 0.8755040322580644 0.6993727598566307 0.8768481182795698
0 0.6985327060931898 0.8735439068100358 0.6966285842293907 0.8733198924731181 0.6956205197132616 0.8720878136200717 0.6955645161290323 0.8706317204301075 0.6968525985663082 0.869287634408602 0.6988127240143368 0.8690076164874552 0.7001008064516128 0.8707997311827955 0.6993727598566307 0.872703853046595
0 0.699260752688172 0.8678315412186379 0.6976366487455196 0.8674395161290321 0.6966285842293907 0.8659834229390679 0.69668458781362 0.8642473118279569 0.6980286738351253 0.8631272401433692 0.6999327956989247 0.863407258064516 0.7009408602150536 0.8648633512544802 0.7010528673835125 0.866543458781362
0 0.7004928315412186 0.8620071684587812 0.6985887096774193 0.8618951612903225 0.6976366487455196 0.8605510752688171 0.6975806451612903 0.8585349462365591 0.6983086917562723 0.8576948924731181 0.7001008064516128 0.8575268817204301 0.7016689068100358 0.8583669354838709 0.7020049283154121 0.8600470430107526
0 0.7016689068100358 0.8563508064516128 0.699540770609319 0.8561267921146952 0.6982526881720429 0.853942652329749 0.6988687275985662 0.8524305555555555 0.7004368279569891 0.8515344982078852 0.7023969534050178 0.8520385304659497 0.7030129928315412 0.853662634408602 0.7028449820788529 0.8561267921146952
0 0.7041890681003583 0.8482862903225805 0.7023969534050178 0.8474462365591396 0.7012208781362006 0.845486111111111 0.7021169354838709 0.8436939964157705 0.7049171146953404 0.8433579749103942 0.7064852150537633 0.8454301075268817
0 0.7097894265232974 0.8493503584229389 0.7078853046594982 0.8481742831541218 0.7072132616487454 0.8462701612903225 0.7081653225806451 0.8448140681003584 0.7106294802867382 0.8443100358422938 0.7122535842293907 0.8472222222222221
0 0.7085661080074488 0.819366852886406 0.7071112662942273 0.8190176908752327 0.7065293296089385 0.818028398510242 0.7062965549348231 0.8158752327746741 0.7072858472998138 0.8147695530726257 0.709788175046555 0.8147695530726257 0.7110684357541899 0.8166317504655494 0.7104864990689013 0.8191340782122905
