0 0.014120370370370368 0.7280092592592592 0.01674382716049383 0.724537037037037 0.021913580246913575 0.7239969135802469 0.025077160493827164 0.7269290123456789 0.025540123456790114 0.7324845679012345 0.01944444444444444 0.7358024691358024 0.01481481481481482 0.7331018518518518
0 0.006558641975308639 0.7083333333333333 0.007947530864197533 0.7040123456790123 0.012345679012345675 0.7016203703703703 0.018904320987654325 0.7037037037037036 0.020679012345679006 0.7110339506172839 0.01450617283950617 0.716358024691358 0.007947530864197533 0.7147376543209876
0 0.00015432098765432538 0.6878086419753086 0.0013888888888888928 0.6841049382716049 0.006018518518518524 0.68179012345679 0.010108024691358028 0.6827932098765431 0.013348765432098765 0.6868055555555556 0.012731481481481488 0.6919753086419753 0.0070987654320987656 0.6963734567901234 0.0006944444444444405 0.6950617283950616
0 0.17233248873873877 0.6514287725225226 0.1761331644144144 0.6479096283783784 0.18176379504504506 0.6482615427927928 0.18514217342342343 0.6538921734234234 0.18091920045045043 0.6603673986486487 0.17359938063063066 0.6590301238738738
0 0.162549268018018 0.6393932995495496 0.16656109234234237 0.6326365427927928 0.17324746621621623 0.6341145833333334 0.1757108671171171 0.6398155968468469 0.17148789414414414 0.6447423986486487 0.165575731981982 0.6444608671171171
0 0.19471424549549549 0.6387598536036037 0.1988668355855856 0.6346072635135136 0.20548282657657657 0.635522240990991 0.20766469594594597 0.6417159346846847 0.20224521396396397 0.6465019707207208 0.19654420045045048 0.6453054617117118
0 0.18619791666666666 0.622853322072072 0.19056165540540543 0.6194045608108109 0.19647381756756757 0.6206714527027027 0.19816300675675677 0.6270059121621622 0.19330658783783786 0.6312992680180181 0.18753519144144146 0.6289766328828829
0 0.2091427364864865 0.6096213400900901 0.21259149774774774 0.6053983671171171 0.21920748873873877 0.6070171734234234 0.22124859234234237 0.6137739301801802 0.21639217342342343 0.617504222972973 0.21132460585585586 0.6167300112612613
0 0.24419341216216214 0.6082136824324325 0.24588260135135134 0.6039203265765766 0.24996480855855854 0.6027238175675675 0.2547508445945946 0.6059614301801802 0.2543285472972973 0.6117328265765766 0.24679757882882883 0.612718186936937
0 0.00746681415929211 0.5083886430678466 0.010693215339233113 0.502212389380531 0.01862094395280244 0.501198377581121 0.02433628318584078 0.5093104719764012 0.019911504424778837 0.5165929203539823 0.01078539823008858 0.5172382005899705
0 0.03134218289085554 0.49262536873156343 0.034660766961652 0.48737094395280234 0.0417588495575222 0.48608038348082594 0.04728982300884964 0.49262536873156343 0.04452433628318591 0.5007374631268436 0.03613569321533931 0.5024889380530974 0.03263274336283192 0.49935471976401175
0 0.03788716814159299 0.5234144542772862 0.038440265486725744 0.5166851032448377 0.04673672566371689 0.5125368731563422 0.05263643067846614 0.5172382005899705 0.05328171091445435 0.5238753687315635 0.048856932153392416 0.5286688790560472 0.04120575221238945 0.5288532448377581
0 0.06849188790560479 0.5001843657817109 0.07190265486725671 0.49446902654867253 0.07992256637168148 0.4941002949852507 0.08499262536873164 0.5004609144542773 0.08287241887905612 0.5077433628318584 0.07300884955752221 0.5099557522123894 0.0697824483775812 0.5047013274336284
0 0.054941002949852574 0.4790744837758112 0.05540191740412987 0.4731747787610619 0.061485988200590036 0.46875 0.06738569321533931 0.47068584070796454 0.07088864306784667 0.47704646017699115 0.06858407079646024 0.4825774336283186 0.061301622418879126 0.48543510324483774 0.05696902654867265 0.4830383480825959
0 0.05872584541062803 0.5417169887278583 0.05872584541062803 0.5361815619967794 0.06345611916264092 0.5321557971014492 0.0702999194847021 0.5332628824476651 0.07513083735909824 0.5393015297906603 0.07170893719806765 0.5470511272141707 0.06255032206119164 0.5485607890499196
0 0.08298107890499194 0.5277274557165862 0.08328301127214172 0.5214875201288245 0.08942230273752014 0.5178643317230274 0.09626610305958132 0.5192733494363929 0.09918478260869566 0.5254126409017714 0.09727254428341386 0.5326590177133655 0.08871779388083736 0.5345712560386474
0 0.10633051529790662 0.5114231078904992 0.10814210950080518 0.5054851046698874 0.11548913043478261 0.5028683574879227 0.12042069243156202 0.5048812399355878 0.1232387278582931 0.5115237520128825 0.12142713365539455 0.5166566022544284 0.11176529790660225 0.5190720611916264
0 0.15949754901960786 0.4794730392156863 0.15912990196078433 0.4733455882352941 0.1645220588235294 0.4690563725490196 0.1707720588235294 0.4681985294117647 0.17653186274509805 0.4737132352941177 0.17542892156862747 0.482046568627451 0.1647671568627451 0.4849877450980392
0 0.18351715686274508 0.4612132352941177 0.1863357843137255 0.4565563725490196 0.1943014705882353 0.4541053921568627 0.200796568627451 0.4608455882352941 0.199203431372549 0.46832107843137255 0.1868259803921569 0.47175245098039215
0 0.20767914653784222 0.44932568438003223 0.21110104669887278 0.44217995169082125 0.21804549114331725 0.4403683574879227 0.2245873590982287 0.4443941223832528 0.22488929146537842 0.45264694041867953 0.21885064412238325 0.45707528180354273 0.20979267310789051 0.4551630434782609
0 0.1686292270531401 0.4385567632850242 0.1716485507246377 0.4316123188405797 0.18110909822866347 0.4301026570048309 0.18704710144927536 0.4370471014492754 0.18352455716586155 0.44519927536231885 0.17547302737520132 0.4475140901771337
0 0.19368961352657005 0.4263788244766506 0.19650764895330114 0.41822665056360714 0.2059681964573269 0.4170189210950081 0.2121074879227053 0.42476851851851855 0.2067733494363929 0.4327194041867955 0.19922504025764895 0.43251811594202905
0 0.155444847020934 0.41802536231884063 0.15564613526570048 0.4094706119162641 0.1635970209339775 0.40584742351046704 0.1714472624798712 0.4087661030595814 0.1720511272141707 0.4179247181964574 0.16490539452495975 0.42315821256038644
0 0.17980072463768115 0.4013184380032206 0.18080716586151369 0.3951791465378422 0.1869464573268921 0.39155595813204513 0.19479669887278586 0.3940720611916264 0.19791666666666666 0.4027274557165862 0.18976449275362317 0.40916867954911434 0.18090780998389694 0.4045390499194847
0 0.24906517094017094 0.4256143162393162 0.2516025641025641 0.4213408119658119 0.25734508547008544 0.42000534188034183 0.2618856837606838 0.42481303418803423 0.26014957264957267 0.4316239316239317 0.2516025641025641 0.4314903846153845
0 0.23771367521367517 0.406116452991453 0.24145299145299143 0.3998397435897436 0.24813034188034186 0.40104166666666663 0.25053418803418803 0.406650641025641 0.2473290598290598 0.4117254273504273 0.24145299145299143 0.4122596153846153
0 0.30114850427350426 0.39623397435897434 0.3038194444444444 0.39249465811965817 0.3099626068376068 0.391159188034188 0.31356837606837606 0.3969017094017093 0.3102297008547008 0.4018429487179487 0.3036858974358974 0.4026442307692307
0 0.28899572649572647 0.3762019230769231 0.29139957264957267 0.37179487179487175 0.2983440170940171 0.37072649572649574 0.3022168803418803 0.37566773504273504 0.2984775641025641 0.3816773504273504 0.2915331196581197 0.3823450854700855
0 0.34188034188034183 0.37179487179487175 0.34508547008547 0.3679220085470085 0.35149572649572647 0.36778846153846156 0.3545673076923077 0.3735309829059829 0.3482905982905983 0.3800747863247863 0.34348290598290593 0.37660256410256415
0 0.3088942307692308 0.3656517094017093 0.31076388888888884 0.36071047008547 0.3174412393162393 0.3588408119658119 0.32264957264957267 0.3624465811965812 0.32198183760683763 0.3695245726495726 0.312900641025641 0.37179487179487175
0 0.2922794117647059 0.333729815455594 0.2937932525951557 0.3290441176470588 0.2992719146482122 0.32789071510957324 0.3039576124567474 0.3307742214532872 0.3033809111880046 0.3372621107266436 0.29588379469434833 0.3398572664359861 0.29321655132641294 0.3369737600922722
0 0.26115369496855345 0.46408215408805026 0.261939858490566 0.45965998427672955 0.2659689465408805 0.45779284591194963 0.26960495283018865 0.45985652515723263 0.2708824685534591 0.464376965408805 0.26606721698113206 0.4678164308176101 0.2624312106918239 0.466440644654088
0 0.27599253144654085 0.4567118710691824 0.2762873427672956 0.4525845125786163 0.2798250786163522 0.44973466981132076 0.2851316823899371 0.450127751572327 0.28749017295597484 0.4546481918238993 0.28522995283018865 0.4600530660377358 0.27825275157232704 0.45985652515723263
0 0.26862224842767296 0.4825569968553459 0.2679343553459119 0.47852790880503143 0.27078419811320753 0.4750884433962264 0.2764838836477987 0.4747936320754717 0.2795302672955975 0.47970715408805026 0.2783510220125786 0.4849154874213836 0.27147209119496857 0.4856033805031446
0 0.28591784591194963 0.4698801100628931 0.2872936320754717 0.466440644654088 0.2922071540880503 0.465064858490566 0.29594143081761004 0.46899567610062887 0.2926002358490566 0.4747936320754717 0.2873919025157232 0.47272995283018865
0 0.2808077830188679 0.494251179245283 0.2836576257861635 0.48953419811320753 0.2902417452830188 0.48992727987421386 0.2922071540880503 0.49503734276729555 0.2862126572327044 0.49985259433962265 0.28267492138364775 0.49798545597484273
0 0.2957448899371069 0.48766705974842767 0.2964327830188679 0.48285180817610057 0.30114976415094336 0.48118121069182385 0.30547366352201255 0.48442413522012573 0.3029186320754717 0.4907134433962264 0.2977102987421384 0.4906151729559748
0 0.3295210481099657 0.49672465635738833 0.3304875429553265 0.4925365120274913 0.3353200171821306 0.4915700171821305 0.3396155498281787 0.4947916666666667 0.337682560137457 0.5000536941580755 0.33242053264604815 0.5005906357388316
0 0.3416559278350515 0.48738187285223367 0.34101159793814434 0.48265678694158076 0.34595146048109965 0.48007946735395185 0.35013960481099654 0.4821198453608247 0.35110609965635736 0.48791881443298973 0.3449849656357388 0.490710910652921
0 0.33156142611683853 0.468481529209622 0.3328500859106529 0.4634342783505155 0.3382498204022989 0.4629355244252874 0.3409886853448276 0.4661233836206897 0.339776400862069 0.4707031250000001 0.33438846982758624 0.4718705100574713
0 0.3554054054054054 0.47291666666666665 0.35619369369369364 0.4686936936936937 0.35940315315315313 0.4664977477477477 0.3633445945945945 0.46689189189189184 0.3658783783783784 0.47072072072072063 0.3656531531531531 0.47494369369369366 0.35929054054054055 0.47747747747747743
0 0.36728603603603605 0.4664977477477477 0.3677927927927928 0.46255630630630623 0.3704954954954955 0.4606418918918918 0.3747747747747747 0.46097972972972967 0.37685810810810805 0.4654842342342342 0.3744369369369369 0.4695945945945945 0.3684684684684684 0.4689189189189189
0 0.3198558451816746 0.44969391785150087 0.3212381516587678 0.4456457345971564 0.326076224328594 0.4439672195892575 0.3305193522906793 0.44653436018957343 0.330815560821485 0.4522610584518168 0.3265699052132702 0.45621050552922593 0.32143562401263825 0.45423578199052134
0 0.31185821484992104 0.4347847551342812 0.31294431279620855 0.43103278041074256 0.31669628751974727 0.4291567930489732 0.31975710900473936 0.43034162717219593 0.32113941548183256 0.43438981042654035 0.31886848341232227 0.4384379936808847 0.3141291469194313 0.4386354660347552
0 0.3451576576576577 0.44388138138138145 0.34572072072072074 0.44050300300300305 0.3496621621621622 0.4378753753753754 0.35360360360360366 0.43947072072072074 0.3558558558558559 0.44472597597597596 0.352195945945946 0.4486674174174175 0.34722222222222227 0.44801051051051055
0 0.33277027027027034 0.4222034534534535 0.33408408408408413 0.4174174174174175 0.3393393393393394 0.41619744744744747 0.34290540540540543 0.41957582582582587 0.341966966966967 0.4255818318318319 0.3353978978978979 0.42652027027027034
0 0.366647897897898 0.43055555555555564 0.368993993993994 0.4262387387387388 0.3746246246246247 0.4259572072072072 0.37781531531531537 0.43102477477477485 0.3738738738738739 0.43609234234234234 0.36805555555555564 0.43459084084084093
0 0.41235977564102566 0.4432759081196581 0.4125600961538462 0.4390691773504273 0.4168336004273504 0.4370659722222222 0.42084001068376065 0.4390024038461538 0.4210403311965812 0.4442107371794871 0.4156316773504273 0.44628071581196577
0 0.436240468409586 0.4281726579520697 0.4369212962962963 0.4261642156862745 0.43950844226579516 0.4251089324618736 0.44141476034858385 0.42602805010893247 0.4420615468409586 0.4281726579520697 0.44080201525054463 0.4302832244008714 0.4375 0.4304874727668845
0 0.42711737472766886 0.4266748366013072 0.42796840958605664 0.4244961873638344 0.4312023420479303 0.42422385620915026 0.4320874183006536 0.4264365468409586 0.4313044662309368 0.42824074074074076 0.42851307189542487 0.4288875272331155
0 0.4465537383177571 0.41274013499480794 0.44784939002511664 0.4104211517761034 0.4501143702906351 0.41019689630426986 0.45145990312163625 0.4111163437387873 0.45193083961248653 0.4132467707212056 0.45009194474345177 0.41486141011840694 0.44742330462863306 0.4140765159669897
0 0.36381880733944955 0.53125 0.3657938328236493 0.5267902650356778 0.3715914882772681 0.5257071865443425 0.37579638124362896 0.5299120795107033 0.37509556574923547 0.534881498470948 0.369552752293578 0.5379396024464832 0.36483817533129465 0.5360282874617737
0 0.3764334862385321 0.5260894495412844 0.377006880733945 0.519782110091743 0.38204001019367995 0.5164691641182467 0.3891755861365953 0.5180619266055045 0.3928707951070336 0.5245603975535168 0.38771024464831805 0.5315685524974515 0.3787907747196738 0.5301669215086646
0 0.36617609582059124 0.5083142201834862 0.3673228848114169 0.5023891437308867 0.37184633027522934 0.4992673292558614 0.3787270642201835 0.4997133027522936 0.38204001019367995 0.5045553007135576 0.3814666156982671 0.5113723241590213 0.37235601427115184 0.5148126911314985 0.3673865953109072 0.5111811926605505
0 0.35707438650306755 0.5622124233128835 0.3577773517382413 0.5579946319018405 0.362314672801636 0.5557579243353784 0.36678808793456036 0.5570999488752557 0.36889698364008183 0.561381646216769 0.36736324130879355 0.5654077198364009 0.36116436605316976 0.5673248977505113 0.3581607873210635 0.5653438139059305
0 0.37222633136094674 0.5758752465483234 0.37493836291913213 0.5720537475345168 0.38073224852071 0.5709442800788955 0.3850468441814596 0.5751356015779093 0.38332100591715973 0.5811760355029586 0.37518491124260356 0.5830251479289941 0.3730892504930967 0.5805596646942801
0 0.43739504617968084 0.5469668345927791 0.4391267842149455 0.5439231738035265 0.4426952141057935 0.5427162048698572 0.4469458438287154 0.5435033585222503 0.4491498740554156 0.5488035264483627 0.4462636439966415 0.5524769101595298 0.439284214945424 0.5526868178001679 0.4376574307304785 0.5502204030226701
0 0.46251211240310086 0.5340358527131783 0.46529796511627913 0.5300993217054264 0.4705668604651163 0.5302204457364342 0.4734132751937985 0.5345203488372093 0.47014292635658916 0.5384568798449613 0.464389534883721 0.5381540697674418
0 0.45741758241758246 0.5234088827838829 0.4588484432234432 0.5204326923076924 0.4630265567765568 0.5195741758241759 0.466632326007326 0.5223214285714286 0.46600274725274726 0.5271863553113554 0.4599931318681319 0.5286744505494506 0.457760989010989 0.5265567765567766
0 0.4396507447354905 0.4940613764766308 0.44051746276322545 0.49107601438109916 0.443246019517206 0.48950308166409856 0.4466486902927581 0.48988828967642517 0.4488315356959424 0.492520544427324 0.4478364149974319 0.4963726245505906 0.44414483821263484 0.4984270672829994 0.4408063687724704 0.49672573189522345
0 0.4302325581395349 0.4762919896640827 0.43142764857881144 0.47341731266149867 0.43475452196382436 0.47222222222222227 0.4378229974160207 0.4734819121447029 0.4395994832041344 0.476388888888889 0.437984496124031 0.4800064599483204 0.4335271317829458 0.4815245478036176 0.43091085271317825 0.47932816537467704
0 0.4222034534534535 0.7146208708708709 0.4248310810810811 0.706174924924925 0.43459084084084093 0.7042042042042043 0.44012762762762764 0.7102102102102101 0.43937687687687693 0.7197822822822824 0.4298048048048048 0.722972972972973
0 0.4757882882882883 0.7162162162162162 0.4780405405405405 0.709177927927928 0.484984984984985 0.7057057057057057 0.4955893393393394 0.709177927927928 0.49784159159159164 0.7165915915915917 0.4957770270270271 0.7225037537537538 0.48292042042042044 0.7260698198198198 0.4772897897897898 0.7204391891891893
0 0.4892703862660944 0.684728183118741 0.49052217453505004 0.6782904148783977 0.4964234620886981 0.6740879828326181 0.504738912732475 0.6757868383404865 0.5099248927038627 0.6853540772532188 0.5029506437768241 0.6926859799713877 0.49177396280400565 0.6910765379113019
0 0.4622965768799102 0.6439744668911336 0.46398007856341195 0.6401865881032548 0.46811868686868685 0.6373807519640853 0.47415123456790126 0.6377314814814815 0.4782898428731762 0.640537317620651 0.4789913019079686 0.6498667227833894 0.46797839506172845 0.6530232884399552 0.4628577441077441 0.648814534231201
0 0.3845874792703151 0.7387541459369817 0.3882151741293533 0.732431592039801 0.3981654228855722 0.7307732172470979 0.4031405472636816 0.7358519900497512 0.4035551409618574 0.744247512437811 0.39474502487562196 0.7504664179104478 0.3878005804311775 0.7474606135986732
0 0.36665630182421227 0.7102508291873963 0.36810737976782754 0.7033063847429519 0.37608830845771146 0.6999896351575456 0.382825456053068 0.7034100331674958 0.3864531509121062 0.7119092039800995 0.37805762852404645 0.718853648424544 0.3695584577114428 0.716677031509121
0 0.7019290123456788 0.5627314814814814 0.7045524691358024 0.5585648148148148 0.7107253086419753 0.5581018518518518 0.7138888888888888 0.5614197530864197 0.7126543209876542 0.5681327160493826 0.7074845679012345 0.5695987654320988 0.7026234567901234 0.5669753086419753
0 0.6960648148148147 0.5003086419753086 0.6969907407407406 0.49760802469135795 0.699537037037037 0.4959104938271604 0.7037037037037036 0.4969135802469135 0.7043209876543209 0.5011574074074073 0.701003086419753 0.5036265432098764 0.6972993827160493 0.5022376543209875
0 0.691625816993464 0.4939133986928105 0.6923611111111111 0.4921977124183006 0.6948937908496732 0.4915849673202614 0.6962418300653594 0.4929738562091503 0.696609477124183 0.4953839869281046 0.6942401960784313 0.49665032679738563 0.6920751633986928 0.4957107843137255
0 0.6925981429243065 0.48573401504466385 0.6935384344146686 0.48394158439116125 0.6961536201222378 0.48353020686412784 0.6973583685942641 0.48479372355430184 0.6970645275035261 0.4872032204983545 0.6951839445228021 0.4881435119887164 0.6935090503055947 0.4874089092618711
0 0.6968000705218618 0.4823548425011754 0.6977403620122238 0.48100317348377997 0.7001204748472026 0.4810913258110014 0.7014427597555243 0.48253114715561823 0.7010313822284908 0.484441114245416 0.6991801833568406 0.48532263751763044 0.6975640573577809 0.48479372355430184 0.6968294546309356 0.48347143864598024
0 0.6962174940898345 0.4917503940110323 0.696414499605989 0.4899034672970843 0.6976457840819543 0.4890661938534279 0.6993695823483058 0.4891154452324666 0.7007486209613869 0.4902728526398739 0.7006008668242711 0.49229215918045705 0.6993449566587864 0.49369582348305757 0.6971286446020488 0.4928339243498818
0 0.7128635346756151 0.4837248322147651 0.7134787472035794 0.4824664429530201 0.7149049217002237 0.4818512304250559 0.7168903803131991 0.48218680089485455 0.717645413870246 0.4837807606263982 0.7170581655480984 0.4861856823266219 0.7153523489932886 0.48654921700223713 0.7131152125279642 0.4854865771812081
0 0.7100437242798354 0.47951388888888896 0.7110982510288066 0.4775077160493828 0.7135931069958849 0.4771733539094651 0.7151363168724281 0.47848508230452685 0.7146219135802471 0.4812885802469137 0.7123328189300412 0.48188014403292184 0.7106867283950618 0.4811856995884774
0 0.7053929324894515 0.4693433544303797 0.7064741561181435 0.46818301687763714 0.7081882911392405 0.4680511603375528 0.709585970464135 0.46929061181434595 0.7097178270042194 0.471004746835443 0.7083992616033755 0.4723760548523207 0.7062368143459916 0.4717431434599156 0.7054456751054852 0.4705300632911392
0 0.7026486280487805 0.4655106707317073 0.7032202743902439 0.46382748983739847 0.7055386178861789 0.4634146341463415 0.7070947662601627 0.46458968495934966 0.7071582825203253 0.4670033028455285 0.7054751016260163 0.4678290142276423 0.7032202743902439 0.4670350609756098
0 0.6999235474006117 0.4608726518130188 0.7003877238968983 0.4591797728265618 0.702599388379205 0.45836063783311487 0.7047564438619485 0.46005351681957185 0.704292267365662 0.46226518130187855 0.7019167758846658 0.4632208387942333 0.7006334643949323 0.46245631280034954
0 0.7232201443569555 0.47305610236220474 0.724614501312336 0.4715387139107612 0.7278133202099738 0.4697752624671916 0.7311761811023623 0.47248195538057747 0.7308070866141733 0.47707513123359585 0.7278133202099738 0.47896161417322836 0.724245406824147 0.4776492782152231
0 0.7183271011396012 0.46507745726495725 0.7201522435897436 0.4624955484330485 0.724826388888889 0.4634748931623932 0.726028311965812 0.46725872507122507 0.7235354344729344 0.4700186965811966 0.7191728988603988 0.46952902421652426 0.7185941951566952 0.4677929131054131
0 0.7124510327635328 0.45586271367521375 0.7147658475783476 0.45363693019943024 0.7193064458689459 0.4549724002849003 0.7198406339031339 0.4583555911680912 0.7180600071225072 0.4612936253561254 0.7141426282051283 0.46138265669515677 0.7122729700854702 0.4594239672364673
0 0.7338370500782474 0.48970559467918623 0.7362333724569641 0.48652679968701096 0.7403902582159625 0.4867713223787168 0.74239534428795 0.49102601721439754 0.7402435446009391 0.49449823943661975 0.734668427230047 0.4940580985915493 0.7338859546165885 0.4920041079812207
0 0.7753405448717948 0.5338207799145298 0.7788127670940169 0.5296808226495725 0.78515625 0.5293469551282051 0.7896968482905982 0.5349559294871795 0.7878271901709402 0.5419003739316238 0.7816172542735043 0.543903579059829 0.7760082799145298 0.5402310363247863
0 0.7580071174377224 0.4883600237247924 0.7603054567022538 0.48324436536180315 0.7662366548042705 0.4810201660735469 0.7720195729537367 0.4844306049822064 0.7726868327402134 0.49191874258600243 0.7687574139976275 0.4956257413997628 0.7604537366548043 0.49577402135231324
0 0.7963374851720049 0.520685053380783 0.799228944246738 0.5161625148279952 0.8045670225385528 0.5148279952550415 0.8102016607354685 0.5186091340450771 0.8099792408066429 0.5263938315539739 0.8051601423487545 0.5294335705812574 0.7982651245551602 0.5275059311981021
0 0.8144698183760684 0.5071781517094016 0.8184094551282052 0.5031049679487178 0.8254874465811965 0.5027711004273504 0.8292935363247862 0.5092481303418803 0.8284922542735043 0.5149238782051282 0.8197449252136751 0.5177283653846154 0.8160056089743589 0.5145232371794871
0 0.7985777243589742 0.4898838141025641 0.8009815705128205 0.4843416132478632 0.8082598824786325 0.4829393696581196 0.8140024038461537 0.4886151175213675 0.8126001602564101 0.49562633547008544 0.8061231303418803 0.49843082264957256 0.8009815705128205 0.4958266559829059
0 0.7784334763948497 0.474964234620887 0.7814735336194563 0.4685264663805436 0.7896101573676679 0.4675429184549356 0.7954220314735336 0.4748748211731044 0.7902360515021458 0.4822067238912732 0.7824570815450643 0.4822961373390558
0 0.8400297619047619 0.45804716117216115 0.8448374542124543 0.4546130952380953 0.8514766483516483 0.45747481684981683 0.851820054945055 0.46434294871794873 0.8450663919413919 0.4680059523809524 0.8399152930402931 0.4634271978021979
0 0.8243475274725275 0.43709935897435903 0.8269803113553114 0.43252060439560436 0.8341918498168498 0.43206272893772896 0.8368246336996337 0.4395032051282052 0.8327037545787547 0.4441964285714286 0.8258356227106227 0.4425938644688645
0 0.8704312865497076 0.4060672514619883 0.8726242690058479 0.401498538011696 0.8787463450292397 0.4006761695906433 0.8828581871345028 0.40551900584795325 0.8804824561403509 0.411732456140351 0.8729897660818712 0.4123720760233919
0 0.8542770906949352 0.3837234982332155 0.8570008833922261 0.3781286808009423 0.8632582449941107 0.3773189045936396 0.8675279740871614 0.38328180212014135 0.8643624852767962 0.3888766195524146 0.8578842756183744 0.38917108362779745
0 0.9032807632398753 0.4080510124610592 0.9075642523364484 0.4039622274143302 0.9149630062305295 0.40600661993769466 0.915352414330218 0.4141841900311526 0.9094139408099687 0.4162285825545171 0.9044489875389407 0.41369742990654196
0 0.8907223520249221 0.3907223520249221 0.8926693925233644 0.38575739875389403 0.8988025700934579 0.3851732866043613 0.9024045950155762 0.38994353582554514 0.9002628504672896 0.39578465732087226 0.8935455607476634 0.39578465732087226
0 0.8774824766355139 0.37242017133956384 0.8793321651090341 0.3669684579439252 0.8850759345794391 0.3649240654205607 0.8896514797507787 0.3699863707165109 0.8885806074766354 0.375827492211838 0.8824474299065419 0.3776771806853582
0 0.9234247967479676 0.39537601626016267 0.9270833333333334 0.39151422764227645 0.9327743902439025 0.39222560975609755 0.935518292682927 0.3971036585365854 0.9325711382113823 0.4023882113821139 0.9245426829268293 0.402489837398374
0 0.9098069105691057 0.37901422764227644 0.9119410569105693 0.3724085365853659 0.919359756097561 0.3714939024390244 0.9223069105691056 0.3782012195121952 0.9190548780487806 0.38328252032520327 0.9123475609756097 0.38328252032520327
0 0.896900406504065 0.3578760162601626 0.9009654471544716 0.3526930894308944 0.9071646341463416 0.3537093495934959 0.9088922764227643 0.3596036585365854 0.9044207317073171 0.36468495934959355 0.898119918699187 0.36305894308943093
0 0.9288925438596489 0.36507675438596493 0.9317434210526314 0.3587171052631579 0.9388706140350876 0.3590460526315789 0.941611842105263 0.365734649122807 0.9378837719298244 0.3705592105263158 0.9324013157894736 0.3702302631578947
0 0.916392543859649 0.3449013157894737 0.9188048245614033 0.33952850877192975 0.9259320175438596 0.33985745614035084 0.929111842105263 0.34479166666666666 0.9262609649122805 0.35071271929824555 0.9190241228070174 0.3504934210526316
0 0.9362390350877191 0.3320723684210526 0.9385416666666665 0.32593201754385964 0.9461074561403506 0.3271381578947368 0.948410087719298 0.33349780701754383 0.9418311403508771 0.33876096491228064 0.9375548245614033 0.3358004385964912
0 0.9658478441127695 0.3685219734660034 0.966677031509121 0.3630286069651742 0.9745543117744611 0.36199212271973463 0.9792184908789386 0.3687292703150913 0.9733105306799337 0.3744299336650083 0.9669879767827528 0.3724606135986734
0 0.9526844941956881 0.34893242122719736 0.955068407960199 0.34333540630182424 0.9619092039800995 0.34385364842454397 0.9651223051409619 0.34955431177446106 0.9619092039800995 0.35390754560530685 0.9551720563847429 0.3538038971807629
0 0.9759017412935324 0.3328669154228856 0.9783893034825869 0.32737354892205645 0.9845045605306798 0.32685530679933666 0.9887541459369816 0.33255597014925375 0.984400912106136 0.33950041459369823 0.9787002487562187 0.3384639303482588
0 0.9994299336650082 0.3481032338308458 0.9966314262023216 0.3461339137645108 0.9918635986733002 0.3459266169154229 0.9896869817578772 0.3487251243781095 0.9890650912106135 0.3517309286898839 0.9895833333333334 0.35452943615257054 0.9913453565505803 0.3568097014925374 0.9937292703150913 0.35836442786069655 0.9967350746268657 0.3586753731343284 0.9987043946932007 0.3584680762852405
0 0.7790148448043185 0.3821693657219974 0.7812078272604588 0.3782894736842106 0.7874493927125507 0.37710863697705804 0.7914136302294197 0.3818319838056681 0.7893893387314441 0.38756747638326594 0.7842442645074225 0.3888326585695007 0.7808704453441295 0.38731443994601894
0 0.790738866396761 0.37407219973009453 0.7930161943319838 0.36993927125506076 0.7991734143049932 0.36960188933873145 0.8028002699055331 0.37424089068825916 0.8008603238866397 0.3793859649122807 0.7940283400809717 0.3805668016194333 0.791751012145749 0.37820512820512825
0 0.7688450899031811 0.247320193637621 0.7711791147994468 0.24550484094052555 0.7741182572614107 0.2461964038727524 0.7751556016597512 0.24913554633471643 0.7729944674965421 0.25138312586445366 0.7701417704011065 0.25077800829875513
0 0.7838834269662921 0.23718398876404498 0.7861072097378277 0.23583801498127344 0.7890917602996255 0.23712546816479402 0.7890917602996255 0.23987593632958795 0.786809456928839 0.24151451310861424 0.7845856741573033 0.2406952247191011
0 0.7872776217228463 0.2427434456928839 0.7895599250936328 0.24116338951310864 0.7924859550561797 0.24204119850187264 0.7927785580524345 0.2449672284644195 0.790496254681648 0.24660580524344566 0.7878043071161048 0.24590355805243444
0 0.8143611911623438 0.2253242074927954 0.8150216138328529 0.22352305475504322 0.817543227665706 0.22292267050912584 0.8197646493756003 0.22478386167146974 0.818924111431316 0.22736551392891452 0.8165225744476463 0.22820605187319884 0.8148414985590778 0.22724543707973102
0 0.8194044188280498 0.2208813640730067 0.8215658021133524 0.21926032660902975 0.824627761767531 0.2208813640730067 0.824627761767531 0.22346301633045149 0.8221661863592699 0.2245437079731028 0.820064841498559 0.2237632084534102
0 0.824207492795389 0.20989433237271854 0.8270893371757925 0.20869356388088378 0.8292507204610949 0.2103146013448607 0.8288304514889528 0.2130763688760807 0.8266090297790585 0.214157060518732 0.8243876080691642 0.2130763688760807
0 0.8275897226753671 0.21574225122349105 0.8290171288743884 0.21417890157694397 0.831600054377379 0.21441680261011423 0.8326876019575857 0.2164219684611202 0.8319738988580752 0.21842713431212615 0.829662860250136 0.21914083741163676 0.8280655247417075 0.2183251767264818
0 0.8484345351043643 0.19449715370018983 0.8500158127767234 0.19248102466793177 0.8533364958886781 0.19172991777356113 0.8558665401644528 0.1927577482605946 0.8572106261859583 0.1955645161290323 0.8561827956989247 0.19916192283364964 0.8530202403542062 0.20066413662239094 0.8500948766603416 0.19975490196078438 0.8483159392789373 0.19730392156862753
0 0.8568218954248367 0.19328703703703703 0.856776506899056 0.19006445170660857 0.8589551561365287 0.18743191721132899 0.8625862381989833 0.18729575163398698 0.8645833333333334 0.18920206971677564 0.8657634350036312 0.19233387799564275 0.8638571169208425 0.1952387436456064 0.8607253086419754 0.19632806826434282 0.8582743282498184 0.19569262890341327
0 0.8641294480755266 0.18534404502541763 0.866943536673929 0.18221223674655052 0.8708923384168484 0.1824845679012346 0.8728894335511984 0.1849809368191721 0.8729348220769789 0.18838507625272333 0.8703930646332607 0.19047294843863474 0.8660357661583153 0.1906091140159768 0.8646287218591141 0.18770424836601307
0 0.8726936705767351 0.18198619257086998 0.8728158602150536 0.17902309384164222 0.8755956744868033 0.17752627077223854 0.8788947947214075 0.1783205034213099 0.8805749022482892 0.18091703323558164 0.8798723118279569 0.18418560606060605 0.8762677174975562 0.18556023949169112 0.873885019550342 0.1843383431085044
0 0.8804617117117118 0.1776463963963964 0.8804617117117118 0.17468093093093093 0.8823385885885887 0.1725412912912913 0.8859797297297297 0.17239114114114115 0.8883445945945946 0.17516891891891892 0.8880442942942943 0.17847222222222223 0.8859421921921922 0.18012387387387388 0.8825262762762762 0.180274024024024
0 0.8566220238095237 0.17665178571428575 0.8576934523809522 0.1747172619047619 0.8607886904761903 0.17388392857142856 0.8637351190476189 0.1751934523809524 0.864955357142857 0.17816964285714287 0.8645089285714285 0.18037202380952386 0.8611755952380952 0.18236607142857145 0.8578125 0.18162202380952383 0.8565625 0.17888392857142857
0 0.8643253968253968 0.1721031746031746 0.8656349206349206 0.16956349206349206 0.8688492063492064 0.1684920634920635 0.8718650793650793 0.1697222222222222 0.8729761904761906 0.17353174603174604 0.8717063492063492 0.17626984126984127 0.8667857142857143 0.17662698412698413 0.8646825396825397 0.17476190476190476
0 0.8836150845253576 0.19568162115301257 0.8847800173385348 0.19394776766363242 0.8871098829648895 0.1931892067620286 0.8893313827481577 0.19492306025140876 0.8893855656697007 0.1977405721716515 0.887326614651062 0.199203511053316 0.8853760294755093 0.19893259644560032 0.8839130905938449 0.19746965756393584
0 0.8804453836150844 0.1899382314694408 0.8817457737321196 0.18852947550931945 0.8841298222800174 0.18880039011703512 0.8855656697009103 0.19031751192024274 0.8849425661031642 0.1924848287819679 0.883344169917642 0.1935143042912874 0.8811226701343736 0.19286410923276984 0.8805537494581707 0.19153662765496315
0 0.8880750868055556 0.18661385995370372 0.8892686631944445 0.18397352430555558 0.8924877025462964 0.18314163773148148 0.89501953125 0.18437138310185186 0.8960322627314815 0.18719256365740744 0.8950557002314815 0.18976056134259262 0.8913664641203705 0.19131582754629628 0.8884729456018519 0.18943504050925927
0 0.9006964457252642 0.1751320845341018 0.9035782901056676 0.17189000960614795 0.908321325648415 0.17170989433237271 0.910842939481268 0.17519212295869357 0.9113232468780019 0.17939481268011528 0.9070605187319886 0.1823967339097022 0.9024375600384247 0.1815561959654179 0.9008165225744478 0.17819404418828053
0 0.9178674351585014 0.16414505283381364 0.9205091258405379 0.1600624399615754 0.9259726224783862 0.16012247838616717 0.9286143131604226 0.16420509125840538 0.9272934678194044 0.16936839577329493 0.9214097022094141 0.1707492795389049 0.9189481268011527 0.1679875120076849
0 0.8792938931297709 0.14519720101781167 0.8821564885496183 0.13931297709923662 0.8909033078880406 0.13867684478371498 0.8964694656488549 0.1455152671755725 0.8946405852417303 0.15338740458015263 0.8864503816793894 0.1564090330788804 0.880486641221374 0.15330788804071244
0 0.8990139949109414 0.13303117048346055 0.904659669211196 0.12786259541984732 0.91404262086514 0.12993002544529259 0.9167461832061069 0.13748409669211198 0.9119751908396946 0.14432251908396948 0.9036259541984732 0.14448155216284986 0.8993320610687023 0.13986959287531806
