0 0.19960171568627458 0.5286458333333334 0.20128676470588241 0.5255821078431373 0.20664828431372556 0.5247395833333334 0.21040134803921576 0.5278799019607844 0.21063112745098048 0.5337775735294118 0.20542279411764716 0.5368412990196079 0.20090379901960792 0.5350030637254902 0.19967830882352947 0.5325520833333334
0 0.42784410112359544 0.5864349250936329 0.4307701310861423 0.5835088951310861 0.4368562734082397 0.5850304307116104 0.4388459737827715 0.5922869850187266 0.43299391385767794 0.5954470973782772 0.4279611423220973 0.5922869850187266
0 0.442942415730337 0.588190543071161 0.4463366104868913 0.5842111423220974 0.45242275280898875 0.5851474719101123 0.45359316479400746 0.5917017790262172 0.4494967228464419 0.5952130149812733 0.4431764981273408 0.5925210674157303
0 0.4602645131086142 0.5872542134831461 0.46342462546816476 0.5831577715355805 0.4704470973782771 0.5835088951310861 0.47302200374531833 0.5914676966292134 0.4684573970037453 0.595564138576779 0.46225421348314605 0.5938085205992509
0 0.4592111423220973 0.563377808988764 0.4629564606741573 0.558696161048689 0.4704470973782771 0.558813202247191 0.47384129213483145 0.5653675093632958 0.4702130149812733 0.5718047752808988 0.46225421348314605 0.5715706928838952
0 0.442123127340824 0.5631437265917603 0.4459854868913858 0.5584620786516854 0.4533590823970037 0.5601006554307115 0.4556999063670412 0.5674742509363295 0.44996488764044934 0.5714536516853932 0.44469803370786515 0.569815074906367
0 0.42784410112359544 0.5638459737827716 0.4304190074906367 0.5592813670411985 0.4377926029962546 0.5610369850187266 0.4386118913857678 0.5684105805243446 0.4342813670411985 0.5706343632958801 0.4287804307116104 0.5680594569288389
0 0.44698529411764704 0.5177696078431372 0.448063725490196 0.5162990196078431 0.4507598039215686 0.5159558823529412 0.4528676470588235 0.5179656862745098 0.4528676470588235 0.520906862745098 0.4503186274509804 0.522328431372549 0.44737745098039206 0.5211519607843137
0 0.45445601851851847 0.5184027777777778 0.45578703703703694 0.5164930555555555 0.4591435185185185 0.516261574074074 0.4607060185185185 0.5189236111111111 0.45989583333333334 0.5219907407407407 0.45607638888888885 0.5219907407407407 0.4548032407407407 0.5200810185185185
0 0.47861111111111115 0.4895833333333333 0.4830555555555556 0.4852777777777778 0.4891666666666667 0.4884722222222223 0.4893055555555556 0.4940277777777778 0.4845833333333333 0.4968055555555556 0.4802777777777778 0.49388888888888893
0 0.4290277777777778 0.44875 0.4309722222222223 0.44486111111111115 0.4355878496503497 0.444110576923077 0.4395214160839161 0.4466965326340327 0.44032269813519825 0.4521233974358975 0.4376117068811439 0.4552613941018767 0.4317470956210903 0.45548480786416445 0.42973637176050045 0.45291554959785524
0 0.4490058087578195 0.4486148346738159 0.4515750670241287 0.44554289544235925 0.45573562861869316 0.44650796112489655 0.45733819272125725 0.4502300454921423 0.455554693961952 0.4533834780810588 0.4515741315136476 0.4536678039702233 0.4498164805624483 0.4515224358974359
0 0.46435546875 0.4515380859375 0.4661051432291667 0.4497884114583333 0.4690348307291667 0.4498697916666667 0.4705810546875 0.4530436197916667 0.4695231119791667 0.4555257161458333 0.4661865234375 0.4562581380208333 0.4643147786458333 0.4540201822916667
0 0.4759521484375 0.4517415364583333 0.4772135416666667 0.4498697916666667 0.48095703125 0.449951171875 0.4824625651041667 0.4529622395833333 0.4810791015625 0.4558512369791667 0.4778645833333333 0.4557291666666667 0.4763997395833333 0.4543863932291667
0 0.46404288702928864 0.44347105997210595 0.46556834030683397 0.4416405160390516 0.46918584379358436 0.4414225941422594 0.4707112970711297 0.44412482566248246 0.4694909344490934 0.44761157601115753 0.46535041841004177 0.4475679916317991 0.4640864714086471 0.44551952580195253
0 0.47602859135285913 0.44085599721059965 0.4787308228730822 0.43893828451882844 0.4816509762900976 0.440681659693166 0.48195606694560666 0.4438633193863319 0.47921025104602505 0.4453887726638772 0.47724895397489536 0.4445606694560669
0 0.4665080022075056 0.42670391832229587 0.4678187086092715 0.4238755518763797 0.47119895143487867 0.42249586092715236 0.4747171633554084 0.4247723509933774 0.47492411699779247 0.4288424392935983 0.47195778145695366 0.43132588300220753 0.4683016004415011 0.43056705298013254
0 0.4578231292517007 0.42623299319727886 0.45875850340136054 0.42453231292517 0.4621173469387755 0.4236819727891156 0.464030612244898 0.426062925170068 0.46394557823129245 0.42912414965986395 0.46156462585034014 0.43031462585034014 0.4584608843537415 0.42946428571428574
0 0.4451530612244898 0.425595238095238 0.44753401360544215 0.42342687074829927 0.45136054421768707 0.42342687074829927 0.45331632653061227 0.42623299319727886 0.45293367346938773 0.4296343537414966 0.4495323129251701 0.4315051020408164 0.4463010204081633 0.43056972789115644
0 0.4288690476190476 0.42687074829931976 0.43103741496598647 0.42304421768707473 0.43533163265306124 0.42155612244897955 0.4386904761904762 0.4236394557823129 0.44005102040816324 0.42793367346938777 0.43809523809523804 0.43137755102040815 0.43218537414965985 0.43205782312925173
0 0.46813063063063065 0.4081644144144144 0.47060810810810805 0.4048986486486486 0.47522522522522515 0.404786036036036 0.47849099099099096 0.4085022522522523 0.4768018018018017 0.41379504504504505 0.4706644144144144 0.41463963963963957 0.46880630630630626 0.41109234234234227
0 0.4529842342342342 0.3931869369369369 0.45563063063063064 0.3902027027027027 0.46002252252252246 0.389527027027027 0.4628941441441441 0.392286036036036 0.4627815315315315 0.3968468468468468 0.4608671171171171 0.3994369369369369 0.45506756756756755 0.39870495495495495
0 0.4386506782945737 0.3938953488372094 0.4407097868217054 0.38989825581395354 0.4464631782945737 0.3899588178294574 0.4485828488372094 0.394077034883721 0.44767441860465124 0.3984375 0.4429505813953489 0.3998909883720931 0.4395591085271318 0.3978924418604652
0 0.3474813432835821 0.3323486733001659 0.3493470149253732 0.3296538142620233 0.35287106135986734 0.3291355721393035 0.3551513266998342 0.33224502487562196 0.3538038971807629 0.3372201492537314 0.34903606965174133 0.33618366500829194
0 0.36429398148148145 0.329224537037037 0.3663194444444444 0.3269675925925926 0.3699074074074074 0.3267939814814815 0.3717592592592593 0.3291087962962963 0.3719328703703703 0.3329282407407408 0.3695601851851852 0.33524305555555556 0.3657986111111111 0.3342592592592593 0.3644675925925926 0.3314814814814815
0 0.3657407407407407 0.3223958333333333 0.367650462962963 0.32025462962962964 0.37065972222222227 0.32025462962962964 0.37216435185185187 0.32355324074074077 0.37048611111111107 0.32621527777777776 0.36718750000000006 0.3257523148148148
0 0.36591435185185184 0.31614583333333335 0.36724537037037036 0.3139467592592593 0.3702546296296297 0.31365740740740744 0.3719328703703703 0.31614583333333335 0.3713541666666667 0.31851851851851853 0.36846064814814816 0.3193287037037037 0.3666666666666667 0.31811342592592595
0 0.35978009259259264 0.3160300925925926 0.36157407407407405 0.3143518518518519 0.36440972222222223 0.31516203703703705 0.36435185185185187 0.3186921296296296 0.361400462962963 0.3193287037037037
0 0.35694444444444445 0.2827546296296296 0.35879629629629634 0.28078703703703706 0.36238425925925927 0.2810185185185185 0.36348379629629635 0.28425925925925927 0.36215277777777777 0.2867476851851852 0.3580439814814815 0.28640046296296295
0 0.3673611111111111 0.28304398148148147 0.3689236111111111 0.2808449074074074 0.3726851851851852 0.2809027777777778 0.3735532407407407 0.284375 0.3719328703703703 0.28686342592592595 0.36846064814814816 0.2858796296296296
0 0.5346200980392156 0.6722426470588235 0.5390318627450981 0.6647671568627451 0.5493259803921569 0.663296568627451 0.5555759803921568 0.6684436274509804 0.5571691176470588 0.6782475490196078 0.5517769607843137 0.6854779411764707 0.5391544117647059 0.6859681372549019 0.5359681372549019 0.678860294117647
0 0.5358455882352942 0.6354779411764706 0.5401348039215687 0.6275122549019607 0.5500612745098039 0.6266544117647059 0.556188725490196 0.6357230392156863 0.5521446078431373 0.6450367647058823 0.5401348039215687 0.6458946078431373
0 0.5359681372549019 0.6001838235294118 0.5400122549019608 0.5928308823529411 0.5494485294117647 0.5912377450980393 0.5553308823529411 0.5988357843137255 0.553860294117647 0.6075367647058824 0.5428308823529412 0.6107230392156863 0.5368259803921568 0.6052083333333333
0 0.5358455882352942 0.5646446078431373 0.5416053921568627 0.5565563725490196 0.5527573529411764 0.5580269607843137 0.556188725490196 0.568688725490196 0.5499387254901961 0.5754289215686275 0.5396446078431373 0.5745710784313726
0 0.5821691176470588 0.6721200980392157 0.5878063725490196 0.6664828431372549 0.5966299019607844 0.6675857843137255 0.5990808823529412 0.6775122549019608 0.5922181372549019 0.6832720588235294 0.5842524509803921 0.6819240196078431
0 0.5824142156862745 0.6349877450980392 0.5863357843137255 0.6289828431372548 0.5944240196078431 0.628125 0.5989583333333334 0.635968137254902 0.5956495098039215 0.6434436274509804 0.5870710784313725 0.645281862745098 0.5836397058823529 0.6402573529411765
0 0.5818014705882353 0.6028799019607843 0.5869485294117648 0.5955269607843138 0.5969975490196078 0.596139705882353 0.600061274509804 0.6044730392156863 0.5940270390070922 0.6117575354609929 0.5849877450980392 0.6108455882352941
0 0.6258311170212766 0.6728169326241135 0.6291555851063829 0.6672761524822696 0.6377992021276595 0.6667220744680851 0.6421210106382979 0.6727061170212766 0.6407912234042553 0.6803523936170213 0.63458554964539 0.6833444148936171 0.626385195035461 0.6797983156028369
0 0.6259419326241136 0.6349179964539008 0.6301529255319149 0.6283798758865248 0.6391289893617021 0.6290447695035462 0.6424534574468085 0.6381316489361701 0.6366910460992907 0.6451130319148937 0.6287123226950354 0.6433399822695035
0 0.625498670212766 0.6005651595744681 0.6314827127659574 0.5950243794326241 0.640126329787234 0.5974623226950354 0.6423426418439717 0.6063275709219859 0.6358045212765957 0.6117575354609929 0.6270500886524822 0.6090979609929078
0 0.7192192192192192 0.5533971471471472 0.7236298798798799 0.5494557057057058 0.7303866366366366 0.5482357357357357 0.7366741741741741 0.5551801801801802 0.7351726726726727 0.5635322822822824 0.7257882882882882 0.5681306306306306 0.7191253753753754 0.5629692192192192
0 0.4415470157657658 0.2682643581081081 0.44337697072072074 0.267138231981982 0.4458403716216216 0.26798282657657657 0.44612190315315314 0.27072775900900903 0.44358811936936937 0.2722761824324324 0.4421100788288288 0.2706573761261261
0 0.7343383215962442 0.565030809859155 0.7371258802816902 0.5610695422535211 0.7425542840375587 0.5587221244131456 0.7493031103286386 0.5610695422535211 0.7517972417840376 0.5673048708920189 0.7505501760563381 0.5746405516431925 0.7439480633802819 0.5777215375586855 0.7367590962441315 0.5754474765258216 0.7336047535211269 0.569505575117371
0 0.5163338264299804 0.4686267258382643 0.522620808678501 0.4636957593688364 0.5297707100591715 0.4652983234714005 0.5330991124260355 0.4719551282051282 0.5298939842209073 0.47935157790927024 0.5196622287968442 0.4804610453648915 0.516457100591716 0.4754068047337279
0 0.5165803747534516 0.4431089743589744 0.5216346153846154 0.43793145956607493 0.5295241617357003 0.4389176528599605 0.5332223865877713 0.44557445759368836 0.5292776134122289 0.4532174556213018 0.5197855029585798 0.4532174556213018 0.5167036489151874 0.44730029585798814
0 0.516478825136612 0.4165812841530055 0.5226263661202186 0.41094603825136605 0.5303107923497268 0.41316598360655743 0.5332137978142077 0.420594262295082 0.52911543715847 0.42691256830601093 0.5216017759562842 0.42785177595628415 0.5171618852459017 0.4234118852459016
0 0.5177408854166666 0.39453125 0.5225423177083334 0.389892578125 0.5310872395833334 0.3924153645833333 0.5330403645833334 0.400634765625 0.5277506510416666 0.406005859375 0.5203450520833334 0.406494140625 0.51708984375 0.4010416666666667
0 0.5168478260869565 0.37472826086956523 0.522463768115942 0.36902173913043484 0.5309782608695652 0.37092391304347827 0.5329710144927536 0.38052536231884065 0.5260869565217392 0.3865942028985508 0.5166666666666667 0.38206521739130445
0 0.5166666666666667 0.35317028985507254 0.5227355072463767 0.347554347826087 0.53125 0.35018115942028993 0.5332427536231884 0.3597826086956522 0.5259057971014492 0.36512681159420296 0.5173913043478261 0.36231884057971014
0 0.5489878144654088 0.4726316823899371 0.5521324685534591 0.46879913522012573 0.5575373427672955 0.47066627358490565 0.5576356132075472 0.47636595911949686 0.5521324685534591 0.4781348270440251
0 0.5471206761006289 0.4333235062893081 0.5524272798742138 0.42899960691823896 0.559502751572327 0.4311615566037736 0.5596010220125787 0.4404972484276729 0.5529186320754718 0.4423643867924528 0.5476120283018867 0.4381387578616352
0 0.5482016509433962 0.4192708333333333 0.5524272798742138 0.4149469339622641 0.5585200471698113 0.41671580188679247 0.558814858490566 0.4230051100628931 0.5537047955974843 0.4260514937106918 0.5489878144654088 0.4224154874213837
0 0.5486930031446541 0.403940644654088 0.5528203616352201 0.4001080974842768 0.5586183176100629 0.40305621069182385 0.558814858490566 0.4089524371069182 0.5535082547169811 0.41131092767295596 0.5494791666666666 0.40846108490566035
0 0.5487912735849056 0.38900353773584906 0.5516411163522011 0.3851709905660377 0.5589131289308176 0.3880208333333333 0.5587165880503144 0.39431014150943394 0.5537047955974843 0.39715998427672955 0.5491843553459119 0.3933274371069182
0 0.5452535377358491 0.3545106132075472 0.5506584119496856 0.3476316823899371 0.5606819968553459 0.34959709119496857 0.5631387578616353 0.3599154874213837 0.5555719339622641 0.3655169025157232 0.546629323899371 0.3621757075471698
0 0.5729166666666666 0.4722506830601093 0.575563524590164 0.4689207650273225 0.5806010928961749 0.4694330601092897 0.5815403005464481 0.47523907103825136 0.5779542349726776 0.47865437158469953 0.5734289617486339 0.47660519125683065
0 0.5696721311475411 0.4520150273224044 0.5744535519125683 0.4462090163934426 0.5815403005464481 0.4466359289617487 0.5852971311475411 0.45389344262295084 0.5791495901639344 0.4608948087431694 0.5718920765027323 0.45841871584699456
0 0.5711236338797815 0.4347677595628415 0.5742827868852459 0.4296448087431694 0.581028005464481 0.4298155737704918 0.5847848360655739 0.4361338797814208 0.5797472677595629 0.44185450819672134 0.5741974043715847 0.44185450819672134
0 0.5724897540983607 0.4196550546448087 0.5735997267759564 0.4160689890710383 0.5800887978142077 0.41512978142076506 0.5832479508196722 0.4208504098360656 0.5796618852459017 0.4254610655737705 0.5741974043715847 0.4249487704918033
0 0.5721482240437159 0.4044569672131148 0.57599043715847 0.4001024590163934 0.5825648907103826 0.40274931693989074 0.5819672131147542 0.4100922131147541 0.5765027322404372 0.41162909836065575 0.5739412568306012 0.4098360655737705
0 0.5721482240437159 0.38942964480874315 0.5771004098360657 0.38524590163934425 0.5826502732240437 0.38831967213114754 0.5817110655737705 0.39497950819672134 0.576844262295082 0.3972848360655738 0.5739412568306012 0.39497950819672134
0 0.5665983606557378 0.3556181693989071 0.5718066939890711 0.3478483606557377 0.5816256830601093 0.34964139344262296 0.5836748633879781 0.35988729508196715 0.5763319672131149 0.3646687158469945 0.5697575136612022 0.3626195355191256
0 0.592436974789916 0.47137605042016806 0.5976890756302521 0.46673669467787116 0.6046918767507002 0.4699754901960784 0.6046043417366946 0.4766281512605042 0.5991771708683473 0.4803921568627451 0.5941001400560224 0.4782913165266106
0 0.5953256302521008 0.4584208683473389 0.5992647058823529 0.4558823529411764 0.6027661064425771 0.4595588235294118 0.6000525210084033 0.4631477591036415 0.59593837535014 0.4626225490196078
0 0.5927871148459384 0.4428396358543417 0.595500700280112 0.4375 0.6025910364145658 0.43732492997198874 0.6060049019607844 0.4439775910364146 0.6007528011204482 0.45010504201680673 0.5953256302521008 0.4488795518207283
0 0.5922619047619048 0.4253326330532213 0.5977766106442577 0.4202556022408964 0.604954481792717 0.42366946778711484 0.6043417366946778 0.43154761904761896 0.5976015406162465 0.4335609243697479 0.5933998599439776 0.4310224089635854
0 0.59156162464986 0.4074754901960785 0.59593837535014 0.4014355742296919 0.6048669467787114 0.40379901960784315 0.6064425770308123 0.4116771708683473 0.6003151260504201 0.4170168067226891 0.5938375350140056 0.4158788515406162
0 0.6184746168582376 0.4724018199233717 0.623742816091954 0.46713362068965514 0.6310464559386972 0.4701269157088123 0.6314056513409962 0.4764727011494253 0.6264966475095786 0.48018438697318006 0.620390325670498 0.4776700191570882
0 0.620959051724138 0.4570761494252874 0.6244612068965517 0.45420258620689663 0.6295797413793104 0.45689655172413796 0.6293103448275862 0.4630926724137931 0.6244612068965517 0.46443965517241387 0.6211386494252874 0.4610272988505747
0 0.619157848324515 0.4409722222222222 0.6241181657848324 0.4363977072310406 0.6305665784832452 0.4397045855379189 0.630897266313933 0.44593253968253965 0.6259369488536155 0.44990079365079366 0.6218033509700176 0.4488536155202822
0 0.6204545454545454 0.42477272727272725 0.6260606060606061 0.4218181818181818 0.6303787878787879 0.4271969696969698 0.6262121212121212 0.43204545454545457 0.6205303030303031 0.4294696969696969
0 0.6187878787878788 0.40507575757575753 0.6256060606060606 0.40143939393939393 0.6328787878787879 0.4065151515151515 0.6315151515151515 0.41469696969696973 0.6243181818181819 0.41719696969696973 0.6186363636363635 0.4143939393939394
0 0.6187936626746506 0.3893774950099801 0.6243450598802395 0.38401322355289425 0.6315805888223552 0.3873191117764471 0.6310815868263473 0.3952407684630739 0.6247193113772455 0.39848428143712583 0.6199787924151696 0.3936190119760479
0 0.6422232250300843 0.47021660649819497 0.6463598074608905 0.4675842358604092 0.6519253910950662 0.47059265944645007 0.6513989169675091 0.4775872442839952 0.6457581227436824 0.4795427196149218 0.6428249097472925 0.47706077015643805
0 0.641395908543923 0.45675391095066187 0.6459837545126353 0.4529181708784597 0.6519253910950662 0.4563778580024067 0.651624548736462 0.4622442839951865 0.6460589651022864 0.4648766546329724 0.6419975932611311 0.4618682310469314
0 0.6394404332129964 0.440508423586041 0.644404332129964 0.43411552346570403 0.6524518652226233 0.43682310469314084 0.6539560770156437 0.44456979542719616 0.648014440433213 0.4496089049338147 0.6416967509025271 0.4475030084235861
0 0.6391395908543923 0.4200511432009627 0.6447803850782191 0.41410950661853185 0.6534296028880866 0.41756919374247903 0.6536552346570397 0.42606799037304455 0.6470367027677497 0.430806257521059 0.6419975932611311 0.4279482551143201
0 0.6403429602888087 0.40305354993983156 0.64485559566787 0.397713598074609 0.6529031287605295 0.4004963898916967 0.6528279181708785 0.40914560770156444 0.6471119133574008 0.4116275571600481 0.6421480144404332 0.4089951865222624
0 0.6425992779783394 0.38951564380264747 0.6453820697954271 0.3850030084235861 0.6505716004813478 0.3873345367027678 0.651624548736462 0.39282490974729245 0.6466606498194946 0.39478038507821905 0.6432761732851986 0.39252406738868834
0 0.6688964323748668 0.4711461661341853 0.672756922257721 0.46721911608093714 0.6796126198083067 0.4710796059637912 0.6784810969116081 0.47753594249201275 0.6740881256656017 0.47926650692225775 0.6710929179978701 0.47813498402555915 0.6694954739084132 0.4772697018104367
0 0.6688964323748668 0.45643636847710334 0.6735556443024494 0.4523761980830671 0.6793463791267306 0.45643636847710334 0.6781482960596379 0.463225505857295 0.6739550053248137 0.46455670926517567 0.6698948349307775 0.46229366347177847
0 0.6670327476038339 0.4381323216187434 0.672823482428115 0.4342718317358893 0.6804779020234293 0.4382654419595314 0.6802782215122471 0.4456536208732695 0.6740215654952076 0.44984691160809376 0.6691626730564431 0.448382587859425
0 0.6668330670926518 0.4192292332268371 0.672890042598509 0.41423722044728434 0.6814097444089458 0.4185636315228967 0.6803447816826411 0.4276158146964857 0.672756922257721 0.4306110223642172 0.6680977103301384 0.42774893503727374
0 0.6696285942492013 0.40032614483493084 0.6735556443024494 0.3978634185303514 0.6790135782747604 0.39986022364217255 0.6803447816826411 0.4070487220447284 0.6761514909478169 0.4109092119275825 0.6712925985090522 0.41084265175718854 0.6680311501597445 0.4074480830670926
0 0.6700945154419596 0.3888112353567625 0.672823482428115 0.3854832268370607 0.6778820553780618 0.3870806709265176 0.67834797657082 0.3927382854100106 0.6744874866879659 0.3950013312034079 0.6706935569755058 0.3938032481363153
0 0.6891307241746539 0.38907747603833864 0.692924653887114 0.38508386581469645 0.6989150692225772 0.3877462726304579 0.6993809904153355 0.3937366879659212 0.6943889776357828 0.39633253461128864 0.691194089456869 0.3961328541001065
0 0.6891246177370031 0.40363786952089703 0.6930109582059123 0.4001337920489297 0.6987449031600409 0.4017265545361876 0.6989360346585116 0.4084161569826707 0.6946037206931703 0.41115570846075433 0.6905899592252802 0.40988149847094796
0 0.6892520387359837 0.41816386340468903 0.6927561162079511 0.41478720693170235 0.6982989296636085 0.41593399592252805 0.6995094291539246 0.4220502038735983 0.6948585626911314 0.4257454128440367 0.6902076962283384 0.4243437818552498
0 0.7092604712041884 0.38879799301919715 0.713187172774869 0.3854166666666666 0.71962260034904 0.387925392670157 0.7199498254799301 0.39359729493891793 0.7139506980802792 0.39654232111692844 0.7095876963350785 0.39370636998254793
0 0.7086060209424083 0.40505017452006975 0.7120964223385688 0.39992364746945896 0.7200589005235601 0.40199607329842924 0.71951352530541 0.40875872600349034 0.7119873472949388 0.4115946771378708
0 0.7080606457242582 0.418902705061082 0.7144960732984292 0.4135580279232111 0.7208224258289703 0.41966623036649203 0.7161321989528795 0.425556282722513 0.7100239965095985 0.42468368237347287
0 0.6904334291187739 0.3559027777777778 0.6945043103448276 0.35326867816091956 0.6989343869731801 0.35638170498084293 0.6977370689655172 0.3622485632183908 0.6918702107279694 0.3622485632183908
0 0.6891163793103449 0.3426125478927203 0.6936661877394635 0.3383022030651341 0.6995330459770115 0.34129549808429116 0.6995330459770115 0.3490780651340996 0.6922294061302682 0.3497964559386973 0.6894755747126436 0.34764128352490425
0 0.7093510536398469 0.3565014367816092 0.7152179118773947 0.353029214559387 0.7194085249042146 0.3582974137931035 0.7140205938697318 0.36308668582375486 0.7097102490421456 0.36069204980842917
