0 0.4113425925925926 0.8657407407407406 0.4172839506172839 0.8634259259259259 0.42268518518518516 0.8665123456790124 0.4229938271604938 0.8727623456790123 0.41628086419753085 0.8760802469135801 0.41149691358024687 0.8733796296296296
0 0.4113425925925926 0.8510030864197531 0.41543209876543213 0.8474537037037037 0.4222993827160494 0.85 0.422608024691358 0.8566358024691357 0.41720679012345674 0.8605709876543208 0.4110339506172839 0.857716049382716
0 0.5499661246612465 0.7950542005420054 0.5670731707317074 0.7864159891598916 0.5819783197831978 0.7943766937669376 0.586720867208672 0.8104674796747967 0.5775745257452574 0.8226626016260163 0.5545392953929539 0.8226626016260163 0.5506436314363143 0.809959349593496
0 0.6369485294117647 0.7990808823529413 0.6506740196078431 0.7858455882352942 0.6699142156862745 0.794546568627451 0.6719975490196078 0.8118259803921569 0.6618259803921568 0.8213848039215687 0.6444240196078431 0.8213848039215687 0.6385416666666667 0.8113357843137254
0 0.7199883449883451 0.7957459207459207 0.7322261072261073 0.7851107226107227 0.7485431235431236 0.7884615384615384 0.7562645687645688 0.8056526806526807 0.7494172494172494 0.8168706293706294 0.7331002331002332 0.8231351981351982 0.7230477855477856 0.8159965034965034
0 0.8193473193473195 0.793997668997669 0.8333333333333334 0.7835081585081586 0.8492132867132868 0.7881701631701632 0.8566433566433567 0.8056526806526807 0.8448426573426574 0.8202214452214454 0.8264860139860141 0.8177447552447552 0.8196386946386948 0.8062354312354313
0 0.6030943627450981 0.7129289215686274 0.6142769607843137 0.7002144607843137 0.6334252450980392 0.7034313725490197 0.641390931372549 0.7219669117647058 0.6309742647058824 0.7362132352941176 0.6144301470588235 0.7374387254901961 0.6055453431372548 0.7291666666666666
0 0.713186553030303 0.7089251893939393 0.724313446969697 0.6982717803030303 0.7430160984848484 0.7015861742424242 0.7515388257575757 0.7214725378787878 0.7389914772727272 0.7354403409090908 0.7181581439393938 0.7340198863636364
0 0.8126811594202898 0.7097826086956522 0.8219202898550725 0.6985507246376812 0.8391304347826085 0.701268115942029 0.8489130434782608 0.7163043478260869 0.8413043478260869 0.7309782608695652 0.8277173913043477 0.734963768115942 0.8146739130434781 0.7286231884057971
0 0.7539583333333333 0.4685416666666667 0.7609508547008548 0.4615384615384616 0.7725249287749288 0.4602920227920229 0.780181623931624 0.47053062678062685 0.7775997150997153 0.48165954415954426 0.7673611111111113 0.4865562678062679 0.7561431623931625 0.48076923076923084
0 0.8138142523364486 0.467046339563863 0.8186818535825545 0.4611078660436137 0.8285144080996885 0.4581873052959502 0.836302570093458 0.46432048286604366 0.8375681464174455 0.4762947819314642 0.8300720404984424 0.48340147975077885 0.8206288940809968 0.4828173676012461 0.8136195482866044 0.4750292056074767
0 0.8736857476635513 0.46607281931464173 0.8798189252336448 0.45857671339563866 0.8927667445482865 0.4586740654205607 0.8989972741433021 0.4684092679127726 0.8974396417445483 0.4788259345794393 0.8884832554517132 0.48466705607476634 0.8762169003115264 0.4803835669781931
0 0.7527196223316913 0.40029761904761907 0.7585693760262725 0.3932163382594417 0.7713977832512317 0.3926005747126437 0.7787869458128078 0.40101600985221675 0.7768370279146142 0.41384441707717573 0.7659585385878489 0.4188731527093596 0.7559010673234811 0.41446018062397383
0 0.810909277504105 0.4007081280788177 0.8194273399014779 0.3919848111658457 0.8325636288998357 0.3927032019704434 0.838413382594417 0.4045053366174056 0.8329741379310344 0.4151785714285715 0.8220956486042692 0.4174363711001643 0.8128591954022989 0.4110734811165846
0 0.8728961412151068 0.3988608374384237 0.8803879310344825 0.39065065681444994 0.8933189655172414 0.3917795566502464 0.8979371921182265 0.40111863711001644 0.8955767651888341 0.41271551724137934 0.8855192939244664 0.4165127257799672 0.8753591954022988 0.41281814449917903 0.8727935139573071 0.40583949096880134
0 0.9310897435897436 0.39850427350427353 0.936832264957265 0.3898237179487179 0.9512553418803418 0.390491452991453 0.9575320512820514 0.40064102564102566 0.9541933760683761 0.4115918803418803 0.9443108974358975 0.41626602564102566 0.9336271367521368 0.41185897435897434
0 0.27288342198581556 0.5282025709219859 0.27986480496453897 0.5174534574468085 0.2934951241134751 0.5175642730496454 0.3013630319148936 0.5287566489361701 0.29792774822695034 0.5411679964539008 0.2860704787234042 0.5448249113475178 0.27609707446808507 0.539949024822695
0 0.33383200354609927 0.5282025709219859 0.33926196808510634 0.5181183510638299 0.3518949468085106 0.5159020390070922 0.3610926418439716 0.5244348404255319 0.36009530141843965 0.5366245567375886 0.35289228723404253 0.543605939716312 0.3400376773049645 0.5427194148936171 0.33538342198581556 0.5361812943262411
0 0.3954454787234042 0.5244348404255319 0.4025376773049645 0.5159020390070922 0.41561391843971623 0.5150155141843972 0.42270611702127653 0.528091755319149 0.41805186170212766 0.539949024822695 0.4051972517730496 0.5420545212765957 0.39533466312056736 0.5337433510638299
0 0.4560616134751773 0.5249889184397163 0.46337544326241137 0.5153479609929078 0.47733820921985815 0.5157912234042553 0.48431959219858156 0.5277593085106383 0.4784463652482269 0.5397273936170213 0.4642619680851064 0.5415004432624114 0.4576130319148936 0.5348515070921986
0 0.28963864306784665 0.4585176991150443 0.29415560471976404 0.4511430678466076 0.3046644542772862 0.4498525073746312 0.3115781710914455 0.4575958702064897 0.3095501474926254 0.46681415929203546 0.30337389380530977 0.47105457227138636 0.2924041297935104 0.46939528023598814
0 0.36587389380530977 0.4570427728613569 0.37020648967551634 0.450405604719764 0.3785951327433628 0.44846976401179944 0.3862463126843658 0.4537241887905605 0.3877212389380532 0.46358775811209435 0.38080752212389385 0.4692109144542773 0.36910029498525077 0.4674594395280236 0.36615044247787615 0.461283185840708
0 0.44276374113475175 0.4558399822695035 0.44786125886524825 0.4488585992907802 0.45683732269503546 0.44741799645390073 0.46392952127659576 0.45451019503546103 0.46304299645390073 0.46503767730496454 0.45595079787234044 0.4691378546099291 0.44475842198581567 0.466478280141844
0 0.5369857594936709 0.44349947257383965 0.540809599156118 0.4359836497890294 0.5499077004219409 0.43295094936708856 0.5584783755274261 0.4365110759493671 0.5601925105485231 0.4494330168776371 0.5521492616033755 0.45668512658227844 0.539754746835443 0.4535205696202531 0.5367220464135021 0.4489055907172996
0 0.6050237341772151 0.4409941983122363 0.6100342827004219 0.43374208860759483 0.620582805907173 0.43255537974683544 0.6273074894514767 0.4387526371308017 0.6279667721518987 0.44996044303797467 0.6193960970464135 0.4558939873417721 0.6079245780590717 0.4529931434599156 0.6051555907172995 0.44732331223628685
0 0.5366071428571428 0.3676190476190476 0.5411309523809524 0.3608928571428572 0.5493452380952382 0.359047619047619 0.5569642857142857 0.36357142857142855 0.5594642857142857 0.3729166666666666 0.5542857142857144 0.38148809523809524 0.543452380952381 0.3818452380952381 0.5373809523809524 0.3767261904761905
0 0.6031029929577465 0.3655736502347418 0.6074310446009391 0.358824823943662 0.6155002934272301 0.3564774061032864 0.6221024061032865 0.3588981807511737 0.6249633215962441 0.36770099765258213 0.6210754107981221 0.3760636737089202 0.6104386737089202 0.3784844483568075 0.6037632042253522 0.3726892605633803
0 0.4875112007168458 0.3956653225806452 0.4933355734767024 0.39185707885304655 0.5003920250896057 0.39454525089605735 0.5002800179211468 0.40350582437275984 0.493937265917603 0.40610955056179776 0.4880852059925094 0.403441011235955
0 0.47035630841121495 0.3720307632398754 0.4749318535825545 0.3690128504672897 0.4807729750778816 0.3699863707165109 0.48320677570093457 0.3768010124610592 0.4801888629283489 0.38283683800623053 0.4717192367601246 0.38137655763239875 0.47025895638629284 0.37757982866043616
0 0.46956806282722513 0.3532395287958115 0.4743128272251308 0.3489310645724258 0.48074825479930183 0.350021815008726 0.48260253054101215 0.3572207678883071 0.47856675392670156 0.3617473821989528 0.4711496509598604 0.36120200698080274 0.4698952879581151 0.35776614310645716
0 0.4294507575757575 0.35973921911421913 0.434622668997669 0.3535474941724942 0.44380099067599077 0.35274621212121215 0.4495556526806526 0.35748106060606066 0.45130390442890456 0.36818910256410264 0.44278117715617726 0.374599358974359 0.4317089160839161 0.3707386363636364
0 0.3925097276264592 0.3607328145265889 0.3957522697795072 0.3549773022049287 0.4043450064850843 0.35262645914396895 0.4126945525291829 0.35838197146562906 0.4130998702983139 0.36973086900129704 0.4047503242542153 0.37491893644617386 0.39307717250324253 0.3710278858625162
0 0.3499293785310735 0.3689088983050848 0.3546080508474576 0.3630826271186441 0.36378884180790955 0.36202330508474573 0.3691737288135593 0.3693502824858757 0.3672316384180791 0.37906073446327687 0.35584392655367236 0.3813559322033898 0.35054731638418074 0.3760593220338983
0 0.06484173126614987 0.3593346253229974 0.06912144702842377 0.3549741602067183 0.07663113695090439 0.3561854005167958 0.07905361757105943 0.3645025839793281 0.07630813953488372 0.3697512919896641 0.0670219638242894 0.36845930232558144 0.06556847545219638 0.3652293281653747
0 0.08850129198966408 0.3606266149870801 0.09391149870801034 0.35570090439276486 0.10109819121447028 0.3581233850129199 0.1020671834625323 0.3662790697674418 0.09609173126614987 0.36999354005167956 0.08995478036175711 0.3679748062015503
0 0.18271396396396403 0.28575450450450457 0.1890953453453454 0.27956081081081086 0.19904279279279286 0.27974849849849853 0.204954954954955 0.2897897897897898 0.20148273273273282 0.30095720720720726 0.18674924924924932 0.30048798798798804 0.18196321321321327 0.2935435435435436
0 0.23976293103448276 0.28717672413793105 0.2468271072796935 0.27879549808429116 0.25832136015325674 0.27999281609195403 0.2637092911877395 0.28969109195402304 0.25915948275862066 0.29986829501915707 0.24539032567049812 0.30082614942528735 0.24048132183908047 0.29436063218390807
0 0.4248161764705882 0.28560049019607847 0.42935049019607846 0.27775735294117654 0.44050245098039215 0.2762867647058823 0.4476102941176471 0.28596813725490194 0.44368872549019606 0.2963848039215686 0.4335171568627451 0.299203431372549 0.4267769607843137 0.29466911764705883
0 0.4795955882352941 0.2837622549019608 0.48547794117647064 0.2762867647058823 0.49773284313725485 0.275796568627451 0.5026348039215686 0.2876838235294118 0.49797794117647065 0.2960171568627451 0.48425245098039216 0.2972426470588236
0 0.40951236263736257 0.21840659340659338 0.4143200549450549 0.21336996336996336 0.4210737179487179 0.21411401098901095 0.42410714285714285 0.22012362637362637 0.422275641025641 0.2260760073260073 0.4164377289377289 0.2276785714285714 0.41042811355311354 0.22544642857142858
0 0.37224911971830993 0.22062059859154928 0.3759169600938967 0.21519219483568075 0.38281250000000006 0.2145319835680751 0.3871405516431925 0.21988703051643194 0.3856734154929577 0.22692928403755866 0.37753080985915494 0.22912998826291078 0.37386296948356806 0.22546214788732394
0 0.3491417253521127 0.2204005281690141 0.351269072769953 0.21460534037558687 0.35911825117370894 0.2133582746478873 0.3636663732394366 0.2204005281690141 0.3620525234741784 0.2271493544600939 0.3522227112676056 0.22912998826291078
