0 0.4201388888888889 0.9564043209876542 0.42438271604938277 0.9527006172839505 0.4318672839506172 0.9537808641975308 0.43580246913580245 0.9587962962962961 0.4331018518518518 0.9652777777777777 0.4266975308641975 0.9667438271604937 0.42268518518518516 0.9647376543209875
0 0.4384259259259259 0.9804783950617283 0.4464506172839505 0.9763117283950616 0.4530092592592592 0.9817901234567901 0.45169753086419745 0.9893518518518518 0.44367283950617276 0.9915123456790124 0.4405092592592592 0.98858024691358
0 0.21848060344827588 0.7940912356321839 0.22440732758620693 0.7891522988505748 0.23239942528735635 0.7924748563218391 0.2327586206896552 0.8004669540229886 0.2256645114942529 0.8038793103448277 0.22045617816091959 0.8014547413793105
0 0.23823635057471268 0.7804418103448277 0.24389367816091959 0.775951867816092 0.2500911078717201 0.778881195335277 0.2513227513227513 0.7826278659611993 0.24935321350762527 0.788705065359477 0.24220452069716775 0.7894539760348583 0.23886846405228757 0.785913671023965
0 0.2879391339869281 0.7409620098039216 0.2928410947712418 0.7364685457516339 0.2998876633986928 0.7394301470588236 0.3013174019607843 0.7456597222222223 0.2960069444444444 0.7504595588235294 0.2896752450980392 0.7491319444444444
0 0.27588848039215685 0.7224775326797385 0.28273080065359474 0.7197201797385621 0.28763276143790845 0.7223754084967321 0.2884497549019608 0.72921772875817 0.28436478758169936 0.7333026960784313 0.2757863562091503 0.7305453431372548
0 0.41268115942028993 0.6570652173913043 0.42481884057971014 0.648731884057971 0.44112318840579706 0.6541666666666667 0.44746376811594196 0.6710144927536231 0.43260869565217397 0.683695652173913 0.41612318840579715 0.6815217391304348 0.41014492753623194 0.6692028985507246
0 0.3657608695652174 0.5931159420289855 0.3802536231884059 0.5847826086956522 0.39583333333333337 0.591304347826087 0.3998188405797102 0.6112318840579709 0.38478260869565223 0.6206521739130434 0.3670289855072464 0.6159420289855072 0.36304347826086963 0.6023550724637681
0 0.24754901960784317 0.5637254901960784 0.25995710784313736 0.553921568627451 0.27726715686274517 0.5588235294117647 0.28048406862745107 0.5779718137254901 0.26746323529411775 0.5897671568627452 0.2480085784313726 0.5834865196078431
0 0.31081495098039225 0.5173100490196079 0.3247549019607844 0.5068933823529411 0.3432904411764707 0.5179227941176471 0.3400735294117648 0.5393688725490197 0.32383578431372556 0.5441176470588236 0.3091299019607844 0.5366115196078431 0.3077512254901961 0.5261948529411764
0 0.20036764705882362 0.5009191176470589 0.21338848039215697 0.4903492647058823 0.2311580882352942 0.4947916666666667 0.2356004901960785 0.5162377450980392 0.21599264705882362 0.5277267156862745 0.20251225490196087 0.5182291666666666
0 0.2620234929078014 0.4658133865248227 0.2634640957446808 0.4518506205673759 0.27798093971631205 0.444425975177305 0.2949357269503546 0.45162898936170215 0.29604388297872336 0.47157579787234044 0.28185948581560283 0.4799977836879432 0.26656693262411346 0.47600842198581567
0 0.07774470899470899 0.5739748677248677 0.08277116402116402 0.5675595238095239 0.09117063492063493 0.5698743386243387 0.09322089947089948 0.5764219576719577 0.08918650793650794 0.5815806878306878 0.08072089947089948 0.5808531746031746
0 0.01961805555555556 0.48614583333333333 0.024409722222222225 0.4810763888888889 0.03232638888888889 0.48232638888888885 0.03461805555555556 0.48920138888888887 0.030312500000000013 0.4951041666666667 0.022743055555555558 0.4942708333333333 0.020729166666666667 0.4909375
0 0.005590277777777786 0.4981597222222222 0.00836805555555556 0.4928125 0.014409722222222227 0.49121527777777774 0.018993055555555558 0.4943402777777777 0.0203125 0.5012152777777777 0.01586805555555556 0.5051041666666667 0.008506944444444452 0.5046875
0 0.807748538011696 0.8044590643274854 0.8190789473684211 0.7940423976608187 0.834795321637427 0.7964181286549706 0.8410087719298246 0.8112207602339181 0.8327850877192982 0.8256578947368421 0.8154239766081871 0.8267543859649122 0.8095760233918129 0.817251461988304
0 0.7635233918128654 0.7468932748538012 0.7757675438596491 0.733735380116959 0.7907529239766081 0.7377558479532164 0.7971491228070177 0.7507309941520468 0.7905701754385964 0.7638888888888888 0.7781432748538012 0.7677266081871346 0.7677266081871346 0.761513157894737
0 0.8679166666666667 0.7625 0.8769444444444444 0.7509722222222223 0.89375 0.752638888888889 0.9006944444444444 0.7669444444444444 0.8945833333333333 0.7806944444444445 0.8779166666666667 0.7826388888888889 0.86875 0.7755555555555556
0 0.8236111111111112 0.7041666666666667 0.8316666666666668 0.6916666666666667 0.8469444444444445 0.6915277777777779 0.8569444444444444 0.7033333333333334 0.8522222222222222 0.720138888888889 0.8333333333333335 0.7229166666666667 0.8261111111111111 0.7155555555555556
0 0.9135416666666667 0.7266369047619047 0.9236607142857143 0.7169642857142857 0.9403273809523809 0.7203869047619047 0.9464285714285715 0.7361607142857143 0.9367559523809524 0.7479166666666667 0.9203869047619048 0.7492559523809524 0.9151785714285715 0.7416666666666667
0 0.8690476190476191 0.6677083333333333 0.8788690476190476 0.6575892857142858 0.8949404761904761 0.6584821428571429 0.9029761904761906 0.6735119047619048 0.8950892857142857 0.6883928571428571 0.878125 0.6889880952380952 0.8694940476190476 0.6815476190476191
0 0.8054045893719807 0.5723128019323672 0.8164754428341385 0.5637580515297906 0.8306662640901773 0.5674818840579711 0.8358997584541064 0.5800623993558777 0.8310688405797101 0.5906300322061192 0.8187902576489534 0.5951590177133655 0.8088264895330113 0.5908313204508857 0.8054045893719807 0.5826791465378423
0 0.7646967821782179 0.5209880363036304 0.7727413366336632 0.5101588283828382 0.7863551980198019 0.5093337458745875 0.7959467821782177 0.5207817656765676 0.791615099009901 0.5355301155115513 0.7807858910891088 0.5399649339933994 0.7681002475247525 0.5351175742574257
0 0.8971871239470517 0.5532490974729243 0.9018501805054151 0.5503158844765343 0.9068140794223826 0.5534747292418774 0.905309867629362 0.5604693140794225 0.8990673886883273 0.5598676293622142 0.8973375451263538 0.5576113116726835
0 0.8507224462365591 0.5388944892473118 0.8577788978494624 0.536206317204301 0.8636592741935484 0.5396505376344085 0.8637432795698925 0.546959005376344 0.8575268817204301 0.5500672043010753 0.8512264784946236 0.545950940860215
0 0.857638888888889 0.5001614987080104 0.8649870801033592 0.49604328165374684 0.872577519379845 0.5 0.8726582687338502 0.5093669250645996 0.8640988372093023 0.5121124031007752 0.8589308785529716 0.5088824289405686
0 0.8345221920289855 0.5194180253623187 0.8412024456521738 0.5144361413043478 0.8481091485507245 0.5172667572463768 0.8485620471014492 0.5251924818840579 0.8426743659420288 0.5281363224637681 0.835654438405797 0.5251924818840579
0 0.6253687315634218 0.5503318584070797 0.6310840707964601 0.546183628318584 0.6382743362831859 0.5493178466076697 0.6397492625368731 0.5557706489675516 0.6359697640117994 0.5603797935103245 0.6278576696165191 0.5595501474926253
0 0.6009402654867256 0.5358591445427728 0.6078539823008849 0.5316187315634218 0.6126474926253687 0.5349373156342183 0.6134771386430677 0.5400995575221239 0.6102507374631269 0.5438790560471977 0.6026917404129793 0.5425884955752213
0 0.615136430678466 0.5259033923303835 0.6211283185840708 0.5220317109144542 0.6272123893805309 0.5248893805309734 0.6265671091445427 0.5318030973451328 0.6219579646017699 0.5340154867256637 0.6164269911504424 0.5321718289085546
0 0.6418694690265486 0.5174225663716814 0.6492441002949852 0.510693215339233 0.6586467551622419 0.5135508849557522 0.6620575221238938 0.5234144542772862 0.6547750737463126 0.5303281710914454 0.6452802359882006 0.5287610619469026
0 0.6709330673758864 0.49362810283687947 0.6799091312056738 0.4836546985815603 0.6916555851063829 0.4864250886524823 0.6984153368794326 0.495844414893617 0.6914339539007093 0.5081449468085106 0.6789117907801419 0.5096963652482269 0.6729277482269503 0.5028257978723405
0 0.5817057291666666 0.4827473958333333 0.59326171875 0.4733072916666667 0.6064453125 0.47998046875 0.6067708333333334 0.4930013020833333 0.5992838541666666 0.4998372395833333 0.5852864583333334 0.4967447916666667
0 0.556640625 0.44873046875 0.56689453125 0.4392903645833333 0.57861328125 0.4423828125 0.5817057291666666 0.4532877604166667 0.5763346354166666 0.46337890625 0.56103515625 0.46240234375
0 0.63232421875 0.4490559895833333 0.6357421875 0.4401041666666667 0.6472981770833334 0.4361979166666667 0.65869140625 0.4462890625 0.65478515625 0.4588216145833333 0.64404296875 0.4620768229166667 0.6346028645833334 0.4563802083333333
0 0.60791015625 0.4098307291666667 0.61572265625 0.4012044270833333 0.6277669270833334 0.4046223958333333 0.6334635416666666 0.41748046875 0.6240234375 0.4270833333333333 0.6126302083333334 0.42626953125 0.60791015625 0.4192708333333333
0 0.7091471354166666 0.44873046875 0.7115342881944445 0.4373372395833333 0.7268337673611112 0.43136935763888895 0.7390950520833334 0.4415690104166667 0.7395290798611112 0.4562174479166667 0.7296549479166666 0.4637044270833333 0.7169596354166666 0.4627278645833333 0.7113172743055556 0.45827907986111116
0 0.6686267921146952 0.39499327956989244 0.6718749999999999 0.382448476702509 0.6865479390681003 0.3764000896057348 0.6996527777777777 0.3868167562724014 0.6977486559139785 0.4045138888888889 0.6837477598566307 0.40899417562724016 0.6726590501792115 0.40428987455197135
0 0.7628896882494005 0.407074340527578 0.7699340527577938 0.3949340527577938 0.7846223021582734 0.3929856115107914 0.7952637889688251 0.4030275779376499 0.7922661870503598 0.41741606714628293 0.780275779376499 0.4244604316546763 0.7691846522781776 0.4199640287769784
0 0.7245203836930455 0.35791366906474825 0.7257194244604317 0.3435251798561152 0.7395083932853717 0.3363309352517986 0.7523980815347723 0.3435251798561152 0.755095923261391 0.35956235011990406 0.7380095923261392 0.3696043165467626 0.7302158273381295 0.3667565947242206
0 0.8135322822822822 0.3709647147147148 0.8165352852852853 0.35989114114114124 0.8326764264264265 0.35350975975975985 0.8464714714714715 0.3686186186186186 0.8411223723723723 0.3819444444444445 0.8270457957957957 0.3879504504504505 0.8170045045045046 0.3831644144144144
0 0.7735615079365079 0.3200892857142857 0.7747519841269841 0.307390873015873 0.7892361111111111 0.2992559523809524 0.802529761904762 0.3069940476190476 0.8043154761904762 0.32078373015873013 0.7947916666666666 0.3316964285714285 0.7818948412698412 0.33090277777777777
0 0.8281944444444445 0.275 0.8315277777777778 0.26694444444444443 0.8441666666666667 0.25958333333333333 0.8572222222222221 0.2675 0.8591666666666666 0.28194444444444444 0.8473611111111111 0.2906944444444444 0.8334722222222222 0.28694444444444445
0 0.6191267730496454 0.32938091016548465 0.621269208037825 0.32384013002364065 0.6274748817966904 0.32317523640661944 0.6313164893617023 0.32649970449172583 0.6293956855791962 0.33300088652482274 0.6256279550827424 0.33447842789598115 0.6197916666666666 0.33255762411347517
0 0.6308732269503546 0.3193336288416076 0.6345670803782506 0.31593528368794327 0.6394429669030735 0.31696956264775417 0.6414376477541371 0.32140218676122934 0.6387041962174942 0.32546542553191493 0.6348625886524822 0.32642582742316784 0.6319075059101654 0.3239140070921986
0 0.5019755747126436 0.3810464559386973 0.5110751915708812 0.36919300766283525 0.5269995210727969 0.3706297892720306 0.5344228927203065 0.38451867816091956 0.5267600574712643 0.396132662835249 0.5103568007662835 0.39888649425287354
0 0.47696596244131456 0.35108568075117375 0.4803403755868545 0.33641431924882637 0.49691901408450706 0.332599765258216 0.5076291079812207 0.34360328638497656 0.5046948356807512 0.3588615023474179 0.4892899061032864 0.3634096244131456
0 0.450606684981685 0.3130151098901099 0.4541552197802198 0.299393315018315 0.4692651098901099 0.2960737179487179 0.48162774725274726 0.30694826007326004 0.4773923992673993 0.3222870879120879 0.4639995421245422 0.3266369047619047 0.45644459706959706 0.3228594322344322
0 0.5553268463073853 0.34487275449101795 0.5606911177644711 0.33264720558882244 0.5750374251497006 0.3301521956087824 0.5847679640718564 0.3385104790419162 0.5841442115768464 0.35285678642714574 0.5726671656686627 0.3602170658682635 0.5618138722554891 0.3572230538922156
0 0.5295034930139721 0.311813872255489 0.532123253493014 0.2990893213572854 0.5440993013972056 0.2934755489021956 0.5568238522954093 0.2997130738522954 0.5593188622754491 0.312562375249501 0.5518338323353293 0.3219186626746507 0.5386102794411178 0.3225424151696607
0 0.5030563872255489 0.27638473053892215 0.5055513972055888 0.26390968063872255 0.5169036926147705 0.2574226546906187 0.5291292415169662 0.2620384231536926 0.533246007984032 0.2736402195608782 0.5286302395209581 0.2846182634730539 0.5141591816367266 0.2888597804391218
0 0.12830421146953402 0.11441532258064517 0.13155241935483872 0.10657482078853046 0.13804883512544805 0.10366263440860214 0.14566532258064518 0.10668682795698924 0.14880152329749105 0.11497535842293904 0.144209229390681 0.12236783154121862 0.13446460573476704 0.12337589605734768
0 0.1520497311827957 0.09963037634408602 0.15104166666666666 0.09290994623655914 0.15809811827956988 0.0870855734767025 0.1671706989247312 0.08798163082437276 0.17243503584229392 0.09503808243727599 0.16918682795698922 0.1039986559139785 0.15877016129032256 0.10713485663082438
0 0.17558299039780517 0.08213305898491083 0.17609739368998628 0.07381687242798353 0.18261316872427982 0.06935871056241426 0.19135802469135801 0.07218792866941014 0.19573045267489708 0.07887517146776404 0.19118655692729766 0.08719135802469134 0.18441358024691354 0.0889917695473251 0.17781207133058985 0.08684842249657063
0 0.1986770072992701 0.06561739659367402 0.1989811435523115 0.05809002433090032 0.20559610705596112 0.052311435523114416 0.21281934306569347 0.05345194647201952 0.2182177615571777 0.05968673965936747 0.21669708029197088 0.06751824817518255 0.21145072992700736 0.07223236009732367 0.2032390510948906 0.07162408759124093
0 0.0002415458937198049 0.5018719806763284 0.0038043478260869536 0.5035628019323671 0.005736714975845404 0.5075483091787438 0.005072463768115938 0.5120169082125603 0.00392512077294685 0.513526570048309 0.0004830917874396098 0.5157608695652173 0.0 0.5157608695652173
