0 0.4326171875 0.6798502604166666 0.436279296875 0.6746419270833334 0.4427083333333333 0.6722819010416666 0.451171875 0.6759440104166666 0.45263671875 0.6854654947916666 0.4473470052083333 0.6923828125 0.436767578125 0.691162109375 0.4332682291666667 0.6866048177083334
0 0.47813438438438444 0.6813063063063063 0.4824512012012013 0.6742680180180181 0.49277402402402404 0.6727665165165165 0.4981231231231231 0.6798048048048048 0.4981231231231231 0.6874061561561562 0.49380630630630634 0.6919106606606608 0.48310810810810817 0.6918168168168168 0.47879129129129133 0.6867492492492493
0 0.4323148148148149 0.6398148148148148 0.4348148148148149 0.631388888888889 0.44398148148148153 0.6279629629629631 0.44888888888888895 0.6294444444444444 0.4512037037037036 0.6343518518518518 0.4512037037037036 0.6397222222222223 0.45 0.643425925925926 0.44388888888888894 0.6461111111111111 0.43703703703703695 0.645
0 0.4794444444444444 0.6360185185185184 0.4818518518518518 0.6298148148148148 0.4900925925925926 0.6287037037037037 0.4975925925925926 0.6322222222222222 0.4989814814814815 0.6410185185185184 0.49546296296296305 0.6471296296296297 0.48851851851851846 0.6495370370370369 0.4817592592592592 0.6468518518518518 0.48 0.642037037037037
0 0.3395718864468864 0.5619848901098902 0.3414033882783883 0.5556891025641025 0.3475847069597069 0.5509958791208791 0.357657967032967 0.5513392857142857 0.3628090659340659 0.559466575091575 0.3607486263736263 0.5693108974358975 0.3506753663003663 0.5740041208791209 0.3400297619047619 0.5694253663003663
0 0.41973039215686275 0.5739979815455594 0.4223976355247981 0.5672938292964244 0.4306156286043829 0.5646986735870818 0.436743079584775 0.5680147058823528 0.4396986735870818 0.5764489619377162 0.4350850634371395 0.5834414648212225 0.4244160899653979 0.5838739907727796 0.4205954440599769 0.5788999423298731
0 0.46673545597484273 0.5717865566037736 0.4726316823899371 0.5653989779874213 0.4818691037735849 0.5659886006289307 0.48570165094339623 0.5724744496855345 0.4853085691823899 0.5793533805031447 0.4798054245283019 0.5843651729559748 0.47204205974842767 0.5836772798742138 0.4675216194968553 0.5800412735849056
0 0.4184272300469484 0.5223004694835681 0.4270386266094421 0.5147532188841202 0.4378576537911301 0.5178826895565093 0.4418812589413448 0.5279864091559371 0.4379470672389127 0.537464234620887 0.4289163090128755 0.5401466380543634 0.42051144492131615 0.5354077253218884 0.4180972818311874 0.5282546494992847
0 0.4197067238912732 0.47263948497854075 0.4230150214592274 0.4661123032904148 0.43383404864091557 0.46334048640915587 0.44080829756795414 0.4705829756795421 0.4408977110157367 0.48068669527896996 0.43401287553648066 0.48506795422031473 0.4267703862660944 0.48488912732474965 0.421137339055794 0.4804184549356223
0 0.42176323319027176 0.4263233190271816 0.425876251788269 0.4197067238912732 0.43633762517882685 0.4190808297567954 0.440450643776824 0.42516094420600853 0.4391988555078684 0.4344599427753934 0.4318669527896995 0.4375 0.4235515021459227 0.43517525035765375
0 0.42158440629470667 0.3810801144492132 0.42533977110157367 0.37356938483547925 0.43651645207439194 0.3724964234620886 0.442238912732475 0.38090128755364805 0.4391988555078684 0.3915414878397711 0.4315092989985694 0.39350858369098707 0.42435622317596566 0.3902002861230329 0.42158440629470667 0.384656652360515
0 0.46502677376171364 0.5257697456492638 0.4672858099062919 0.5193273092369478 0.47598728246318617 0.515227576974565 0.48351740294511386 0.5171519410977242 0.488537483266399 0.5234270414993307 0.4880354752342705 0.5345548862115128 0.4796686746987952 0.5398259705488622 0.46921017402945114 0.5369812583668006 0.4659471218206159 0.5318775100401607
0 0.4651941097724231 0.4718875502008033 0.47029785809906294 0.4654451137884874 0.47933400267737625 0.46402275769745654 0.48485609103078986 0.46803882195448465 0.4856091030789827 0.4764892904953147 0.48167670682730934 0.48242971887550207 0.4737282463186078 0.48468875502008035 0.4664491298527444 0.4802543507362785
0 0.46469210174029457 0.4282965194109773 0.4695448460508702 0.4200133868808568 0.48050535475234274 0.418925702811245 0.48485609103078986 0.4259538152610442 0.48602744310575646 0.43473895582329325 0.47916666666666674 0.4398427041499331 0.4687081659973227 0.4374163319946453
0 0.4660307898259706 0.38085676037483274 0.468959170013387 0.37491633199464525 0.47807898259705495 0.37248995983935745 0.4845214190093709 0.37792838018741637 0.4845214190093709 0.3864625167336011 0.47933400267737625 0.3908132530120482 0.468959170013387 0.39039491298527446 0.46628179384203494 0.38570950468540827
0 0.338894422310757 0.4941899070385127 0.3427124833997344 0.49003984063745026 0.34985059760956183 0.49003984063745026 0.3531706507304117 0.4942729083665339 0.35358565737051795 0.5011620185922975 0.34719455511288183 0.5053950863213812 0.33930942895086325 0.5021580345285526
0 0.3633798140770253 0.4960989375830014 0.3666998671978753 0.48904382470119523 0.37740703851261626 0.4887948207171315 0.38205511288180616 0.49651394422310763 0.3807270916334662 0.5042330677290837 0.37375498007968133 0.506308100929615 0.3657868525896415 0.50464807436919
0 0.3390604249667995 0.4586653386454184 0.34121845949535196 0.4534362549800797 0.3493525896414343 0.45185922974767595 0.3535026560424967 0.45683930942895096 0.3533366533864542 0.4631474103585658 0.3479415670650731 0.46729747675962824 0.3408034528552457 0.4640604249667995
0 0.36503984063745026 0.45874833997343967 0.36802788844621515 0.45277224435590974 0.3770750332005313 0.4519422310756972 0.38047808764940244 0.45891434262948216 0.37732403718459506 0.46572045152722447 0.3701859229747676 0.4673804780876495 0.3665338645418328 0.4637284196547145
0 0.36453419811320753 0.42556014150943394 0.36915290880503143 0.4191725628930817 0.3777024371069182 0.4209414308176101 0.37966784591194963 0.42860652515723263 0.37455778301886794 0.4339131289308176 0.36659787735849053 0.4329304245283019
0 0.5252403846153846 0.5690438034188033 0.5332532051282052 0.5595619658119657 0.546875 0.5592948717948718 0.5539529914529914 0.5659722222222223 0.5522168803418803 0.5790598290598291 0.5479433760683761 0.5837339743589745 0.5388621794871795 0.5870726495726495 0.5265758547008547 0.5837339743589745 0.5243055555555556 0.5771901709401709
0 0.5909455128205129 0.5770566239316239 0.5968215811965812 0.5645032051282052 0.611778846153846 0.5615651709401709 0.6212606837606838 0.5702457264957265 0.6195245726495725 0.5860042735042735 0.6104433760683761 0.592013888888889 0.5970886752136751 0.5906784188034188 0.5918803418803418 0.5854700854700855
0 0.5466079059829059 0.5200320512820512 0.5516826923076923 0.5122863247863246 0.5614316239316239 0.5114850427350427 0.5661057692307693 0.5185630341880343 0.562366452991453 0.5273771367521366 0.5523504273504273 0.5296474358974359 0.5483440170940171 0.5275106837606838
0 0.5909259259259259 0.5191666666666667 0.5954629629629631 0.5128703703703703 0.6051851851851852 0.5116666666666667 0.6098148148148148 0.5176851851851851 0.6075 0.5255555555555557 0.6 0.5283333333333333 0.5919444444444444 0.527037037037037
0 0.5476427622841965 0.4740205843293493 0.5497177954847278 0.46812749003984067 0.5590139442231077 0.4649734395750333 0.5654050464807437 0.46953851261620194 0.5653220451527226 0.47667662682602924 0.560175962815405 0.4821547144754317 0.5523738379814078 0.4821547144754317 0.5483897742363879 0.4786686586985392
0 0.5909694555112882 0.47302456839309437 0.5962815405046481 0.4653054448871183 0.6056606905710492 0.4656374501992032 0.6100597609561753 0.47186254980079684 0.6072377158034529 0.48082669322709165 0.6002656042496681 0.48306772908366535 0.5927124833997345 0.4810756972111554
0 0.5476117886178863 0.42820121951219525 0.5501524390243903 0.4215955284552846 0.5590955284552847 0.41875000000000007 0.5649898373983739 0.42240853658536587 0.5676321138211383 0.43084349593495935 0.5630589430894309 0.436839430894309 0.5560467479674797 0.4384654471544716 0.5496443089430896 0.4371443089430896
0 0.5914591977869986 0.42825034578146615 0.5938796680497925 0.4215940525587829 0.6026970954356847 0.418222683264177 0.6090076071922544 0.4218533886583679 0.6114280774550485 0.43049792531120334 0.6088347164591977 0.4375 0.5982883817427386 0.43931535269709543 0.5933609958506224 0.43594398340248963
0 0.5923236514522822 0.3790629322268326 0.5954356846473029 0.37439488243430147 0.6047717842323651 0.37309820193637616 0.6113416320885201 0.3794951590594744 0.6103907330567082 0.3901279391424619 0.605463347164592 0.393326417704011 0.5968188105117566 0.39254840940525587 0.5916320885200553 0.3875345781466113
0 0.5478042876901797 0.38139695712309823 0.551521438450899 0.37499999999999994 0.5613762102351314 0.37275242047026275 0.5669951590594745 0.3802731673582295 0.5678596127247579 0.3875345781466113 0.5626728907330567 0.39323997233748265 0.5514349930843707 0.3922890733056708 0.5479771784232366 0.38701590594744123
0 0.42762717536813927 0.27367804551539493 0.4286311914323963 0.26999665327978584 0.43340026773761714 0.2684069611780455 0.4372489959839358 0.27066599732262386 0.43825301204819284 0.27493306559571623 0.4362449799196788 0.2780287817938421 0.43289825970548873 0.27911646586345384 0.4285475234270416 0.2774431057563588
0 0.4419344042838019 0.27384538152610444 0.4431057563587685 0.27066599732262386 0.4468708165997324 0.2684069611780455 0.45013386880856765 0.2696619812583668 0.4523092369477913 0.27334337349397597 0.4508868808567604 0.2774431057563588 0.4485441767068274 0.2788654618473896 0.44419344042838027 0.2776941097724231
0 0.45615796519410984 0.2741800535475235 0.45741298527443114 0.26991298527443114 0.4623493975903615 0.2683232931726908 0.4661144578313253 0.27125167336010714 0.4672021419009371 0.27660642570281124 0.46159638554216875 0.2792001338688086 0.45791499330655966 0.27719210174029457
0 0.47014063811922746 0.27120067170445 0.47181989924433254 0.2688916876574307 0.47580814441645675 0.2697837951301427 0.47701511335012603 0.2723551637279597 0.47643786733837107 0.2751364399664148 0.4741813602015113 0.27623845507976486 0.4711901763224182 0.2757136859781696 0.46998320738874894 0.27387699412258604
0 0.479796389588581 0.2708333333333333 0.48189546599496225 0.2691015952980689 0.4854114189756507 0.2691015952980689 0.48661838790931994 0.2731947942905122 0.48577875734676734 0.2760810243492863 0.48194794290512166 0.27655331654072207 0.4798488664987406 0.2744542401343409
0 0.47082283795130137 0.2815910999160369 0.4723971452560873 0.2783375314861461 0.47722502099076414 0.2776553316540722 0.4798488664987406 0.28069899244332497 0.47874685138539047 0.28515952980688497 0.47502099076406373 0.28662888329135183 0.47229219143576834 0.28531696053736355
