0 0.3706632653061224 0.736734693877551 0.37534013605442174 0.7312925170068028 0.3845238095238095 0.7304421768707483 0.38928571428571423 0.7364795918367346 0.39064625850340134 0.7441326530612244 0.38477891156462585 0.7504251700680272 0.3745748299319727 0.7500850340136054 0.3717687074829931 0.744812925170068
0 0.37207341269841265 0.6908234126984126 0.3762400793650793 0.6850694444444444 0.3848710317460317 0.6839781746031746 0.39042658730158725 0.6917162698412698 0.38864087301587297 0.7005456349206348 0.3801091269841269 0.7038194444444443 0.37316468253968255 0.7005456349206348
0 0.372172619047619 0.649156746031746 0.37554563492063486 0.6424107142857143 0.3852678571428571 0.640625 0.39072420634920635 0.6456845238095238 0.39191468253968254 0.6544146825396825 0.3851686507936508 0.659970238095238 0.37564484126984127 0.6594742063492063
0 0.372172619047619 0.6145337301587301 0.37673611111111105 0.6064980158730159 0.38883928571428567 0.6070932539682539 0.39320436507936507 0.618204365079365 0.3862599206349206 0.6251488095238095 0.3757440476190476 0.6236607142857142
0 0.372172619047619 0.577827380952381 0.37901785714285713 0.569890873015873 0.3890376984126984 0.5717757936507936 0.3931051587301587 0.5828869047619047 0.38536706349206346 0.5887400793650793 0.37743055555555555 0.588640873015873
0 0.4107653791130186 0.7225500715307582 0.41568311874105857 0.7153969957081545 0.4271280400572246 0.7155758226037195 0.43106223175965663 0.7245171673819742 0.4269492131616595 0.7327432045779685 0.417381974248927 0.7341738197424892 0.412643061516452 0.7297925608011444
0 0.41121794871794876 0.6406249999999999 0.4147435897435897 0.6325320512820511 0.42475961538461543 0.6301282051282051 0.4309294871794871 0.635576923076923 0.4318108974358974 0.6443108974358974 0.42620192307692306 0.6494391025641025 0.4167467948717949 0.6500801282051282
0 0.4125 0.5788461538461538 0.41666666666666663 0.5719551282051282 0.42708333333333326 0.5697916666666666 0.4330128205128204 0.5788461538461538 0.4300480769230769 0.5879807692307691 0.4179487179487179 0.5903846153846153 0.4142628205128205 0.5858173076923077
0 0.4522289426523297 0.7649529569892473 0.45413306451612895 0.7572244623655914 0.4635416666666666 0.7534162186379928 0.4718301971326164 0.7598006272401433 0.4710461469534049 0.7705533154121863 0.4637656810035841 0.7750336021505376 0.45491711469534046 0.7725694444444444
0 0.4527889784946236 0.6939404121863798 0.4554771505376344 0.6854278673835125 0.46645385304659487 0.6838597670250895 0.47250224014336906 0.692820340501792 0.46959005376344076 0.7022289426523297 0.46051747311827945 0.7046931003584228 0.4545810931899641 0.7001008064516128
0 0.4522289426523297 0.6522737455197132 0.4557011648745519 0.6610103046594982 0.4618615591397849 0.6626904121863798 0.46925403225806445 0.6617943548387095 0.47261424731182783 0.6539538530465949 0.4728382616487455 0.648801523297491 0.4654457885304659 0.6430891577060931 0.4598454301075268 0.6438732078853046 0.45446908602150526 0.6463373655913978
0 0.4531249999999999 0.5793570788530465 0.4545810931899641 0.5721886200716845 0.46242159498207885 0.5692764336917562 0.47138216845878134 0.5728606630824372 0.4737343189964157 0.5813732078853046 0.46790994623655907 0.5887656810035842 0.4606294802867383 0.5896617383512545 0.4542450716845877 0.5864135304659498
0 0.4956632653061225 0.7624149659863946 0.4988945578231292 0.7550170068027211 0.509608843537415 0.7540816326530613 0.5152210884353741 0.7616496598639456 0.5137755102040816 0.7706632653061225 0.5066326530612245 0.7740646258503402 0.49897959183673474 0.7714285714285715 0.49617346938775514 0.7655612244897959
0 0.4964192708333333 0.692138671875 0.4986979166666667 0.6865234375 0.5078125 0.68408203125 0.513671875 0.6886393229166666 0.515380859375 0.6966959635416666 0.510009765625 0.701904296875 0.5005696614583334 0.702880859375 0.4974772135416667 0.6973470052083334
0 0.4962710765239948 0.6506160830090791 0.500405317769131 0.644455252918288 0.5097276264591439 0.6442120622568094 0.5145103761348899 0.6489948119325551 0.5152399481193256 0.6566147859922179 0.5118352788586251 0.6622892347600519 0.5042153047989625 0.6630998702983139 0.4973249027237354 0.6603437094682232
0 0.4965277777777778 0.6128068475452196 0.5040374677002585 0.6058624031007752 0.513000645994832 0.607638888888889 0.5163921188630491 0.6132913436692506 0.5151001291989664 0.6210432816537468 0.510578165374677 0.6244347545219638 0.5015342377260982 0.6257267441860466
0 0.5601190476190476 0.5986394557823129 0.5663265306122449 0.5931122448979591 0.5779761904761904 0.5936224489795918 0.5811224489795919 0.6032312925170068 0.5782312925170068 0.610969387755102 0.5710884353741497 0.6148809523809524 0.5625850340136054 0.6126700680272108 0.5596938775510204 0.6056122448979592
0 0.6507056451612903 0.5893257168458781 0.6555219534050178 0.5815972222222222 0.6671706989247311 0.5796931003584228 0.6725470430107526 0.5858534946236558 0.6724350358422939 0.5951500896057347 0.6686267921146952 0.6003024193548386 0.6619063620071685 0.6024305555555555 0.6537298387096774 0.5983982974910393
0 0.6435371863799282 0.5455309139784945 0.647793458781362 0.5401545698924731 0.6547379032258064 0.5398185483870968 0.6602262544802866 0.5446348566308243 0.6600022401433691 0.5523633512544802 0.6552979390681003 0.5556115591397849 0.6476814516129031 0.5569556451612903 0.6447692652329748 0.5513552867383512
0 0.6122871863799282 0.5469870071684587 0.6156474014336917 0.5409386200716845 0.624159946236559 0.5390344982078852 0.6275201612903225 0.5422827060931898 0.6287522401433691 0.5464269713261648 0.628304211469534 0.5516913082437275 0.6222558243727598 0.5565076164874552 0.6153113799283153 0.5539314516129031
0 0.46567841880341876 0.5237713675213675 0.4696848290598291 0.5152243589743589 0.4806356837606838 0.515758547008547 0.4841079059829059 0.5243055555555556 0.4841079059829059 0.530715811965812 0.4726228632478632 0.5333867521367521 0.4667467948717948 0.5292467948717948
0 0.3254950495049505 0.4991749174917492 0.3333333333333333 0.4896864686468647 0.345503300330033 0.4886551155115511 0.3516914191419142 0.4995874587458746 0.3473597359735974 0.5111386138613861 0.3333333333333333 0.5129950495049505 0.32776402640264024 0.5072194719471947
0 0.2926980198019802 0.4995874587458746 0.3003300330033003 0.4890676567656766 0.3125 0.4882425742574258 0.31848184818481845 0.49690594059405946 0.31745049504950495 0.5090759075907592 0.3013613861386138 0.5127887788778878
0 0.42966171617161714 0.4690594059405941 0.4358498349834984 0.46328382838283827 0.4426153273809524 0.46670386904761907 0.44345238095238093 0.47274925595238093 0.43954613095238093 0.4761904761904762 0.4323846726190476 0.4750744047619047
0 0.4111793154761905 0.45796130952380953 0.41731770833333337 0.45321800595238093 0.4237351190476191 0.4562872023809524 0.4236421130952381 0.4640066964285714 0.41843377976190477 0.4661458333333333 0.41294642857142866 0.46382068452380953
0 0.3961174242424242 0.4322916666666666 0.3981060606060605 0.42831439393939386 0.40340909090909083 0.42698863636363626 0.40615530303030295 0.43162878787878783 0.4051136363636363 0.4362689393939394 0.3991477272727272 0.43721590909090907
0 0.38589015151515144 0.4139204545454545 0.3911931818181818 0.4103219696969696 0.3956439393939394 0.4124999999999999 0.3962121212121211 0.41808712121212116 0.39318181818181813 0.4204545454545454 0.38816287878787875 0.4191287878787878
0 0.41988636363636356 0.4205492424242424 0.4232007575757575 0.4168560606060605 0.4274621212121211 0.41723484848484843 0.42973484848484844 0.42130681818181814 0.4286931818181818 0.4260416666666666 0.4249999999999999 0.4259469696969696 0.4207386363636363 0.42471590909090906
0 0.4322916666666666 0.43143939393939384 0.4376893939393939 0.4277462121212121 0.4431818181818181 0.4294507575757575 0.44214015151515146 0.4360795454545454 0.4380681818181818 0.43721590909090907 0.43342803030303023 0.43551136363636356
0 0.46768518518518515 0.4947222222222223 0.47231481481481485 0.49305555555555564 0.47509259259259257 0.4962962962962964 0.47351851851851845 0.5011111111111111 0.4706481481481482 0.5019444444444444 0.467037037037037 0.4999074074074074
0 0.6126109467455623 0.4994452662721894 0.6169255424063116 0.4971030571992111 0.6211168639053255 0.49969181459566075 0.6203772189349114 0.5053624260355031 0.6174186390532544 0.50659516765286 0.6123643984220907 0.5043762327416174
0 0.6200073964497042 0.5120192307692307 0.6230892504930966 0.5096770216962525 0.6269107495069034 0.5109097633136095 0.6277736686390533 0.5160872781065088 0.6245685404339251 0.518552761341223 0.6209935897435896 0.5169501972386589
0 0.6394847140039447 0.49993836291913224 0.64392258382643 0.4969797830374754 0.6481139053254439 0.4989521696252465 0.6484837278106509 0.5049926035502958 0.6437993096646943 0.50659516765286 0.6398545364891519 0.5057322485207101
0 0.6483604536489153 0.5141148915187377 0.6511957593688364 0.5095537475345168 0.6566198224852072 0.5096770216962525 0.6580991124260356 0.5155941814595661 0.6553870808678501 0.5190458579881656 0.6507026627218935 0.5175665680473372
0 0.43995450191570884 0.5085608237547893 0.4445043103448276 0.50628591954023 0.4480962643678161 0.5080818965517241 0.447617337164751 0.5135895593869731 0.44378591954022995 0.5151460727969349 0.43971503831417624 0.5131106321839081
0 0.4307351532567049 0.49527059386973177 0.4355244252873563 0.492397030651341 0.43923611111111116 0.494073275862069 0.4393558429118774 0.49922174329501917 0.43672174329501917 0.5008979885057471 0.43169300766283525 0.5002993295019157
0 0.3357474964234621 0.3312768240343347 0.34021816881258937 0.32904148783977105 0.34406294706723894 0.33226037195994274 0.34334763948497854 0.33699928469241774 0.34021816881258937 0.3386981402002861 0.33601573676680974 0.3373569384835479
0 0.349964234620887 0.33306509298998566 0.3541666666666667 0.3292203147353362 0.35926323319027176 0.33109799713876964 0.359620886981402 0.336552217453505 0.3553290414878397 0.3392346208869814 0.35139484978540775 0.33699928469241774
0 0.3357474964234621 0.30793991416309013 0.3407546494992847 0.30606223175965663 0.34406294706723894 0.30856580829756797 0.34406294706723894 0.3141094420600858 0.3392346208869814 0.31589771101573677 0.3364628040057224 0.31402002861230327
0 0.35005364806866957 0.31035407725321884 0.35363018597997137 0.30606223175965663 0.35801144492131615 0.30695636623748207 0.35988912732474965 0.311516452074392 0.3572067238912732 0.31518240343347637 0.35264663805436336 0.3150035765379113
0 0.33601573676680974 0.2858547925608011 0.33860872675250353 0.2828147353361945 0.3437052932761087 0.28415593705293274 0.34477825464949924 0.28934191702432044 0.3410228898426323 0.29238197424892703 0.33628397711015734 0.2896995708154506
0 0.3504113018597997 0.2862124463519313 0.35443490701001434 0.28308297567954216 0.35926323319027176 0.2847818311874106 0.35997854077253216 0.2902360515021459 0.3557761087267525 0.29220314735336195 0.35211015736766804 0.29032546494992845
0 0.3667868589743589 0.3625801282051282 0.3729967948717948 0.3583733974358974 0.3766025641025641 0.36077724358974356 0.3782051282051282 0.3671875 0.3739983974358974 0.36919070512820507 0.3687900641025641 0.37059294871794873 0.3661858974358974 0.36738782051282043
0 0.38581730769230765 0.36237980769230765 0.39042467948717946 0.359375 0.39723557692307687 0.36177884615384615 0.3960336538461538 0.3693910256410256 0.3916266025641025 0.37159455128205127 0.38721955128205127 0.3697916666666667 0.38461538461538464 0.3671875
0 0.3842939121756487 0.33002744510978044 0.39078093812375253 0.3251621756487026 0.39814121756487025 0.3267839321357285 0.3978917165668663 0.33651447105788423 0.3930264471057885 0.3387599800399202 0.3856661676646707 0.3368887225548902
0 0.38217315369261484 0.30956836327345316 0.38753742514970063 0.3032060878243513 0.39389970059880247 0.30682385229540915 0.3950224550898204 0.31293662674650696 0.3902819361277446 0.3173028942115768 0.38292165668662675 0.3149326347305389
0 0.38529191616766467 0.28998253493013976 0.3894086826347306 0.28374500998003993 0.3966442115768463 0.283246007984032 0.39913922155688625 0.28898453093812376 0.39651946107784436 0.29335079840319367 0.3920284431137725 0.2960953093812375 0.38716317365269465 0.2938498003992016
0 0.3139423076923077 0.2503205128205128 0.3190705128205128 0.24375 0.3296474358974359 0.24455128205128204 0.3310897435897436 0.25240384615384615 0.3296474358974359 0.2584935897435897 0.32419871794871796 0.26153846153846155 0.31682692307692306 0.258974358974359
0 0.3435897435897436 0.25064102564102564 0.3498397435897436 0.24423076923076925 0.35849358974358975 0.24407051282051279 0.3620192307692308 0.25112179487179487 0.35801282051282046 0.2594551282051282 0.3522435897435897 0.2610576923076923 0.34535256410256415 0.257051282051282
0 0.3814102564102564 0.2530448717948718 0.3870192307692308 0.24567307692307694 0.3967948717948718 0.25064102564102564 0.3955128205128205 0.25977564102564105 0.390224358974359 0.2621794871794872 0.38381410256410253 0.25961538461538464
0 0.3849557522123894 0.22713864306784667 0.3904867256637169 0.22464970501474932 0.3950036873156343 0.2283370206489676 0.3932522123893806 0.23423672566371687 0.38845870206489685 0.2357116519174042 0.3850479351032449 0.23359144542772867
0 0.26016414141414146 0.24438131313131317 0.26395202020202024 0.23743686868686875 0.2683781464530892 0.2387728832951945 0.2703804347826087 0.2418239893211289 0.26990369946605647 0.24592391304347824 0.2685211670480549 0.24697273073989323 0.26556540808543094 0.24730644546147976
0 0.2777170745920746 0.2406395687645688 0.2815049533799534 0.23736159673659676 0.28507430069930073 0.23940122377622378 0.28653117715617715 0.2453015734265734 0.2812135780885781 0.24821532634032636 0.2760416666666667 0.24537441724941725
0 0.236473880597015 0.19770936981757883 0.23906509121061367 0.1942889718076286 0.24435116086235495 0.1942889718076286 0.24569859038142625 0.19957504145936988 0.24207089552238814 0.20434286898839144 0.23771766169154232 0.2022699004975125
0 0.216884328358209 0.16920605306799344 0.22154850746268664 0.16578565505804316 0.22683457711442795 0.16879145936981763 0.2265236318407961 0.1756322553897181 0.22227404643449422 0.1788453565505805 0.21657338308457716 0.17583955223880604
0 0.23554104477611942 0.17200456053068 0.23947968490878946 0.1663038971807629 0.2455949419568823 0.16899875621890553 0.2453876451077944 0.17521766169154232 0.24144900497512442 0.1777052238805971 0.23616293532338314 0.1755286069651742
0 0.2664930555555555 0.19949959150326796 0.26996527777777773 0.1944955065359477 0.27425449346405223 0.19745710784313725 0.2734375 0.20338031045751634 0.26741217320261434 0.2029718137254902
0 0.27867246080436264 0.1990030674846626 0.28327368779822765 0.19550954328561693 0.2865967961826858 0.1981083844580777 0.2858299250170416 0.20232617586912066 0.2828050443081118 0.20339127471029314 0.2800357873210634 0.2024113837764145
0 0.26734760051880674 0.181825551232166 0.27253566796368356 0.18060959792477305 0.27383268482490275 0.1857976653696498 0.27075226977950717 0.1883916990920882 0.26775291828793774 0.18668936446173803
0 0.2795071335927367 0.18377107652399483 0.28372243839169914 0.18004215304798962 0.28672178988326846 0.1831225680933852 0.2855058365758755 0.1869325551232166 0.2822632944228275 0.18758106355382623
0 0.26653696498054474 0.16699092088197148 0.2706712062256809 0.16237029831387811 0.27464332036316474 0.1655317769130999 0.2721303501945525 0.16942282749675747 0.26791504539559013 0.16901750972762647
0 0.2786964980544747 0.16593709468223086 0.2821822308690013 0.16164072632944232 0.28745136186770426 0.16488326848249027 0.28655966277561606 0.1690985732814527 0.28185797665369655 0.17136835278858625
0 0.30859375 0.16854745370370372 0.31708140432098764 0.16025270061728397 0.32817322530864196 0.16343557098765435 0.3297164351851852 0.17279128086419757 0.3234471450617284 0.18079668209876545 0.3113908179012346 0.17838541666666666
0 0.33405671296296297 0.17182677469135801 0.34032600308641975 0.16131365740740744 0.35064621913580246 0.1591917438271605 0.357397762345679 0.16710069444444442 0.35652970679012347 0.17635995370370372 0.3470775462962963 0.18108603395061731 0.3376253858024691 0.17963927469135801
0 0.3353105709876543 0.19304591049382716 0.33974729938271603 0.18446180555555558 0.35344328703703703 0.18330439814814814 0.35624035493827155 0.19603587962962962 0.3492959104938272 0.2023051697530864 0.3400366512345679 0.20278742283950615
0 0.3627025462962963 0.1686439043209877 0.3678144290123457 0.16073495370370372 0.37717013888888884 0.15928819444444442 0.38286072530864196 0.16362847222222224 0.384789737654321 0.17259837962962962 0.37514467592592593 0.17983217592592596 0.365210262345679 0.17664930555555558
0 0.38787615740740744 0.16546103395061731 0.396460262345679 0.15735918209876545 0.40716628086419754 0.1580343364197531 0.41025270061728397 0.16787229938271603 0.40475501543209874 0.17742091049382716 0.39443479938271603 0.17645640432098764
0 0.3872974537037037 0.19208140432098764 0.3942418981481481 0.18359375 0.40610532407407407 0.18359375 0.4086130401234568 0.1943962191358025 0.40407986111111116 0.20240162037037038 0.3935667438271605 0.20201581790123455
0 0.4576099537037037 0.19179205246913583 0.46204668209876537 0.18465470679012347 0.4730420524691358 0.18397955246913583 0.47844328703703703 0.19246720679012347 0.47313850308641975 0.2024980709876543 0.46243248456790115 0.2029803240740741
0 0.42809606481481477 0.16806520061728397 0.4342689043209877 0.16054205246913583 0.44516782407407407 0.15977044753086422 0.44912229938271603 0.1671971450617284 0.44709683641975306 0.17539544753086422 0.43668016975308643 0.18012152777777776
0 0.428125 0.23572303921568627 0.43327205882352937 0.22653186274509807 0.44221813725490194 0.22506127450980395 0.44871323529411766 0.23045343137254898 0.4473651960784314 0.2411151960784314 0.43976715686274515 0.2463848039215686 0.43265931372549016 0.24417892156862744
0 0.4613357843137255 0.24037990196078435 0.4684436274509804 0.23204656862745102 0.4792279411764706 0.23363970588235294 0.48302696078431373 0.24283088235294115 0.4766544117647059 0.2516544117647059 0.46893382352941176 0.2534926470588236 0.46243872549019605 0.24797794117647062
0 0.5053308823529412 0.24025735294117653 0.5123161764705882 0.23609068627450985 0.517953431372549 0.2386642156862745 0.5190563725490196 0.2465073529411765 0.5159926470588235 0.24871323529411768 0.5081495098039216 0.2473651960784314
0 0.5232726793248944 0.1840058016877637 0.5256460970464135 0.1804456751054852 0.5322389240506328 0.17925896624472573 0.5347441983122363 0.18479694092827006 0.5323707805907173 0.18914820675105487 0.5272283755274261 0.19033491561181434
0 0.5321070675105485 0.19705959915611812 0.5364583333333334 0.19231276371308015 0.5418644514767932 0.191917194092827 0.5446334388185653 0.19376318565400844 0.5452927215189873 0.19903744725738395 0.5425237341772151 0.2019382911392405 0.535007911392405 0.2019382911392405
0 0.5578190928270043 0.2062895569620253 0.560456223628692 0.1971914556962025 0.5678401898734177 0.1933676160337553 0.5719277426160336 0.1933676160337553 0.5775975738396624 0.19745516877637131 0.5794435654008439 0.20338871308016876 0.5789161392405063 0.2094541139240506 0.5729825949367089 0.214332805907173 0.5670490506329113 0.21472837552742619 0.5603243670886076 0.2120912447257384
0 0.5578190928270043 0.16936972573839662 0.5633570675105485 0.16093090717299577 0.5729825949367089 0.15816191983122363 0.5787842827004219 0.16541402953586495 0.5790479957805906 0.17372099156118143 0.5728507383966244 0.17873154008438819 0.5650712025316456 0.1793908227848101 0.5583465189873418 0.1730617088607595
0 0.5697222222222222 0.23680555555555552 0.5747222222222222 0.2334722222222222 0.5802777777777778 0.235 0.5798611111111112 0.2398611111111111 0.5781944444444445 0.2425 0.57375 0.24291666666666667 0.5698611111111112 0.2409722222222222
0 0.5812640291806959 0.24456369248035917 0.585192199775533 0.24147727272727276 0.5876473063973063 0.24154741863075202 0.5904531425364759 0.2436517957351291 0.590803872053872 0.24554573512906852 0.5889099326599326 0.24849186307519644 0.5870861391694725 0.25031565656565663 0.5847011784511785 0.2504559483726151 0.583087822671156 0.24968434343434348
0 0.6093526466380543 0.2409692417739628 0.6115879828326181 0.23783977110157367 0.61552217453505 0.237571530758226 0.6162374821173104 0.24239985693848354 0.6139127324749641 0.24391988555078684 0.6114091559370529 0.24418812589413444
0 0.6251788268955651 0.2414163090128755 0.6276824034334764 0.23819742489270382 0.6316165951359084 0.23730329041487838 0.6327789699570815 0.23962804005722457 0.6334048640915594 0.24365164520743918 0.6303648068669527 0.24517167381974247 0.6260729613733905 0.24454577968526464
0 0.6073855507868383 0.21289341917024315 0.6134656652360514 0.2106580829756795 0.617310443490701 0.21414520743919885 0.6157904148783977 0.21781115879828325 0.6110515021459227 0.21924177396280398
0 0.6219599427753935 0.2153969957081545 0.6241058655221745 0.21092632331902716 0.6295600858369099 0.21119456366237482 0.6317954220314735 0.2160228898426323 0.6300071530758226 0.2190629470672389 0.6250894134477826 0.21843705293276106
0 0.6089949928469242 0.19840844062947066 0.6105150214592274 0.19608369098712444 0.6152539341917024 0.196173104434907 0.6166845493562231 0.19912374821173104 0.6154327610872675 0.20377324749642345 0.6106938483547925 0.20386266094420602 0.6092632331902718 0.20135908440629469
0 0.6195457796852646 0.19912374821173104 0.623211731044349 0.19572603719599427 0.6284871244635193 0.19653075822603716 0.6292918454935622 0.20198497854077252 0.6263412017167382 0.2039520743919885 0.6224070100143061 0.2039520743919885
0 0.6140021459227467 0.17086909871244635 0.6177575107296137 0.16747138769670958 0.6215128755364806 0.16845493562231756 0.6233011444921316 0.17292560801144488 0.6214234620886981 0.17596566523605148 0.6176680972818311 0.17632331902718168
0 0.6124821173104434 0.1558476394849785 0.6168633762517882 0.15307582260371957 0.6222281831187411 0.15486409155937048 0.6208869814020028 0.1605865522174535 0.6165951359084406 0.16246423462088694 0.6132868383404865 0.16112303290414876
