0 0.10351562500000001 0.36480034722222227 0.09830729166666669 0.3778211805555556 0.10394965277777778 0.38476562500000006 0.11436631944444443 0.3830295138888889 0.12087673611111109 0.3752170138888889 0.11306423611111109 0.3661024305555556
0 0.11740451388888891 0.3552517361111111 0.126953125 0.3552517361111111 0.13216145833333334 0.36263020833333337 0.12651909722222224 0.36957465277777773 0.11610243055555557 0.36914062500000006 0.11349826388888891 0.3604600694444444
0 0.13216145833333334 0.3682725694444444 0.12565104166666666 0.37651909722222227 0.12738715277777776 0.3830295138888889 0.13519965277777776 0.3838975694444444 0.14388020833333334 0.3778211805555556 0.1404079861111111 0.36783854166666674
0 0.15299479166666666 0.39518229166666674 0.1560329861111111 0.38606770833333337 0.14995659722222224 0.3799913194444444 0.13997395833333334 0.3825954861111111 0.13389756944444442 0.39214409722222227 0.14388020833333334 0.3986545138888889
0 0.12435567010309277 0.40420962199312716 0.1301546391752577 0.4024914089347079 0.1359536082474227 0.4048539518900344 0.13681271477663232 0.41301546391752586 0.13079896907216496 0.4164518900343643 0.12457044673539519 0.4140893470790379
0 0.11554982817869415 0.413659793814433 0.11232817869415809 0.42031786941580757 0.11791237113402062 0.42547250859106533 0.12328178694158076 0.42332474226804123 0.12736254295532645 0.4183848797250859 0.1209192439862543 0.412585910652921
0 0.10373711340206185 0.4213917525773196 0.10051546391752578 0.428479381443299 0.10481099656357389 0.43449312714776633 0.11211340206185567 0.43427835051546393 0.11597938144329897 0.42804982817869414 0.11060996563573883 0.42096219931271484
0 0.09364261168384881 0.43084192439862545 0.09106529209621994 0.4372852233676976 0.09450171821305842 0.4445876288659794 0.1009450171821306 0.4437285223367698 0.10481099656357389 0.4390034364261169 0.1015893470790378 0.4310567010309279
0 0.12757731958762886 0.4235395189003437 0.12306701030927836 0.4293384879725087 0.12328178694158076 0.4383591065292096 0.13122852233676977 0.4424398625429554 0.14153780068728525 0.4400773195876289 0.14540378006872853 0.4327749140893471 0.13681271477663232 0.4226804123711341
0 0.11060996563573883 0.43943298969072164 0.10416666666666667 0.4471649484536083 0.10867697594501718 0.45532646048109965 0.11597938144329897 0.45854810996563583 0.1252147766323024 0.4559707903780069 0.1301546391752577 0.4478092783505155 0.12006013745704468 0.43685567010309284
0 0.09664948453608246 0.45682989690721654 0.09364261168384881 0.46348797250859114 0.09600515463917526 0.47229381443298973 0.10416666666666667 0.47315292096219935 0.11275773195876287 0.46821305841924404 0.11146907216494846 0.4615549828178695 0.10481099656357389 0.453393470790378
0 0.16516323024054982 0.43041237113402064 0.17633161512027493 0.428479381443299 0.18384879725085912 0.4310567010309279 0.18835910652920962 0.4390034364261169 0.1836340206185567 0.44802405498281783 0.17396907216494845 0.45231958762886604 0.16752577319587628 0.4495274914089347 0.16151202749140894 0.4396477663230241
0 0.14218213058419246 0.4540378006872853 0.13745704467353953 0.4621993127147766 0.1391752577319588 0.4712199312714777 0.15098797250859106 0.47701890034364264 0.15979381443298968 0.47207903780068733 0.1645189003436426 0.4630584192439863 0.15979381443298968 0.4548969072164949 0.15077319587628865 0.4510309278350516
0 0.16258591065292097 0.4742268041237114 0.16945876288659792 0.47207903780068733 0.1793384879725086 0.4735824742268041 0.18384879725085912 0.48410652920962205 0.17826460481099657 0.4926975945017183 0.16537800687285226 0.4963487972508592 0.15807560137457044 0.49076460481099665 0.15678694158075604 0.47938144329896915
0 0.18642611683848795 0.45038659793814434 0.19952749140893472 0.4486683848797251 0.20747422680412372 0.45640034364261167 0.20189003436426117 0.47057560137457044 0.18921821305841924 0.47057560137457044 0.18062714776632302 0.4587628865979382
0 0.6561011904761904 0.25178571428571433 0.665327380952381 0.2498511904761905 0.6741071428571429 0.2574404761904763 0.6699404761904763 0.2705357142857144 0.6586309523809524 0.2726190476190477 0.65 0.26309523809523816
0 0.6816964285714286 0.2775297619047619 0.6894345238095237 0.2757440476190477 0.6976190476190476 0.28199404761904767 0.6953869047619048 0.2925595238095238 0.6834821428571428 0.29806547619047624 0.6760416666666667 0.2886904761904763
0 0.6982142857142858 0.29479166666666673 0.7055059523809524 0.2931547619047619 0.7145833333333333 0.29925595238095243 0.7127976190476191 0.3084821428571429 0.7025297619047619 0.3154761904761905 0.6921130952380953 0.30595238095238103
0 0.7285770440251572 0.34630503144654085 0.7387971698113207 0.34453616352201255 0.7472484276729559 0.3527908805031446 0.74312106918239 0.3630110062893081 0.7307389937106918 0.3677279874213836 0.7218946540880502 0.3579009433962264
0 0.7592374213836478 0.36399371069182385 0.7621855345911949 0.3755896226415094 0.7527515723270439 0.38482704402515716 0.7413522012578615 0.38089622641509424 0.7386006289308175 0.3722484276729559 0.7492138364779873 0.36065251572327045
0 0.7670990566037735 0.37971698113207547 0.7572720125786163 0.38777515723270434 0.7594339622641508 0.39524371069182385 0.767688679245283 0.3993710691823899 0.777319182389937 0.38836477987421375
0 0.7749606918238993 0.3948506289308176 0.7832154088050314 0.39288522012578614 0.7906839622641508 0.3993710691823899 0.7859669811320754 0.4101808176100628 0.7767295597484276 0.4135220125786163 0.7690644654088049 0.40585691823899367
0 0.3817274305555556 0.41210937500000006 0.39518229166666674 0.4084201388888889 0.40690104166666674 0.41992187500000006 0.39995659722222227 0.4340277777777778 0.3858506944444444 0.43641493055555564 0.37456597222222227 0.42317708333333337
0 0.35785590277777773 0.43381076388888895 0.36979166666666674 0.4327256944444445 0.3806423611111111 0.4418402777777778 0.3752170138888889 0.4583333333333334 0.3585069444444444 0.46158854166666674 0.34722222222222227 0.44683159722222227
0 0.3830295138888889 0.46115451388888895 0.3947482638888889 0.4583333333333334 0.40625000000000006 0.4678819444444445 0.40277777777777773 0.48263888888888895 0.3869357638888889 0.48611111111111116 0.37630208333333337 0.47482638888888895
0 0.406875 0.4377083333333333 0.4191666666666667 0.4352083333333333 0.431875 0.4454166666666667 0.425 0.46020833333333333 0.41020833333333334 0.46166666666666667 0.40020833333333333 0.4504166666666667
0 0.32643995098039225 0.4673713235294118 0.3327205882352942 0.4661458333333333 0.3373161764705883 0.4712009803921569 0.33471200980392163 0.4774816176470588 0.32735906862745107 0.4782475490196078 0.3226102941176471 0.4728860294117647
0 0.31587009803921573 0.4774816176470588 0.32215073529411775 0.4765625 0.3276654411764706 0.481311274509804 0.32352941176470595 0.487438725490196 0.3170955882352942 0.4883578431372549 0.3129595588235295 0.4840686274509804
0 0.3373161764705883 0.4793198529411765 0.34313725490196084 0.4777879901960784 0.3495710784313726 0.4831495098039216 0.34574142156862747 0.4900428921568627 0.33915441176470595 0.4900428921568627 0.33425245098039225 0.4852941176470588
0 0.3262867647058824 0.4894301470588236 0.33180147058823534 0.4880514705882353 0.3380821078431373 0.4932598039215686 0.33471200980392163 0.4996936274509804 0.3279718137254902 0.5004595588235293 0.3230698529411765 0.4954044117647059
0 0.30495084269662925 0.4877691947565542 0.3109199438202247 0.48671582397003743 0.31595271535580527 0.4910463483146067 0.3132607677902622 0.49736657303370785 0.3058871722846442 0.49795177902621723 0.3015566479400749 0.49350421348314605
0 0.2941830524344569 0.49771769662921345 0.2999180711610487 0.4966643258426966 0.30600421348314605 0.49994147940074907 0.30354634831460675 0.507315074906367 0.29757724719101125 0.5083684456928839 0.2909058988764045 0.503686797752809
0 0.3156015917602996 0.5000585205992509 0.3219218164794007 0.49853698501872656 0.328125 0.5032186329588015 0.3248478464419476 0.5096558988764045 0.31841058052434457 0.5105922284644194 0.31267556179775285 0.5059105805243446
0 0.3056530898876404 0.5095388576779026 0.3108029026217229 0.5087195692883895 0.31735720973782766 0.5123478464419475 0.31372893258426965 0.5197214419475654 0.30717462546816476 0.5204236891385767 0.3021418539325843 0.5151568352059924
0 0.35235252808988754 0.4957279962546816 0.3571512172284644 0.4939723782771535 0.3642907303370786 0.49877106741573035 0.36007724719101125 0.5050912921348314 0.3525866104868913 0.5059105805243446 0.3490753745318351 0.5015800561797752
0 0.34018024344569286 0.5049742509363295 0.34626638576779023 0.5038038389513109 0.35375702247191004 0.509187734082397 0.34966058052434457 0.5152738764044943 0.3431062734082397 0.5164442883895131 0.3369030898876404 0.511060393258427
0 0.33105102996254676 0.515625 0.3356156367041198 0.5138693820224719 0.34275514981273403 0.5186680711610486 0.33982911985018727 0.5241690074906367 0.33386001872659177 0.5259246254681648 0.3283590823970038 0.5213600187265918
0 0.3631203183520599 0.507315074906367 0.3679190074906367 0.505442415730337 0.37517556179775274 0.5103581460674157 0.37119616104868913 0.5172635767790261 0.36475889513108606 0.5173806179775281 0.3596090823970037 0.5134012172284644
0 0.35246956928838946 0.5169124531835206 0.3490753745318351 0.5222963483146067 0.35375702247191004 0.5286165730337079 0.3605454119850187 0.5267439138576779 0.3645248127340824 0.5213600187265918 0.3571512172284644 0.514688670411985
0 0.34252106741573035 0.5270950374531835 0.34802200374531833 0.5259246254681648 0.3531718164794007 0.5307233146067415 0.35106507490636696 0.5361072097378277 0.34369147940074907 0.5378628277153558 0.3383075842696629 0.5329470973782772
0 0.31981507490636707 0.5251053370786516 0.32625234082397003 0.5240519662921348 0.3330407303370786 0.5292017790262172 0.3292954119850187 0.5344686329588015 0.3218047752808989 0.5359901685393258 0.31630383895131087 0.5310744382022472
0 0.3319873595505618 0.5372776217228463 0.3366690074906367 0.5359901685393258 0.34380852059925093 0.540437734082397 0.33982911985018727 0.5471090823970037 0.3332748127340824 0.5474602059925093 0.3284761235955056 0.5430126404494382
0 0.2671493902439025 0.5260416666666666 0.28061483739837406 0.5232469512195123 0.29280995934959353 0.5326473577235773 0.2859502032520326 0.549923780487805 0.27146849593495936 0.5509400406504066 0.2607977642276423 0.5395071138211383
0 0.24402947154471546 0.5491615853658537 0.2567327235772358 0.5450965447154472 0.26816565040650414 0.556783536585366 0.2607977642276423 0.5722815040650406 0.24657012195121955 0.5727896341463414 0.2369156504065041 0.5626270325203253
0 0.2671493902439025 0.572535569105691 0.2775660569105691 0.569994918699187 0.2907774390243903 0.5783790650406504 0.286204268292683 0.593114837398374 0.269944105691057 0.5989583333333334 0.25851117886178865 0.5860010162601627
0 0.2086767399267399 0.5964972527472527 0.2203525641025641 0.5935210622710622 0.2356913919413919 0.6056547619047619 0.22790750915750915 0.6223672161172161 0.21073717948717946 0.6251144688644689 0.2018086080586081 0.6125228937728938
0 0.17250457875457872 0.6303800366300366 0.1848672161172161 0.6264880952380952 0.19906135531135533 0.6363324175824175 0.19471153846153844 0.6537316849816851 0.1789148351648352 0.6599130036630036 0.1658653846153846 0.6457188644688644
0 0.16449175824175824 0.5250686813186812 0.1745650183150183 0.522779304029304 0.18211996336996336 0.53125 0.17822802197802198 0.540636446886447 0.1681547619047619 0.542239010989011 0.16128663003663002 0.5344551282051282
0 0.15258699633699635 0.5344551282051282 0.14777930402930403 0.5426968864468864 0.15441849816849815 0.5491071428571428 0.16357600732600736 0.5479624542124542 0.1656364468864469 0.5410943223443223 0.15899725274725274 0.5337683150183149
0 0.1393086080586081 0.5484203296703297 0.13564560439560439 0.557348901098901 0.14068223443223446 0.5658195970695971 0.1507554945054945 0.5651327838827839 0.15876831501831504 0.5564331501831502 0.14869505494505494 0.5459020146520146
0 0.1253434065934066 0.5605540293040292 0.12259615384615384 0.567651098901099 0.12717490842490842 0.574290293040293 0.13564560439560439 0.5733745421245421 0.1393086080586081 0.5665064102564104 0.13266941391941392 0.5587225274725275
0 0.19310897435897437 0.5481913919413919 0.20066391941391942 0.5465888278388278 0.20821886446886448 0.5541437728937728 0.20020604395604394 0.5619276556776557 0.18921703296703293 0.5578067765567765
0 0.16655219780219782 0.5493360805860806 0.1775412087912088 0.5465888278388278 0.18715659340659338 0.5523122710622711 0.18692765567765568 0.5671932234432233 0.1713598901098901 0.5736034798534799 0.15968406593406595 0.5692536630036631 0.15968406593406595 0.5566620879120879
0 0.14182692307692307 0.5687957875457874 0.13427197802197802 0.5774954212454213 0.13633241758241757 0.5923763736263735 0.1507554945054945 0.5983287545787547 0.1658653846153846 0.5871108058608059 0.1626602564102564 0.5777243589743589 0.1546474358974359 0.5674221611721612
0 0.8556985294117646 0.4569546568627451 0.8524816176470588 0.4646139705882353 0.8575367647058824 0.4731924019607843 0.8644301470588236 0.4745710784313726 0.869485294117647 0.4690563725490196 0.8713235294117646 0.46109068627450983 0.8624387254901962 0.453125
0 0.881127450980392 0.4869791666666667 0.8849571078431372 0.4791666666666667 0.8814338235294118 0.4698223039215686 0.8727022058823528 0.467984068627451 0.8676470588235294 0.4744178921568627 0.8671875 0.4868259803921569
0 0.8808210784313726 0.4620098039215686 0.8808210784313726 0.4563419117647059 0.876531862745098 0.4520526960784314 0.8714767156862744 0.4564950980392157 0.8720894607843136 0.4633884803921569 0.876531862745098 0.4643075980392157
0 0.8874080882352942 0.4554227941176471 0.8893995098039216 0.4503676470588236 0.8858762254901962 0.4459252450980392 0.8802083333333334 0.4469975490196078 0.8792892156862744 0.4518995098039216 0.8821997549019608 0.4569546568627451
0 0.8739276960784313 0.4393382352941177 0.8783700980392156 0.4387254901960784 0.8814338235294118 0.4420955882352941 0.8808210784313726 0.4469975490196078 0.8759191176470588 0.4499080882352941 0.8711703431372548 0.4459252450980392
0 0.866268382352941 0.4468443627450981 0.8647365196078431 0.4529718137254902 0.8681066176470588 0.4571078431372549 0.8723958333333334 0.4546568627450981 0.875765931372549 0.4505208333333333 0.8699448529411764 0.4459252450980392
0 0.9005681818181817 0.4995265151515152 0.8980429292929292 0.5075757575757575 0.9029356060606061 0.5130997474747475 0.9087752525252525 0.5107323232323231 0.9128787878787877 0.5048926767676767 0.9070391414141412 0.4963699494949494
0 0.9109848484848484 0.4979482323232323 0.9081439393939393 0.4914772727272727 0.9122474747474746 0.48721590909090917 0.9177714646464646 0.48563762626262624 0.9220328282828282 0.4905303030303029 0.921875 0.4970012626262625 0.914614898989899 0.5014204545454546
0 0.6052971576227391 0.43491602067183466 0.6078811369509044 0.42587209302325574 0.6017441860465116 0.41973514211886304 0.5944767441860466 0.4228036175710594 0.5917312661498708 0.42910206718346255 0.5967377260981912 0.4378229974160207
0 0.609657622739018 0.4334625322997417 0.6027131782945737 0.4389534883720931 0.6035206718346253 0.44654392764857886 0.6088501291989664 0.45106589147286824 0.6148255813953489 0.44961240310077516 0.6191860465116279 0.4431524547803618 0.6157945736434108 0.43410852713178294
0 0.5831718346253231 0.433624031007752 0.580264857881137 0.4415374677002584 0.5823643410852714 0.44767441860465124 0.5876937984496124 0.4502583979328166 0.5936692506459949 0.4468669250645995 0.5965762273901809 0.44056847545219646 0.5902777777777778 0.43265503875968997
0 0.5981912144702842 0.4444444444444445 0.5918927648578812 0.45009689922480617 0.5910852713178295 0.45720284237726105 0.5952842377260982 0.4609173126614987 0.6031976744186047 0.46124031007751937 0.6075581395348837 0.45542635658914726 0.603359173126615 0.44541343669250644
0 0.5725129198966408 0.4446059431524548 0.5686369509043928 0.45203488372093026 0.5708979328165374 0.4597868217054264 0.5784883720930233 0.4607558139534884 0.5844638242894057 0.4551033591731266 0.5854328165374677 0.4505813953488373 0.5783268733850129 0.4433139534883721
0 0.5872093023255813 0.45526485788113696 0.5813953488372093 0.4593023255813954 0.5791343669250646 0.4660852713178295 0.5825258397932817 0.47093023255813954 0.5894702842377261 0.47238372093023256 0.5939922480620156 0.4693152454780362 0.5960917312661499 0.46285529715762275 0.5915697674418605 0.45687984496124034
0 0.6319444444444445 0.4609173126614987 0.6246770025839793 0.458656330749354 0.6169250645994833 0.46640826873385016 0.6177325581395349 0.47383720930232553 0.6253229974160207 0.47819767441860467 0.6359819121447029 0.46899224806201556
0 0.6051356589147288 0.47464470284237725 0.6006136950904394 0.4823966408268734 0.6031976744186047 0.49192506459948326 0.6115956072351422 0.4941860465116279 0.6214470284237726 0.4869186046511628 0.622093023255814 0.48013565891472876 0.6136950904392765 0.4720607235142119
0 0.639857881136951 0.47432170542635665 0.6319444444444445 0.48078165374677 0.6322674418604651 0.4903100775193799 0.6408268733850129 0.4935400516795866 0.649547803617571 0.48724160206718353 0.6477713178294574 0.476421188630491
0 0.6516472868217055 0.49160206718346255 0.6469638242894057 0.4982235142118863 0.6482558139534884 0.5074289405684754 0.6582687338501292 0.5098514211886305 0.6660206718346253 0.5037144702842378 0.661983204134367 0.49111757105943155
0 0.6253229974160207 0.4883720930232558 0.6156330749354005 0.4946705426356589 0.6167635658914729 0.5059754521963825 0.6262919896640827 0.5095284237726099 0.6361434108527132 0.502422480620155 0.6324289405684754 0.4903100775193799
0 0.6406653746770026 0.5037144702842378 0.6308139534883721 0.5103359173126615 0.6325904392764857 0.522125322997416 0.642764857881137 0.525516795865633 0.6516472868217055 0.5174418604651163 0.6477713178294574 0.5064599483204135
0 0.68875 0.4415277777777778 0.6820833333333334 0.4468055555555556 0.6830555555555556 0.4554166666666667 0.6920833333333334 0.4575 0.6970833333333334 0.4525 0.6955555555555556 0.4431944444444445
0 0.6763888888888889 0.45138888888888895 0.6702777777777779 0.45861111111111114 0.6718055555555557 0.4652777777777778 0.6780555555555556 0.4683333333333333 0.6861111111111111 0.4633333333333333 0.6840277777777778 0.45319444444444446
0 0.6658333333333334 0.46208333333333335 0.6590277777777778 0.4690277777777778 0.6608333333333334 0.47652777777777783 0.6698611111111111 0.4784722222222223 0.6752777777777778 0.47388888888888897 0.6731944444444444 0.4640277777777778
0 0.6983333333333334 0.4572222222222223 0.6893055555555556 0.46416666666666667 0.6905555555555556 0.47180555555555564 0.698888888888889 0.47472222222222227 0.7061111111111111 0.4694444444444445 0.7048611111111112 0.45958333333333334
0 0.6855555555555556 0.4683333333333333 0.6770833333333334 0.4755555555555556 0.6797222222222223 0.48236111111111113 0.6880555555555556 0.4863888888888889 0.6947222222222222 0.4809722222222223 0.6916666666666667 0.47041666666666665
0 0.6747222222222223 0.4805555555555556 0.6680555555555556 0.4875 0.67 0.4947222222222223 0.6784722222222223 0.49541666666666667 0.685 0.4891666666666667 0.6819444444444445 0.481388888888889
0 0.7433333333333333 0.4822222222222223 0.7358333333333333 0.48944444444444446 0.7372222222222223 0.4977777777777778 0.7447222222222223 0.5002777777777778 0.7536111111111111 0.4922222222222223 0.75125 0.483888888888889
0 0.7327777777777779 0.4947222222222223 0.7244444444444444 0.5019444444444445 0.7254166666666667 0.5095833333333334 0.73375 0.5111111111111112 0.74125 0.5045833333333334 0.7384722222222223 0.49625
0 0.7118055555555556 0.49583333333333335 0.7023611111111111 0.5029166666666667 0.7038888888888889 0.5097222222222223 0.7111111111111111 0.5130555555555556 0.7179166666666666 0.5072222222222222 0.7173611111111111 0.49847222222222226
0 0.6994444444444444 0.5070833333333333 0.6908333333333333 0.5134722222222223 0.6933333333333334 0.5220833333333333 0.7009722222222223 0.5227777777777778 0.7075 0.5175 0.7054166666666667 0.5093055555555556
0 0.72125 0.5073611111111112 0.7131944444444445 0.5144444444444445 0.7147222222222223 0.52125 0.7229166666666667 0.5236111111111111 0.7297222222222223 0.5170833333333333 0.7268055555555556 0.5095833333333334
0 0.71125 0.5198611111111111 0.7015277777777779 0.5266666666666666 0.7033333333333334 0.53375 0.7118055555555556 0.5347222222222223 0.7208333333333333 0.5298611111111111 0.7179166666666666 0.5218055555555556
0 0.7927696078431373 0.6118872549019607 0.7812500000000001 0.6192401960784314 0.7834558823529412 0.6283088235294118 0.7927696078431373 0.6300245098039217 0.7993872549019608 0.6236519607843137
0 0.8057598039215687 0.5993872549019608 0.7947303921568627 0.6064950980392158 0.7974264705882352 0.6153186274509804 0.8052696078431373 0.6175245098039216 0.8131127450980393 0.6118872549019607 0.8116421568627452 0.6037990196078432
0 0.8322303921568627 0.5672794117647059 0.8104166666666668 0.5807598039215687 0.8155637254901961 0.5947303921568629 0.8270833333333334 0.5957107843137255 0.8388480392156863 0.5878676470588236 0.8373774509803922 0.5743872549019607
0 0.7998774509803922 0.5604166666666667 0.7854166666666668 0.5721813725490196 0.7900735294117648 0.5856617647058824 0.8015931372549019 0.5873774509803922 0.8113970588235294 0.5787990196078432 0.8079656862745098 0.5650735294117647
0 0.8042892156862745 0.5349264705882354 0.7937500000000001 0.5474264705882353 0.7979166666666667 0.5537990196078432 0.8062500000000001 0.555514705882353 0.8143382352941178 0.5491421568627451 0.8116421568627452 0.5371323529411766
0 0.8207107843137255 0.5491421568627451 0.8062500000000001 0.5596813725490196 0.8106617647058824 0.5675245098039217 0.8185049019607844 0.56875 0.8278186274509803 0.563357843137255 0.8278186274509803 0.5535539215686275
0 0.7741421568627452 0.5883578431372549 0.7662990196078432 0.5868872549019608 0.7584558823529413 0.5942401960784314 0.7609068627450981 0.6023284313725491 0.7704656862745098 0.6035539215686274 0.7778186274509804 0.5979166666666667
0 0.7805147058823529 0.5991421568627451 0.7702205882352942 0.6064950980392158 0.7712009803921568 0.6153186274509804 0.777328431372549 0.6177696078431373 0.7886029411764707 0.6121323529411765 0.7863970588235294 0.6037990196078432
0 0.7981617647058824 0.5895833333333333 0.7895833333333334 0.5883578431372549 0.7824754901960785 0.5952205882352941 0.785906862745098 0.601593137254902 0.7912990196078432 0.6050245098039216 0.8013480392156863 0.5969362745098039
0 0.7810049019607844 0.5498774509803922 0.7736519607843138 0.5462009803921569 0.7665441176470589 0.5525735294117647 0.7689950980392157 0.562622549019608 0.7780637254901961 0.5638480392156863 0.7844362745098039 0.5584558823529413
0 0.7822303921568627 0.5189950980392157 0.7738970588235293 0.5175245098039216 0.7650735294117648 0.5238970588235294 0.7648284313725491 0.5341911764705883 0.7724264705882352 0.5373774509803921 0.7832107843137255 0.5283088235294118
0 0.7658088235294118 0.5033088235294118 0.75625 0.5118872549019607 0.7606617647058824 0.5204656862745098 0.7672794117647059 0.5207107843137255 0.7734068627450981 0.5158088235294118 0.7731617647058824 0.5060049019607843
0 0.7616421568627452 0.49595588235294125 0.7542892156862746 0.4944852941176471 0.7469362745098039 0.4996323529411765 0.7479166666666667 0.5087009803921569 0.7542892156862746 0.5123774509803922 0.7638480392156862 0.5037990196078432
0 0.7449754901960784 0.5087009803921569 0.7381127450980393 0.5143382352941177 0.735171568627451 0.5209558823529412 0.7403186274509804 0.5285539215686275 0.7466911764705884 0.5278186274509804 0.7515931372549021 0.5214460784313726 0.7550245098039217 0.5153186274509803 0.7503676470588235 0.509436274509804
0 0.7567401960784313 0.522671568627451 0.7427696078431373 0.5307598039215687 0.7457107843137255 0.5368872549019608 0.7518382352941176 0.5378676470588236 0.759436274509804 0.5322303921568629 0.7599264705882354 0.5278186274509804
0 0.7611519607843137 0.5337009803921569 0.7518382352941176 0.539093137254902 0.7540441176470588 0.5447303921568628 0.7604166666666666 0.546936274509804 0.7662990196078432 0.5435049019607844 0.7653186274509803 0.5376225490196079
0 0.7334558823529412 0.5231617647058824 0.7275735294117648 0.5229166666666667 0.7224264705882354 0.5268382352941177 0.7221813725490196 0.5324754901960784 0.7273284313725491 0.5337009803921569 0.7346813725490197 0.5300245098039217
0 0.7332107843137255 0.5417892156862746 0.7278186274509804 0.5412990196078432 0.7204656862745099 0.5459558823529412 0.7202205882352942 0.5542892156862745 0.7283088235294118 0.55625 0.7349264705882353 0.5506127450980393
0 0.7466911764705884 0.5381127450980392 0.7403186274509804 0.5366421568627451 0.7354166666666667 0.5403186274509804 0.7349264705882353 0.547671568627451 0.7412990196078432 0.5491421568627451 0.7464460784313726 0.5452205882352941
0 0.7435049019607843 0.5523284313725491 0.7376225490196079 0.5511029411764706 0.7280637254901962 0.5579656862745098 0.7302696078431373 0.5638480392156863 0.7376225490196079 0.5650735294117647 0.7449754901960784 0.560171568627451
0 0.8316746284501061 0.48825636942675155 0.8318073248407643 0.4828158174097664 0.8356555201698513 0.4775079617834394 0.8396364118895966 0.4755175159235669 0.8442807855626328 0.4791003184713375 0.8469347133757961 0.4836119957537155 0.837778662420382 0.49011411889596596
0 0.8518444798301487 0.4879909766454352 0.8465366242038216 0.4856024416135881 0.8404325902335456 0.4905122080679405 0.8402998938428875 0.49820859872611467 0.8465366242038216 0.5011279193205944 0.8534368365180467 0.495421974522293
0 0.8595408704883228 0.4971470276008493 0.8539676220806794 0.495421974522293 0.8499867303609342 0.4994028662420382 0.8501194267515922 0.5061703821656051 0.8580812101910829 0.5089570063694266 0.8617967091295115 0.5048434182590233
0 0.8659102972399152 0.487062101910828 0.8587446921443738 0.49263535031847133 0.861265923566879 0.4976778131634819 0.8659102972399152 0.5008625265392781 0.869758492569002 0.4983412951167728 0.8708200636942676 0.4938296178343949 0.8689623142250529 0.48984872611464964
0 0.8616640127388534 0.4788349256900212 0.8554272823779191 0.47644639065817407 0.8491905520169851 0.4824177282377919 0.8509156050955413 0.487062101910828 0.855294585987261 0.49024681528662417 0.86046974522293 0.49157377919320594 0.8655122080679405 0.48653131634819535
0 0.8541003184713376 0.46875 0.8470674097664544 0.46649416135881105 0.8408306794055201 0.4714039278131635 0.8402998938428875 0.4759156050955414 0.844546178343949 0.47963110403397025 0.8493232484076433 0.4825504246284501 0.8523752653927813 0.478702229299363 0.8547638004246285 0.47273089171974525
0 0.0815677966101695 0.6742584745762712 0.08121468926553674 0.6834392655367232 0.08774717514124294 0.6852048022598871 0.09216101694915253 0.6839689265536724 0.09551553672316385 0.679731638418079 0.09551553672316385 0.674611581920904 0.08527542372881355 0.6712570621468926
0 0.08880649717514126 0.6613700564971752 0.08615819209039549 0.667725988700565 0.0905720338983051 0.6719632768361582 0.09657485875706216 0.6728460451977402 0.09957627118644068 0.6693149717514124 0.10098870056497175 0.6649011299435028 0.0948093220338983 0.659957627118644
0 0.09586864406779662 0.6509533898305085 0.09957627118644068 0.6490112994350283 0.10628531073446329 0.6520127118644068 0.10681497175141241 0.6596045197740114 0.10010593220338984 0.6626059322033899 0.09569209039548023 0.6601341807909604 0.09304378531073447 0.6567796610169492
0 0.1025776836158192 0.63965395480226 0.10893361581920905 0.6380649717514124 0.11493644067796609 0.6426553672316385 0.11246468926553675 0.6486581920903954 0.10840395480225988 0.6518361581920904 0.10557909604519775 0.650247175141243 0.10010593220338984 0.6463629943502825
0 0.136475988700565 0.7076271186440678 0.14247881355932204 0.7056850282485876 0.14689265536723164 0.7090395480225989 0.14653954802259886 0.7145127118644068 0.14088983050847456 0.7185734463276836 0.13541666666666666 0.7159251412429378 0.13453389830508475 0.7122175141242938
0 0.12800141242937854 0.71045197740113 0.12129237288135594 0.7175141242937854 0.12129237288135594 0.7236935028248588 0.12570621468926557 0.7275776836158192 0.13100282485875706 0.7274011299435028 0.13576977401129942 0.7236935028248588 0.13877118644067796 0.7199858757062148 0.1340042372881356 0.7125706214689266
0 0.14600988700564974 0.7182203389830509 0.1506002824858757 0.7159251412429378 0.15695621468926552 0.7176906779661016 0.15836864406779658 0.7231638418079097 0.1553672316384181 0.7268714689265537 0.1495409604519774 0.7286370056497176 0.14459745762711862 0.7243997175141242
0 0.1396539548022599 0.7236935028248588 0.1297669491525424 0.7286370056497176 0.1308262711864407 0.7358757062146892 0.13877118644067796 0.7387005649717514 0.14459745762711862 0.7372881355932204 0.1481285310734463 0.7328742937853108 0.14565677966101692 0.725635593220339
0 0.1495931952662722 0.7432815581854044 0.14762080867850097 0.7472263313609467 0.150086291913215 0.7524038461538463 0.1553870808678501 0.754129684418146 0.15883875739644973 0.751664201183432 0.162413708086785 0.747965976331361 0.16044132149901383 0.7443910256410255 0.15575690335305722 0.7420488165680473
0 0.1637697238658777 0.7365014792899408 0.17017998027613412 0.7358851084812623 0.17659023668639057 0.7409393491124261 0.17301528599605523 0.7472263313609467 0.1684541420118343 0.7482125246548323 0.1645093688362919 0.7473496055226825 0.1614275147928994 0.7422953648915188
0 0.1481139053254438 0.7546227810650888 0.14244329388560162 0.7584442800788955 0.14318293885601577 0.7643614398422091 0.1484837278106509 0.7669501972386589 0.1546474358974359 0.763991617357002 0.15748274161735704 0.7585675542406313 0.15267504930966472 0.7551158777120315
0 0.11261094674556214 0.7646079881656805 0.10706360946745562 0.7678131163708087 0.10644723865877713 0.7737302761341223 0.10989891518737674 0.7761957593688362 0.11544625246548323 0.7760724852071005 0.11902120315581854 0.7734837278106509 0.11828155818540435 0.7665803747534516
0 0.12222633136094674 0.7734837278106509 0.11544625246548323 0.7771819526627219 0.11606262327416175 0.7823594674556212 0.11963757396449705 0.7860576923076923 0.12506163708086787 0.7850714990138067 0.12937623274161736 0.7819896449704142 0.12740384615384615 0.7755793885601578
0 0.10040680473372782 0.7670734714003945 0.09485946745562131 0.7711415187376726 0.0944896449704142 0.7761957593688362 0.09794132149901381 0.7800172583826429 0.10385848126232743 0.7781681459566075 0.10570759368836292 0.7742233727810651 0.10472140039447732 0.7704018737672584
0 0.08857248520710058 0.7734837278106509 0.0824087771203156 0.7784146942800788 0.0829018737672584 0.7838387573964496 0.0878328402366864 0.7863042406311636 0.09399654832347142 0.783715483234714 0.09707840236686392 0.7808801775147928 0.0932569033530572 0.7749630177514794
0 0.0969551282051282 0.783345660749507 0.08721646942800788 0.7879068047337279 0.08635355029585798 0.795673076923077 0.0930103550295858 0.799741124260355 0.09942061143984221 0.7981385601577909 0.10373520710059173 0.7943170611439843 0.10151627218934912 0.7869206114398422
0 0.10829635108481263 0.7761957593688362 0.098680966469428 0.7824827416173569 0.1008999013806706 0.7871671597633136 0.10607741617357003 0.79357741617357 0.11150147928994082 0.7918515779092703 0.11618589743589744 0.7888929980276135 0.11680226824457594 0.7844551282051282 0.11372041420118344 0.7781681459566075
0 0.14463429256594726 0.797511990407674 0.1519784172661871 0.7966127098321343 0.1581235011990408 0.8024580335731415 0.1539268585131895 0.8117505995203836 0.14568345323741014 0.8114508393285372 0.14103717026378904 0.8039568345323741
0 0.13429256594724226 0.8023081534772182 0.1248501199040768 0.8087529976019185 0.1251498800959233 0.8169964028776978 0.1336930455635492 0.8214928057553956 0.14283573141486816 0.8148980815347723 0.1399880095923262 0.806205035971223
0 0.16636690647482016 0.8002098321342925 0.15992206235011996 0.8090527577937651 0.16726618705035975 0.8198441247002399 0.17760791366906478 0.8175959232613909 0.1845023980815348 0.808453237410072 0.17371103117506 0.7985611510791366
0 0.18944844124700244 0.8192446043165468 0.19634292565947245 0.8174460431654677 0.20533573141486813 0.8258393285371703 0.20053956834532377 0.8336330935251799 0.1915467625899281 0.8346822541966427 0.1845023980815348 0.8264388489208634
0 0.1503297362110312 0.818794964028777 0.14148681055155882 0.8246402877697842 0.14058752997601923 0.8321342925659473 0.14718225419664274 0.8394784172661871 0.15557553956834536 0.8388788968824941 0.16276978417266194 0.831384892086331 0.15827338129496407 0.8213429256594724
0 0.17131294964028781 0.8441247002398081 0.16232014388489213 0.850269784172662 0.16336930455635496 0.8585131894484412 0.16966426858513192 0.8640587529976019 0.17805755395683456 0.8636091127098321 0.18345323741007197 0.8556654676258991 0.17850719424460437 0.8459232613908872
0 0.114159891598916 0.823509485094851 0.10992547425474257 0.8274051490514904 0.11195799457994582 0.833841463414634 0.1192411924119241 0.8336720867208672 0.1236449864498645 0.8307926829268293 0.12110433604336042 0.823170731707317
0 0.12381436314363142 0.8329945799457994 0.114159891598916 0.8362127371273713 0.1138211382113821 0.842479674796748 0.1192411924119241 0.845189701897019 0.1280487804878049 0.8426490514905149 0.12686314363143633 0.8362127371273713
0 0.12313685636856367 0.844681571815718 0.11805555555555557 0.8497628726287263 0.12059620596205965 0.8550135501355013 0.12737127371273715 0.8561991869918699 0.13279132791327916 0.8524728997289973 0.13008130081300814 0.8455284552845528
0 0.13550135501355015 0.8578929539295393 0.13431571815718157 0.8646680216802167 0.12889566395663957 0.8673780487804877 0.12432249322493225 0.8651761517615176 0.12212059620596208 0.8602642276422764 0.122289972899729 0.8568766937669376 0.13194444444444448 0.8553523035230353
0 0.1500677506775068 0.861619241192412 0.14617208672086723 0.869749322493225 0.15125338753387532 0.8785569105691057 0.1600609756097561 0.8787262872628726 0.16717479674796748 0.8727981029810298 0.1673441734417344 0.8656842818428184 0.15887533875338755 0.8590785907859078
0 0.2923900462962963 0.5499131944444445 0.3054108796296296 0.5478877314814815 0.3158275462962963 0.5574363425925927 0.3111979166666667 0.5701678240740741 0.29673032407407407 0.5745081018518519 0.28891782407407407 0.5692997685185186 0.28660300925925924 0.5629340277777778
0 0.24203187250996025 0.8598107569721115 0.24186586985391775 0.8569057104913678 0.24394090305444896 0.8539176626826029 0.24784196547144755 0.8535026560424965 0.25066401062417004 0.8558266932270916 0.25116201859229753 0.858980743691899 0.25008300132802136 0.8614707835325364 0.24692895086321387 0.8627158034528553 0.24460491367861892 0.8621347941567064
0 0.2519090305444887 0.8527556440903055 0.25083001328021254 0.8502656042496681 0.2515770252324037 0.8474435590969456 0.25356905710491373 0.8451195219123505 0.2571381142098274 0.844621513944223 0.25962815405046485 0.8466965471447544 0.2602921646746348 0.8511786188579018 0.2576361221779549 0.8541666666666666 0.2542330677290838 0.8543326693227091
0 0.18524674940898345 0.8472591607565012 0.18413859338061467 0.8450428486997636 0.1842124704491726 0.8421616430260047 0.18635490543735225 0.839206560283688 0.18975325059101655 0.8389849290780143 0.19315159574468088 0.8413489952718677 0.19352098108747048 0.8448950945626479 0.19167405437352247 0.8474807919621751 0.18901447990543735 0.8485889479905439
0 0.1748300827423168 0.8361037234042553 0.1733525413711584 0.8334441489361704 0.17409131205673758 0.8292331560283689 0.17682476359338065 0.8275339834515368 0.1805186170212766 0.8275339834515368 0.1828088061465721 0.830045803782506 0.18339982269503546 0.8334441489361704 0.18192228132387706 0.8362514775413712 0.17941046099290783 0.8376551418439717 0.1762337470449173 0.8370641252955084
0 0.1538489952718676 0.8541297281323877 0.1526669621749409 0.8515440307328607 0.15392287234042556 0.8486628250591017 0.1564346926713948 0.8469636524822697 0.15983303782505914 0.8481456855791962 0.16049793144208038 0.8519134160756501 0.15924202127659573 0.8541297281323877 0.15732121749408984 0.8552378841607566
0 0.15668859649122804 0.7313439849624059 0.15734649122807018 0.7289630325814537 0.15919486215538844 0.7272086466165413 0.16223370927318295 0.7273966165413533 0.16370614035087716 0.7292449874686717 0.1638941102756892 0.7316885964912281 0.16270363408521302 0.7335369674185463 0.16094924812030073 0.7342575187969925 0.15900689223057646 0.7345081453634085 0.15728383458646614 0.7328790726817043
0 0.11306789178152118 0.657765441551812 0.11067508933129147 0.6576378254211331 0.10936702399183257 0.6563935681470138 0.10869703930576824 0.6533307810107197 0.10978177641653905 0.6515441551812149 0.1116641143440531 0.6504913221031138 0.11399310872894333 0.6507784583971413 0.11603496681980602 0.6525331801939765 0.11619448698315465 0.6549259826442062 0.11574783052577844 0.6565211842776927 0.11412072485962224 0.6577016334864727
0 0.11546069423175088 0.6668899948953547 0.1135145482388974 0.6658371618172537 0.11239790709545684 0.6640505359877489 0.11204696273608983 0.661785349668198 0.11274885145482388 0.6596796835119959 0.11530117406840223 0.6584354262378764 0.11826824910668708 0.6594882593159775 0.11957631444614598 0.6621362940275651 0.1191615620214395 0.6645290964777948 0.11756636038795303 0.6657414497192444
0 0.10715277777777776 0.6678935185185185 0.10511574074074075 0.6674305555555555 0.10363425925925925 0.6658101851851851 0.10312500000000001 0.6636805555555555 0.10437500000000001 0.6614583333333334 0.10715277777777776 0.6603472222222222 0.1096990740740741 0.6612268518518518 0.11108796296296296 0.6633101851851851 0.110625 0.6659490740740741 0.1090509259259259 0.6676157407407408
0 0.10358565737051798 0.6772493359893759 0.10209163346613553 0.6762948207171315 0.1008881142098274 0.6742612881806109 0.10105411686586993 0.6710657370517928 0.10246513944223112 0.6694887118193892 0.10487217795484734 0.6689907038512616 0.1075697211155379 0.6704847277556442 0.10835823373173978 0.6732237715803453 0.10769422310756978 0.676128818061089 0.10495517928286859 0.6777058432934928
0 0.09885458167330682 0.6843459495351926 0.09744355909694562 0.6834744355909694 0.09657204515272251 0.6819389110225764 0.09615703851261626 0.6801543824701196 0.09694555112881813 0.6775813413014609 0.0996430942895087 0.6765023240371846 0.10250664010624175 0.6772908366533864 0.10371015936254988 0.6795318725099603 0.10366865869853925 0.6823124169986721 0.10167662682602928 0.6840139442231077
