0 0.5304214015151515 0.05551609848484848 0.5200047348484848 0.06214488636363637 0.5216619318181818 0.07114109848484848 0.528527462121212 0.0732717803030303 0.5358664772727272 0.07161458333333334 0.5387073863636364 0.0654592803030303 0.5356297348484848 0.05883049242424243
0 0.5462831439393938 0.0536221590909091 0.5552793560606061 0.05741003787878788 0.5571732954545454 0.06853693181818181 0.5458096590909091 0.07256155303030304 0.5396543560606061 0.06901041666666669 0.5389441287878788 0.05835700757575757
0 0.5294744318181818 0.07634943181818181 0.5214251893939393 0.0810842803030303 0.5223721590909091 0.0926846590909091 0.5304214015151515 0.09363162878787878 0.5391808712121211 0.08937026515151514 0.536813446969697 0.07682291666666669
0 0.5479403409090908 0.07469223484848486 0.5557528409090908 0.07753314393939395 0.556936553030303 0.08842329545454546 0.5486505681818181 0.09221117424242423 0.5415482954545454 0.09031723484848486 0.5403645833333334 0.07942708333333334
0 0.5323153409090908 0.1004971590909091 0.5233191287878788 0.10570549242424243 0.5240293560606061 0.11493844696969698 0.5327888257575757 0.1180160984848485 0.5396543560606061 0.11493844696969698 0.5382339015151515 0.10357481060606061
0 0.5481770833333334 0.1004971590909091 0.5574100378787878 0.10120738636363637 0.5571732954545454 0.11209753787878786 0.5495975378787878 0.1180160984848485 0.5424952651515151 0.11470170454545453 0.541311553030303 0.10381155303030304
0 0.598839962121212 0.1102035984848485 0.5896070075757575 0.11399147727272729 0.5877130681818181 0.12440814393939395 0.5952888257575757 0.1296164772727273 0.6057054924242424 0.12582859848484848 0.6059422348484848 0.11446496212121214
0 0.6253551136363636 0.10665246212121213 0.6355350378787878 0.11375473484848485 0.6341145833333334 0.127249053030303 0.622277462121212 0.13174715909090912 0.6118607954545454 0.12701231060606064 0.6109138257575757 0.11186079545454547
0 0.6547111742424242 0.10665246212121213 0.6632339015151515 0.11138731060606062 0.6634706439393938 0.12701231060606064 0.6521070075757575 0.13222064393939395 0.6416903409090908 0.127249053030303 0.6395596590909091 0.11872632575757577 0.642874053030303 0.10973011363636365
0 0.6225142045454545 0.13624526515151517 0.6322206439393938 0.138375946969697 0.6345880681818181 0.15281723484848483 0.622750946969697 0.16157670454545459 0.6111505681818181 0.15707859848484848 0.6104403409090908 0.15044981060606064 0.61328125 0.13908617424242428
0 0.5330255681818181 0.12275094696969698 0.5271070075757575 0.12606534090909088 0.5275804924242424 0.13316761363636365 0.5337357954545454 0.135061553030303 0.5387073863636364 0.13340435606060608 0.5389441287878788 0.12606534090909088
0 0.5076941287878788 0.1092566287878788 0.5155066287878788 0.11209753787878786 0.5162168560606061 0.12440814393939395 0.5081676136363636 0.12937973484848483 0.4984611742424242 0.127249053030303 0.4956202651515151 0.11872632575757577 0.4986979166666667 0.11209753787878786
0 0.646577380952381 0.13715277777777782 0.6639384920634921 0.13963293650793654 0.6639384920634921 0.15401785714285718 0.652529761904762 0.1629464285714286 0.6401289682539683 0.15798611111111113 0.6386408730158731 0.14558531746031747
0 0.4805812757201646 0.11072530864197537 0.4913837448559671 0.11561213991769553 0.4906121399176954 0.12872942386831282 0.4787808641975309 0.13181584362139923 0.47260802469135804 0.12847222222222227 0.4713220164609053 0.11715534979423874
0 0.5010629251700681 0.16517857142857142 0.5104166666666666 0.1715561224489796 0.5082908163265307 0.18218537414965988 0.4980867346938775 0.18218537414965988 0.492984693877551 0.17623299319727892 0.49426020408163274 0.16985544217687074
0 0.4870323129251701 0.16262755102040818 0.4781037414965986 0.16602891156462585 0.478954081632653 0.17410714285714288 0.4861819727891157 0.17835884353741496 0.4887329931972789 0.17750850340136054 0.4921343537414966 0.1677295918367347
0 0.46619897959183676 0.16943027210884354 0.4576955782312926 0.17453231292517007 0.458545918367347 0.18516156462585034 0.4678996598639456 0.18856292517006804 0.47597789115646266 0.18176020408163268 0.4738520408163265 0.17368197278911565
0 0.46067176870748294 0.19068877551020408 0.458545918367347 0.19749149659863946 0.4632227891156462 0.20386904761904764 0.4751275510204082 0.2021683673469388 0.47682823129251706 0.194515306122449 0.46875 0.1881377551020408
0 0.3463010204081633 0.12606292517006804 0.35480442176870747 0.1324404761904762 0.3522534013605442 0.14221938775510207 0.34460034013605445 0.1443452380952381 0.3386479591836735 0.14179421768707484 0.3386479591836735 0.12988945578231295
0 0.3280187074829932 0.12606292517006804 0.32249149659863946 0.1315901360544218 0.32249149659863946 0.13924319727891155 0.32929421768707484 0.14221938775510207 0.335671768707483 0.1396683673469388 0.3352465986394558 0.12776360544217688
0 0.31313775510204084 0.1247874149659864 0.3067602040816327 0.12988945578231295 0.30378401360544216 0.1366921768707483 0.30973639455782315 0.14221938775510207 0.31781462585034015 0.14179421768707484 0.3203656462585034 0.13584183673469388 0.3182397959183674 0.12776360544217688
0 0.295280612244898 0.12606292517006804 0.28677721088435376 0.13116496598639457 0.28550170068027214 0.14051870748299322 0.2927295918367347 0.1447704081632653 0.30293367346938777 0.14009353741496602 0.3012329931972789 0.1290391156462585
0 0.2727465986394558 0.12818877551020408 0.26679421768707484 0.12988945578231295 0.26339285714285715 0.1366921768707483 0.26679421768707484 0.14221938775510207 0.2744472789115647 0.14221938775510207 0.2778486394557823 0.13329081632653061
0 0.25871598639455784 0.1252125850340136 0.24808673469387757 0.12818877551020408 0.24638605442176872 0.1371173469387755 0.2497874149659864 0.14392006802721088 0.25956632653061223 0.14221938775510207 0.2612670068027211 0.13286564625850342
0 0.24000850340136054 0.12691326530612246 0.22980442176870747 0.1286139455782313 0.22767857142857142 0.1396683673469388 0.2340561224489796 0.1443452380952381 0.24383503401360548 0.14136904761904764 0.24340986394557826 0.13329081632653061
0 0.22215136054421766 0.12648809523809523 0.2132227891156463 0.12988945578231295 0.21194727891156462 0.13796768707482993 0.2183248299319728 0.14392006802721088 0.22512755102040818 0.14306972789115646 0.22725340136054423 0.132015306122449
0 0.20259353741496602 0.12733843537414968 0.19536564625850342 0.13073979591836737 0.19621598639455784 0.1396683673469388 0.20259353741496602 0.14306972789115646 0.20982142857142858 0.14094387755102042 0.20982142857142858 0.12946428571428573
0 0.34625 0.14708333333333334 0.33770833333333333 0.15 0.33208333333333334 0.15625 0.33541666666666664 0.16479166666666667 0.34208333333333335 0.16729166666666667 0.3489583333333333 0.16458333333333333 0.354375 0.15833333333333333 0.35104166666666664 0.15104166666666666
0 0.325 0.14729166666666665 0.3147916666666667 0.14833333333333334 0.31 0.15375 0.3077083333333333 0.16104166666666667 0.3129166666666667 0.16708333333333333 0.31979166666666664 0.16770833333333332 0.3283333333333333 0.16270833333333334 0.3285416666666667 0.153125
0 0.2991666666666667 0.14604166666666665 0.2889583333333333 0.14604166666666665 0.2839583333333333 0.15291666666666667 0.28625 0.15979166666666667 0.29520833333333335 0.16208333333333333 0.300625 0.1575 0.30270833333333336 0.15104166666666666
0 0.290625 0.16416666666666666 0.28291666666666665 0.16916666666666666 0.28479166666666667 0.17770833333333333 0.2925 0.180625 0.2991666666666667 0.17666666666666667 0.3025 0.17 0.29770833333333335 0.16416666666666666
0 0.27229166666666665 0.145625 0.27770833333333333 0.149375 0.2758333333333333 0.15708333333333332 0.26958333333333334 0.16 0.265 0.15729166666666666 0.2625 0.153125 0.265625 0.14791666666666667
0 0.255625 0.14583333333333334 0.248125 0.14875 0.24729166666666666 0.15645833333333334 0.2552083333333333 0.16104166666666667 0.26 0.158125 0.26166666666666666 0.15
0 0.24229166666666666 0.14645833333333333 0.23416666666666666 0.14791666666666667 0.231875 0.15395833333333334 0.23583333333333334 0.15958333333333333 0.243125 0.15916666666666668 0.24604166666666666 0.15166666666666667
0 0.226875 0.145625 0.22083333333333333 0.14791666666666667 0.21791666666666668 0.15354166666666666 0.22041666666666668 0.16 0.2275 0.159375 0.23229166666666667 0.15666666666666668 0.23104166666666667 0.15020833333333333
0 0.21229166666666666 0.14604166666666665 0.20645833333333333 0.14833333333333334 0.203125 0.15520833333333334 0.20791666666666667 0.15979166666666667 0.215 0.15979166666666667 0.21708333333333332 0.1575 0.21583333333333332 0.149375
0 0.3375 0.17125 0.3308333333333333 0.17375 0.32979166666666665 0.18208333333333335 0.33625 0.18458333333333332 0.3410416666666667 0.18166666666666667 0.3414583333333333 0.17416666666666666
0 0.3489583333333333 0.171875 0.35604166666666665 0.174375 0.354375 0.181875 0.34625 0.18479166666666666 0.3433333333333333 0.18166666666666667 0.3425 0.17333333333333334
0 0.30520833333333336 0.19395833333333334 0.31666666666666665 0.20083333333333334 0.314375 0.215625 0.3022916666666667 0.22041666666666668 0.2925 0.21541666666666667 0.2891666666666667 0.20541666666666666 0.29583333333333334 0.19708333333333333
0 0.27270833333333333 0.19458333333333333 0.26229166666666665 0.19958333333333333 0.25875 0.210625 0.265625 0.21895833333333334 0.27791666666666665 0.21916666666666668 0.28458333333333335 0.21229166666666666 0.2825 0.19916666666666666
0 0.24241255144032928 0.19431584362139923 0.22955246913580254 0.19971707818930046 0.22878086419753088 0.2125771604938272 0.23726851851851857 0.2197788065843622 0.25167181069958855 0.21797839506172845 0.2560442386831276 0.2102623456790124 0.25115740740740744 0.19817386831275724
0 0.3054269547325103 0.22569444444444448 0.3149434156378601 0.2339248971193416 0.3144290123456791 0.24781378600823045 0.3025977366255144 0.251414609053498 0.29179526748971196 0.2470421810699589 0.2897376543209877 0.2364969135802469 0.29565329218106995 0.22826646090534988
0 0.2722479423868313 0.22595164609053503 0.26144547325102885 0.23161008230452676 0.2593878600823046 0.24241255144032928 0.26787551440329227 0.25115740740740744 0.2827932098765432 0.24858539094650212 0.28613683127572015 0.23958333333333334 0.28047839506172845 0.22800925925925933
0 0.2418981481481482 0.22595164609053503 0.2313528806584363 0.23212448559670784 0.22955246913580254 0.24061213991769553 0.2364969135802469 0.24961419753086422 0.24961419753086422 0.24935699588477367 0.2547582304526749 0.24035493827160498 0.24935699588477367 0.22955246913580254
0 0.3260732323232324 0.21218434343434348 0.3299873737373738 0.21685606060606066 0.3275883838383839 0.22253787878787884 0.3208964646464647 0.2227904040404041 0.31811868686868694 0.2184974747474748 0.32077020202020207 0.2135732323232324
0 0.3249368686868687 0.2238005050505051 0.3296085858585859 0.22569444444444448 0.3284722222222223 0.2304924242424243 0.3248106060606061 0.23352272727272733 0.3198863636363637 0.23200757575757583 0.31799242424242424 0.22859848484848488 0.32114898989898993 0.22405303030303036
0 0.3222853535353536 0.2337752525252526 0.32885101010101014 0.23453282828282832 0.33049242424242425 0.23945707070707078 0.3273358585858586 0.24273989898989906 0.3222853535353536 0.24299242424242432 0.3188762626262627 0.24122474747474754 0.3184974747474748 0.23655303030303035
0 0.32506313131313136 0.24337121212121218 0.3302398989898991 0.24652777777777782 0.3285984848484849 0.2525883838383839 0.32291666666666674 0.25385101010101013 0.3182449494949495 0.24993686868686874 0.3196338383838384 0.24513888888888896
0 0.33168859649122806 0.2786458333333333 0.33908991228070173 0.28207236842105265 0.34059758771929827 0.2904331140350877 0.33223684210526316 0.2955043859649123 0.32469846491228066 0.29317434210526316 0.3218201754385965 0.28604714912280704 0.3252467105263158 0.2808388157894737
0 0.31222587719298245 0.27850877192982454 0.3034539473684211 0.28289473684210525 0.3026315789473684 0.29070723684210525 0.30770285087719296 0.2948190789473684 0.31578947368421056 0.2942708333333333 0.3192160087719298 0.2890625 0.31716008771929827 0.28097587719298245
0 0.2929002192982456 0.2783717105263158 0.28426535087719296 0.28152412280701755 0.2816611842105263 0.28824013157894735 0.28467653508771934 0.29385964912280704 0.29372258771929827 0.2949561403508772 0.2981085526315789 0.2904331140350877 0.29961622807017546 0.2827576754385965
0 0.3462171052631579 0.29358552631578944 0.35128837719298245 0.29989035087719296 0.3481359649122807 0.30783991228070173 0.33922697368421056 0.30948464912280704 0.33429276315789475 0.3061951754385965 0.33251096491228066 0.30043859649122806 0.33429276315789475 0.2957785087719298 0.34155701754385964 0.29317434210526316
0 0.3214089912280702 0.29331140350877194 0.3140076754385965 0.2970120614035088 0.3120888157894737 0.3027686403508772 0.3151041666666667 0.30825109649122806 0.32250548245614036 0.3098958333333333 0.3282620614035088 0.30550986842105265 0.33045504385964913 0.2997532894736842 0.32730263157894735 0.2956414473684211
0 0.30235745614035087 0.2944078947368421 0.29509320175438597 0.2961896929824561 0.29248903508771934 0.30167214912280704 0.2949561403508772 0.3085252192982456 0.3020833333333333 0.30934758771929827 0.30797697368421056 0.3059210526315789 0.3098958333333333 0.30030153508771934 0.30825109649122806 0.2970120614035088
0 0.2479440789473684 0.26589912280701755 0.25370065789473684 0.26973684210526316 0.2524671052631579 0.27576754385964913 0.2479440789473684 0.2791940789473684 0.24163925438596492 0.2787828947368421 0.2386239035087719 0.2748081140350877 0.24163925438596492 0.2667214912280702
0 0.2738486842105263 0.2916666666666667 0.27850877192982454 0.2944078947368421 0.27809758771929827 0.30235745614035087 0.2715186403508772 0.30523574561403505 0.26480263157894735 0.3026315789473684 0.26384320175438597 0.2981085526315789 0.2671326754385965 0.29235197368421056
0 0.24671052631578946 0.2816611842105263 0.23985745614035087 0.2850877192982456 0.2383497807017544 0.29139254385964913 0.24273574561403508 0.29509320175438597 0.2504111842105263 0.2944078947368421 0.2538377192982456 0.28961074561403505 0.2512335526315789 0.2838541666666667
0 0.24766995614035087 0.2964638157894737 0.24054276315789475 0.2975603070175439 0.2382127192982456 0.3040021929824561 0.24081688596491227 0.30825109649122806 0.2475328947368421 0.30907346491228066 0.2526041666666667 0.3050986842105263 0.2526041666666667 0.29961622807017546
0 0.2604166666666667 0.2983826754385965 0.2538377192982456 0.30194627192982454 0.25219298245614036 0.30825109649122806 0.25603070175438597 0.3118146929824561 0.26343201754385964 0.3111293859649123 0.26836622807017546 0.3075657894736842 0.2641173245614035 0.30016447368421056
0 0.35632183908045983 0.3239942528735632 0.36106321839080463 0.32772988505747125 0.36135057471264376 0.33591954022988507 0.3560344827586207 0.33994252873563224 0.35000000000000003 0.33879310344827585 0.34755747126436787 0.3343390804597702 0.3479885057471265 0.32830459770114945
0 0.33994252873563224 0.32442528735632187 0.33318965517241383 0.3271551724137931 0.3313218390804598 0.33362068965517244 0.3349137931034483 0.3396551724137931 0.34123563218390807 0.3397988505747127 0.34554597701149425 0.3363505747126437 0.3449712643678161 0.3272988505747127
0 0.32255747126436785 0.3245689655172414 0.315948275862069 0.328448275862069 0.31537356321839083 0.33534482758620693 0.319683908045977 0.34037356321839085 0.3255747126436782 0.3397988505747127 0.3295977011494253 0.3352011494252874 0.3281609195402299 0.32772988505747125
0 0.30732758620689654 0.32428160919540233 0.3010057471264368 0.32744252873563223 0.2992816091954023 0.33505747126436786 0.3033045977011495 0.3400862068965517 0.30977011494252876 0.3395114942528736 0.3130747126436782 0.33548850574712646 0.31321839080459773 0.32758620689655177
0 0.315948275862069 0.34037356321839085 0.31206896551724145 0.3456896551724138 0.3137931034482759 0.3511494252873563 0.31896551724137934 0.3521551724137932 0.3235632183908046 0.34885057471264375 0.3216954022988506 0.34123563218390807
0 0.30574712643678165 0.3405172413793104 0.30000000000000004 0.342816091954023 0.29956896551724144 0.3497126436781609 0.3050287356321839 0.35287356321839086 0.31048850574712644 0.3501436781609195 0.3096264367816092 0.34295977011494255
0 0.3165229885057471 0.35359195402298854 0.3228448275862069 0.3558908045977012 0.3224137931034483 0.36235632183908045 0.3175287356321839 0.3650862068965518 0.3126436781609196 0.3632183908045977 0.31278735632183907 0.3564655172413793
0 0.30718390804597706 0.35359195402298854 0.3002873563218391 0.35545977011494256 0.29942528735632185 0.36120689655172417 0.303448275862069 0.3653735632183908 0.3096264367816092 0.3632183908045977 0.31091954022988505 0.3568965517241379
0 0.3143678160919541 0.36637931034482757 0.31192528735632186 0.3724137931034483 0.3152298850574713 0.37672413793103454 0.3216954022988506 0.37586206896551727 0.3241379310344828 0.3705459770114942 0.3206896551724138 0.3650862068965518
0 0.30718390804597706 0.365948275862069 0.3002873563218391 0.36695402298850577 0.29899425287356324 0.3725574712643679 0.3035919540229885 0.37658045977011495 0.3096264367816092 0.37485632183908046 0.3102011494252874 0.36925287356321845
0 0.30689655172413793 0.37729885057471263 0.30114942528735633 0.37844827586206903 0.2988505747126437 0.3839080459770115 0.3038793103448276 0.3883620689655173 0.31048850574712644 0.385632183908046 0.3103448275862069 0.3795977011494253
0 0.31839080459770114 0.37658045977011495 0.3126436781609196 0.3797413793103448 0.31250000000000006 0.385632183908046 0.31724137931034485 0.38821839080459775 0.3224137931034483 0.3857758620689655 0.3238505747126437 0.3791666666666667
0 0.2823275862068966 0.35387931034482756 0.27600574712643683 0.3570402298850575 0.275 0.3635057471264368 0.2807471264367816 0.3666666666666667 0.28750000000000003 0.3646551724137932 0.28750000000000003 0.3574712643678161
0 0.27643678160919544 0.32514367816091955 0.2820402298850575 0.3295977011494253 0.28146551724137936 0.3379310344827587 0.2752873563218391 0.3422413793103449 0.267816091954023 0.3405172413793104 0.26522988505747125 0.3343390804597702 0.26752873563218393 0.3262931034482759
0 0.253448275862069 0.3206896551724138 0.24583333333333338 0.3237068965517242 0.2431034482758621 0.33103448275862074 0.24755747126436783 0.3382183908045977 0.25545977011494253 0.33850574712643683 0.2602011494252874 0.3339080459770115 0.2597701149425288 0.3239942528735632
0 0.230316091954023 0.3170977011494253 0.22327586206896555 0.3209770114942529 0.2221264367816092 0.3291666666666667 0.22873563218390808 0.3347701149425288 0.23649425287356324 0.33247126436781615 0.23936781609195407 0.32571839080459775 0.23692528735632185 0.3201149425287357
0 0.23132183908045978 0.3382183908045977 0.2235632183908046 0.34152298850574714 0.22140804597701153 0.3491379310344828 0.22500000000000006 0.35531609195402303 0.2330459770114943 0.3558908045977012 0.2392241379310345 0.3505747126436782 0.23721264367816094 0.340948275862069
0 0.25086206896551727 0.34669540229885065 0.2456896551724138 0.3511494252873563 0.24655172413793106 0.3560344827586207 0.25229885057471263 0.3573275862068966 0.25603448275862073 0.35330459770114947 0.2545977011494253 0.34841954022988514
0 0.24870689655172418 0.3583333333333334 0.24626436781609196 0.3626436781609195 0.24784482758620693 0.36824712643678165 0.2548850574712644 0.36724137931034484 0.2567528735632184 0.36293103448275865 0.25387931034482764 0.3583333333333334
0 0.26752873563218393 0.3514367816091954 0.2613505747126437 0.3537356321839081 0.2602011494252874 0.3600574712643679 0.26580459770114945 0.3652298850574713 0.2722701149425288 0.36250000000000004 0.273132183908046 0.35445402298850576
0 0.2084770114942529 0.3129310344827586 0.19985632183908048 0.3165229885057471 0.19899425287356323 0.3248563218390805 0.2045977011494253 0.33060344827586213 0.21350574712643683 0.3291666666666667 0.2163793103448276 0.3237068965517242 0.2142241379310345 0.31551724137931036
0 0.18620689655172418 0.30977011494252876 0.1771551724137931 0.3145114942528736 0.17830459770114945 0.3237068965517242 0.1852011494252874 0.32701149425287357 0.19339080459770117 0.3245689655172414 0.19468390804597704 0.31364942528735634
0 0.20718390804597703 0.3339080459770115 0.2 0.33836206896551724 0.19956896551724143 0.34770114942528735 0.20646551724137932 0.3525862068965518 0.2145114942528736 0.3495689655172414 0.21609195402298853 0.342816091954023 0.21336206896551724 0.33534482758620693
0 0.1875 0.330316091954023 0.17931034482758623 0.3334770114942529 0.178448275862069 0.3435344827586207 0.18405172413793106 0.34755747126436787 0.1926724137931035 0.3456896551724138 0.1956896551724138 0.34022988505747126 0.1926724137931035 0.33318965517241383
0 0.18304597701149428 0.3507183908045977 0.17686781609195407 0.35387931034482756 0.17614942528735636 0.35977011494252875 0.1817528735632184 0.3637931034482759 0.18879310344827588 0.36091954022988515 0.18821839080459773 0.35330459770114947
0 0.19798850574712645 0.3537356321839081 0.19195402298850575 0.35632183908045983 0.18965517241379312 0.36293103448275865 0.19367816091954027 0.36695402298850577 0.19956896551724143 0.36724137931034484 0.20373563218390808 0.36293103448275865 0.2024425287356322 0.3568965517241379
0 0.21206896551724141 0.35675287356321844 0.21681034482758624 0.36077586206896556 0.2162356321839081 0.36882183908045985 0.20919540229885059 0.36997126436781613 0.2056034482758621 0.36652298850574716 0.20416666666666666 0.36206896551724144 0.20646551724137932 0.3580459770114942
0 0.43400580168776365 0.31955432489451474 0.42701740506329106 0.32456487341772144 0.4274129746835443 0.3324762658227848 0.4338739451476793 0.3360363924050633 0.4404667721518987 0.33313554852320676 0.44165348101265817 0.32720200421940926 0.43967563291139233 0.3228507383966245
0 0.4494330168776371 0.31863132911392406 0.443631329113924 0.3225870253164557 0.44349947257383965 0.33010284810126583 0.44916930379746833 0.33208069620253167 0.45497099156118137 0.32957542194092826 0.4552347046413502 0.32232331223628685
0 0.46195938818565396 0.31797204641350213 0.4663106540084388 0.321004746835443 0.46644251054852315 0.3275975738396625 0.46156381856540085 0.32997099156118137 0.45787183544303794 0.3285205696202531 0.4568169831223628 0.32113660337552746
0 0.4586629746835443 0.33010284810126583 0.4553665611814346 0.3344541139240506 0.4557621308016877 0.34104694092827004 0.4628823839662447 0.3431566455696202 0.46762921940928265 0.3395965189873417 0.46868407172995774 0.33313554852320676 0.46420094936708856 0.3298391350210971
0 0.43585179324894513 0.33735495780590713 0.4279404008438818 0.3411787974683544 0.42807225738396626 0.3481671940928269 0.43308280590717296 0.35238660337552735 0.4407304852320675 0.3506724683544304 0.44284018987341767 0.34487078059071724 0.4413897679324894 0.3407832278481013
0 0.45167457805907174 0.338673523206751 0.44468618143459915 0.34104694092827004 0.4448180379746835 0.34790348101265817 0.4494330168776371 0.3514636075949367 0.45510284810126583 0.35014504219409276 0.4576081223628692 0.3446070675105485 0.4547072784810126 0.33999208860759494
0 0.48033088235294114 0.3353553921568628 0.47469362745098037 0.33939950980392153 0.474203431372549 0.34675245098039215 0.47935049019607845 0.3506740196078431 0.48547794117647064 0.3493259803921568 0.4890318627450981 0.34393382352941176 0.48596813725490196 0.336703431372549
0 0.4954044117647059 0.3401348039215686 0.4907475490196078 0.3425857843137255 0.49025735294117645 0.34810049019607847 0.4947916666666667 0.350796568627451 0.5005514705882352 0.3488357843137255 0.5009191176470589 0.3422181372549019
0 0.49552696078431374 0.3276348039215686 0.4907475490196078 0.3310661764705882 0.490625 0.3363357843137255 0.49430147058823526 0.3389093137254902 0.49895833333333334 0.3376838235294118 0.5006740196078431 0.33069852941176475
0 0.4795955882352941 0.31942401960784317 0.47322303921568626 0.3232230392156863 0.47322303921568626 0.32971813725490196 0.47738970588235297 0.3333946078431373 0.48412990196078437 0.33314950980392155 0.48756127450980397 0.3277573529411765 0.4848651960784314 0.32126225490196075
0 0.494546568627451 0.3118259803921569 0.48854166666666665 0.3152573529411765 0.48878676470588234 0.32113970588235297 0.49319852941176473 0.324203431372549 0.49981617647058824 0.3226102941176471 0.4996936274509804 0.31390931372549025
0 0.4795955882352941 0.3079044117647059 0.474203431372549 0.3109681372549019 0.47408088235294116 0.3162377450980392 0.47751225490196075 0.31819852941176474 0.4831495098039216 0.31721813725490194 0.484375 0.31047794117647065
0 0.49466911764705884 0.2988357843137255 0.4994485294117647 0.30091911764705886 0.500061274509804 0.30814950980392153 0.4949142156862745 0.3112132352941177 0.4886642156862745 0.31011029411764707 0.48572303921568627 0.305453431372549 0.4889093137254901 0.30006127450980397
0 0.4780024509803922 0.2973651960784314 0.4727328431372549 0.2998161764705882 0.47113970588235293 0.3044730392156863 0.4745710784313726 0.3079044117647059 0.4792279411764706 0.3074142156862745 0.48302696078431373 0.3041053921568628 0.4822916666666667 0.29846813725490196
0 0.49430147058823526 0.28560049019607847 0.487438725490196 0.2879289215686274 0.48547794117647064 0.29246323529411766 0.48792892156862744 0.29662990196078437 0.49307598039215683 0.2978553921568628 0.49797794117647065 0.29515931372549026 0.4996936274509804 0.28903186274509807
0 0.47996323529411766 0.28425245098039215 0.4723651960784314 0.28658088235294116 0.47015931372549014 0.2922181372549019 0.47346813725490194 0.2958946078431373 0.4805759803921568 0.29613970588235294 0.48363970588235294 0.29270833333333335 0.4840073529411764 0.2873161764705882
0 0.4963848039215686 0.2756740196078432 0.5005514705882352 0.27824754901960785 0.49895833333333334 0.28351715686274515 0.49368872549019605 0.2853553921568628 0.4892769607843137 0.2833946078431373 0.48756127450980397 0.2794730392156863 0.4917279411764706 0.275796568627451
0 0.4602328431372549 0.261703431372549 0.4635416666666667 0.2646446078431373 0.46145833333333336 0.26979166666666665 0.4549632352941177 0.27126225490196076 0.45153186274509804 0.2690563725490196 0.4516544117647059 0.2647671568627451 0.45716911764705886 0.2610906862745099
0 0.4478553921568627 0.259375 0.44074754901960783 0.2613357843137255 0.4386642156862745 0.26721813725490196 0.442953431372549 0.2717524509803922 0.44895833333333335 0.2713848039215686 0.45042892156862746 0.2685661764705882 0.4511642156862745 0.2623161764705882
0 0.4384191176470588 0.2604779411764706 0.4322916666666667 0.259375 0.42628676470588234 0.2623161764705882 0.42567401960784307 0.26832107843137254 0.42935049019607846 0.2713848039215686 0.43547794117647054 0.27077205882352945 0.43854166666666666 0.2659926470588236
0 0.46158088235294115 0.27162990196078435 0.46550245098039217 0.2748161764705882 0.465625 0.2806985294117647 0.4612132352941177 0.2840073529411765 0.45484068627450974 0.284375 0.45140931372549015 0.28118872549019613 0.45177696078431373 0.2743259803921569
0 0.44908088235294114 0.27346813725490193 0.4414828431372549 0.2738357843137255 0.437438725490196 0.27886029411764707 0.43939950980392156 0.2838848039215686 0.4458946078431372 0.28572303921568626 0.4501838235294118 0.2827818627450981 0.45091911764705883 0.2770220588235295
0 0.4607230392156863 0.2852328431372549 0.46648284313725485 0.288296568627451 0.4662377450980392 0.294546568627451 0.4583946078431373 0.29797794117647064 0.4521446078431373 0.2950367647058823 0.453125 0.28719362745098037
0 0.4482230392156863 0.286703431372549 0.4414828431372549 0.28780637254901964 0.4386642156862745 0.292953431372549 0.4408700980392157 0.29761029411764706 0.4478553921568627 0.29797794117647064 0.4525122549019608 0.2913602941176471
0 0.4239583333333333 0.2886642156862745 0.4159926470588235 0.2896446078431373 0.41243872549019606 0.2944240196078432 0.41488970588235297 0.2996936274509804 0.42015931372549015 0.300796568627451 0.425796568627451 0.2989583333333333 0.4271446078431372 0.2931985294117647
0 0.46403186274509806 0.29859068627450985 0.46795343137254897 0.30287990196078435 0.4659926470588235 0.30925245098039217 0.4583946078431373 0.31145833333333334 0.4534926470588235 0.3085171568627451 0.45287990196078437 0.3032475490196078 0.45729166666666665 0.2989583333333333
0 0.45055147058823525 0.30042892156862744 0.4423406862745098 0.300796568627451 0.4390318627450981 0.30655637254901963 0.44221813725490194 0.3119485294117647 0.4493259803921568 0.31170343137254897 0.4527573529411764 0.3097426470588236 0.4527573529411764 0.30435049019607846
0 0.4340073529411764 0.29797794117647064 0.43890931372549014 0.30251225490196076 0.4378063725490196 0.30949754901960785 0.43094362745098036 0.3130514705882353 0.42506127450980385 0.31060049019607844 0.4222426470588235 0.3064338235294118 0.4227328431372549 0.3015318627450981 0.42886029411764703 0.296875
0 0.417953431372549 0.30140931372549024 0.41035539215686273 0.3027573529411765 0.4087622549019608 0.3079044117647059 0.4113357843137255 0.3130514705882353 0.41623774509803924 0.31329656862745103 0.4215073529411764 0.31047794117647065 0.421875 0.3042279411764706
0 0.4850721784776903 0.13205380577427822 0.47490157480314965 0.13549868766404197 0.4726049868766405 0.14386482939632544 0.47818241469816275 0.151246719160105 0.48704068241469817 0.15173884514435693 0.4921259842519685 0.1466535433070866 0.49081364829396323 0.13566272965879264
0 0.5096784776902887 0.13123359580052493 0.500492125984252 0.13336614173228345 0.4970472440944882 0.14025590551181102 0.5001640419947507 0.14780183727034119 0.5075459317585301 0.1504265091863517 0.5149278215223098 0.1469816272965879 0.5175524934383202 0.13631889763779526
0 0.4932010978043913 0.1906811377245509 0.49706836327345316 0.1940494011976048 0.49594560878243515 0.2001621756487026 0.4902070858283434 0.20365518962075846 0.4849675648702595 0.20053642714570857 0.4839695608782436 0.19504740518962077 0.48808632734530943 0.19043163672654692
0 0.5061751497005988 0.18980788423153694 0.5111651696606787 0.1941741516966068 0.5085454091816368 0.20091067864271459 0.502557385229541 0.20153443113772457 0.49856536926147704 0.19791666666666669 0.4994386227544911 0.1910553892215569
0 0.5067989021956087 0.2042789421157685 0.5112899201596807 0.20814620758483032 0.5092939121756487 0.2146332335329341 0.5033058882235529 0.21600548902195613 0.499937624750499 0.2126372255489022 0.5003118762475051 0.20602544910179643
0 0.4932010978043913 0.20515219560878242 0.4875873253493015 0.20652445109780437 0.48534181636726553 0.21213822355289422 0.4883358283433134 0.21588073852295414 0.49307634730538924 0.21650449101796407 0.4964446107784431 0.21338572854291413 0.4964446107784431 0.20727295409181637
0 0.468375748502994 0.21076596806387227 0.4611402195608783 0.21400948103792417 0.46089071856287434 0.21987275449101798 0.46488273453093815 0.22324101796407186 0.471369760479042 0.22199351297405193 0.4719935129740519 0.21488273453093815
0 0.5076721556886228 0.21825099800399206 0.5119136726546907 0.22024700598802394 0.5125374251497006 0.22698353293413173 0.5079216566866268 0.23035179640718562 0.502432634730539 0.2288547904191617 0.499812874251497 0.22411427145708587 0.502682135728543 0.219498502994012
0 0.49357534930139724 0.21899950099800397 0.48708832335329344 0.22199351297405193 0.4862150698602795 0.2273577844311377 0.49045658682634735 0.2306012974051896 0.4974426147704591 0.22935379241516965 0.49831586826347307 0.22324101796407186
0 0.48072604790419166 0.22024700598802394 0.47448852295409183 0.22186876247504994 0.47224301397205587 0.22685878243512975 0.47486277445109787 0.2314745508982036 0.4806012974051897 0.23172405189620757 0.48446856287425155 0.22860528942115774 0.48372005988023953 0.22311626746506988
0 0.44306752873563215 0.20492097701149428 0.44713840996168586 0.2082734674329502 0.44546216475095785 0.2134219348659004 0.4405531609195402 0.21461925287356323 0.4360033524904215 0.21294300766283528 0.43588362068965514 0.2091115900383142 0.4386374521072797 0.2055196360153257
0 0.43181273946360155 0.20563936781609196 0.42606561302681994 0.2068366858237548 0.4236709770114943 0.2113864942528736 0.4258261494252874 0.2147389846743295 0.43013649425287354 0.2152179118773946 0.4338481800766284 0.21306273946360155 0.43420737547892724 0.20851293103448276
0 0.4200790229885057 0.20635775862068967 0.4151700191570882 0.20815373563218392 0.4132543103448276 0.211985153256705 0.4150502873563218 0.2152179118773946 0.42043821839080464 0.2161757662835249 0.422713122605364 0.21354166666666666 0.42295258620689663 0.20923132183908047
0 0.4127753831417625 0.20504070881226055 0.4076269157088123 0.20575909961685823 0.4048730842911878 0.20923132183908047 0.40619013409961685 0.2124640804597701 0.4103807471264368 0.21318247126436782 0.4130148467432951 0.21066810344827588 0.4144516283524904 0.2074353448275862
0 0.40283764367816094 0.20504070881226055 0.39840756704980845 0.20611829501915707 0.39649185823754785 0.20947078544061304 0.39732998084291193 0.21282327586206898 0.40116139846743293 0.21354166666666666 0.4048730842911878 0.21174568965517243 0.40535201149425293 0.20779454022988508
0 0.4443845785440613 0.2147389846743295 0.44713840996168586 0.218330938697318 0.44546216475095785 0.22455699233716478 0.44091235632183906 0.22491618773946362 0.43648227969348663 0.22288074712643677 0.43540469348659 0.21940852490421459 0.43815852490421453 0.2162954980842912
0 0.443426724137931 0.2256345785440613 0.4479765325670498 0.22826867816091953 0.4473778735632184 0.23365660919540232 0.44222940613026823 0.2367696360153257 0.43696120689655177 0.23425526819923373 0.43540469348659 0.23042385057471265 0.43815852490421453 0.22671216475095785
0 0.40535201149425293 0.21414032567049812 0.40966235632183906 0.21665469348659006 0.40966235632183906 0.22192289272030655 0.40523227969348663 0.2244372605363985 0.4000838122605364 0.22383860153256704 0.3979286398467433 0.2213242337164751 0.39840756704980845 0.21665469348659006 0.40164032567049807 0.21461925287356323
0 0.40846503831417624 0.22575431034482762 0.4018797892720306 0.22575431034482762 0.39840756704980845 0.22958572796934865 0.39900622605363983 0.23353687739463605 0.40283764367816094 0.23641044061302685 0.40774664750957856 0.23557231800766285 0.4106202107279694 0.23245929118773948 0.41133860153256707 0.22898706896551724
0 0.5274216524216525 0.16381766381766383 0.5197649572649574 0.16542022792022792 0.5167378917378919 0.17111823361823364 0.5202991452991454 0.17681623931623933 0.5277777777777778 0.176460113960114 0.5316951566951568 0.17307692307692307 0.5306267806267807 0.16631054131054132
0 0.540954415954416 0.16363960113960113 0.5452279202279203 0.16773504273504272 0.5445156695156695 0.1737891737891738 0.5389957264957265 0.1759259259259259 0.5325854700854702 0.17396723646723647 0.5315170940170941 0.1680911680911681 0.5345441595441597 0.16399572649572652
0 0.5366809116809118 0.13746438746438747 0.5302706552706553 0.1388888888888889 0.5277777777777778 0.14405270655270655 0.5304487179487181 0.1492165242165242 0.5372150997150998 0.14992877492877493 0.541488603988604 0.1428062678062678
0 0.4181985294117648 0.4434742647058823 0.41329656862745107 0.4466911764705882 0.41268382352941185 0.4518995098039216 0.4163602941176471 0.4551164215686274 0.42110906862745107 0.4541973039215686 0.42187500000000006 0.4469975490196078
0 0.4292279411764706 0.4434742647058823 0.4335171568627451 0.44546568627450983 0.4352022058823529 0.4520526960784314 0.4293811274509804 0.4566482843137255 0.42325367647058826 0.453125 0.42401960784313736 0.446078431372549
0 0.4427083333333333 0.4431678921568627 0.4477634803921569 0.4456188725490196 0.4480698529411765 0.4529718137254902 0.4443933823529412 0.4563419117647059 0.4373468137254902 0.4549632352941177 0.4368872549019608 0.4466911764705882
0 0.4174325980392157 0.4606311274509804 0.41253063725490197 0.464001225490196 0.41222426470588236 0.4699754901960784 0.41758578431372556 0.4730392156862745 0.42126225490196084 0.4702818627450981 0.42218137254901966 0.4633884803921569
0 0.42984068627450983 0.4597120098039216 0.4350490196078432 0.4623161764705882 0.4350490196078432 0.4710477941176471 0.4283088235294118 0.4741115196078432 0.42386642156862747 0.4702818627450981 0.42386642156862747 0.4627757352941177
0 0.4420955882352941 0.4584865196078432 0.4469975490196078 0.4607843137254902 0.4468443627450981 0.4673713235294118 0.4416360294117647 0.4699754901960784 0.4371936274509804 0.4670649509803922 0.436734068627451 0.4612438725490196
0 0.4728860294117647 0.4388786764705882 0.4779411764705882 0.4416360294117647 0.4777879901960784 0.4494485294117647 0.4715073529411765 0.4525122549019608 0.4669117647058823 0.4499080882352941 0.4662990196078432 0.4425551470588236
0 0.4866727941176471 0.438265931372549 0.4920343137254902 0.4408700980392157 0.4918811274509804 0.4496017156862745 0.4854473039215686 0.4528186274509804 0.4800857843137255 0.4497549019607843 0.4802389705882353 0.4425551470588236
0 0.4984681372549019 0.4388786764705882 0.5027573529411764 0.4411764705882353 0.5026041666666666 0.4469975490196078 0.4981617647058823 0.4499080882352941 0.4935661764705882 0.4474571078431373 0.4934129901960784 0.4410232843137255
0 0.4957107843137255 0.4509803921568627 0.4931066176470588 0.4548100490196078 0.4950980392156863 0.4603247549019608 0.5003063725490197 0.4603247549019608 0.5038296568627452 0.4554227941176471 0.5001531862745098 0.4505208333333333
0 0.4975490196078432 0.4613970588235294 0.4937193627450981 0.4644607843137255 0.4937193627450981 0.469515931372549 0.4981617647058823 0.4722732843137255 0.5029105392156863 0.4692095588235294 0.5029105392156863 0.4632352941176471
0 0.4866727941176471 0.4590992647058823 0.481311274509804 0.4615502450980392 0.4803921568627451 0.4692095588235294 0.4856004901960784 0.4727328431372549 0.4908088235294118 0.4704350490196078 0.4920343137254902 0.4624693627450981
0 0.4730392156862745 0.4583333333333333 0.4672181372549019 0.461703431372549 0.4664522058823529 0.4682904411764706 0.4712009803921569 0.4728860294117647 0.4765625 0.4712009803921569 0.4788602941176471 0.4627757352941177
0 0.48782276995305174 0.47828638497652587 0.49501173708920193 0.48283450704225356 0.494718309859155 0.4935446009389671 0.48591549295774655 0.4980927230046948 0.47872652582159625 0.49398474178403756 0.4785798122065728 0.48283450704225356
0 0.4647887323943662 0.4784330985915493 0.471830985915493 0.4825410798122066 0.471830985915493 0.49310446009389675 0.4621478873239437 0.4991197183098592 0.45510563380281693 0.49251760563380287 0.45539906103286387 0.4823943661971831
0 0.4424882629107982 0.4785798122065728 0.44894366197183105 0.4831279342723005 0.44894366197183105 0.49427816901408456 0.4401408450704226 0.4979460093896714 0.4335387323943662 0.49383802816901406 0.4329518779342723 0.4822476525821597
0 0.4187206572769953 0.47872652582159625 0.426349765258216 0.48283450704225356 0.426349765258216 0.49398474178403756 0.41769366197183105 0.4979460093896714 0.41006455399061037 0.4933978873239437 0.4099178403755869 0.48283450704225356
0 0.4869424882629108 0.5013204225352113 0.494718309859155 0.5046948356807512 0.4945715962441315 0.5171654929577465 0.48650234741784043 0.5209800469483568 0.4785798122065728 0.5165786384976526 0.47799295774647893 0.5063086854460094
0 0.4647887323943662 0.5014671361502347 0.47227112676056343 0.5060152582159625 0.47168427230046955 0.517605633802817 0.46302816901408456 0.5208333333333334 0.4562793427230047 0.5164319248826291 0.4558392018779343 0.5048415492957747
0 0.4419014084507042 0.5014671361502347 0.44879694835680756 0.5057218309859155 0.449237089201878 0.517605633802817 0.44043427230046955 0.5211267605633804 0.43251173708920193 0.5156983568075117 0.43383215962441324 0.5049882629107981
0 0.4191607981220658 0.5017605633802817 0.4267899061032864 0.5066021126760564 0.4254694835680752 0.5180457746478874 0.4166666666666667 0.5211267605633804 0.41006455399061037 0.5158450704225352 0.41035798122065725 0.5054284037558686
0 0.18646771771771778 0.4582394894894895 0.1904091591591592 0.4608671171171172 0.18984609609609615 0.46724849849849853 0.18430930930930936 0.46968843843843844 0.18046171171171177 0.4664977477477477 0.18074324324324328 0.46002252252252257
0 0.17530030030030033 0.45514264264264265 0.16995120120120125 0.45739489489489493 0.16948198198198203 0.46405780780780786 0.17473723723723728 0.4661223723723724 0.17886636636636644 0.4642454954954955 0.17933558558558563 0.4582394894894895
0 0.16413288288288294 0.45157657657657657 0.15981606606606613 0.4532657657657658 0.15840840840840845 0.46002252252252257 0.16338213213213218 0.462743993993994 0.1678866366366367 0.4605855855855856 0.16873123123123127 0.45476726726726735
0 0.18445512820512822 0.45509615384615376 0.18413461538461537 0.45208333333333334 0.18580128205128205 0.4483653846153846 0.18804487179487184 0.44759615384615375 0.1920192307692308 0.44875 0.19355769230769232 0.45144230769230764 0.19253205128205128 0.45458333333333334 0.18919871794871795 0.45733974358974355 0.18708333333333332 0.4565705128205128
0 0.18278846153846157 0.4483653846153846 0.18240384615384617 0.45099358974358966 0.18054487179487183 0.4531730769230769 0.17714743589743592 0.4538141025641025 0.17432692307692307 0.45214743589743583 0.1735576923076923 0.44913461538461535 0.17432692307692307 0.44708333333333333 0.17612179487179488 0.4449679487179487 0.17958333333333334 0.44419871794871796 0.1821474358974359 0.4463141025641025
0 0.17298076923076924 0.4459294871794871 0.17157051282051283 0.44913461538461535 0.1684294871794872 0.4506089743589743 0.16407051282051285 0.44875 0.16336538461538463 0.44516025641025636 0.1646474358974359 0.44240384615384615 0.16810897435897434 0.44112179487179487 0.17080128205128203 0.4424679487179487 0.17240384615384619 0.4436858974358974
