0 0.2251602564102564 0.31362179487179487 0.20464743589743592 0.32419871794871796 0.20528846153846156 0.3482371794871795 0.2238782051282051 0.35432692307692304 0.23990384615384613 0.34374999999999994 0.24022435897435898 0.31939102564102567
0 0.3040064102564103 0.32227564102564105 0.31939102564102567 0.33221153846153845 0.3177884615384616 0.35464743589743586 0.2966346153846154 0.3610576923076923 0.28381410256410255 0.3517628205128205 0.2841346153846154 0.33092948717948717
0 0.2988782051282051 0.4017628205128205 0.31490384615384615 0.415224358974359 0.3091346153846154 0.43605769230769226 0.28798076923076926 0.4424679487179487 0.2751602564102564 0.4299679487179487 0.27676282051282053 0.40689102564102564
0 0.21490384615384614 0.3943910256410256 0.19759615384615387 0.4020833333333333 0.1963141025641026 0.4241987179487179 0.2113782051282051 0.4318910256410256 0.2299679487179487 0.42323717948717954 0.23060897435897434 0.4011217948717949
0 0.20689102564102566 0.4825320512820512 0.18958333333333333 0.49310897435897433 0.18669871794871795 0.5136217948717948 0.20208333333333334 0.5225961538461538 0.22131410256410258 0.5181089743589743 0.2238782051282051 0.4934294871794871
0 0.290224358974359 0.4905448717948717 0.26778846153846153 0.49855769230769226 0.265224358974359 0.5203525641025641 0.2809294871794872 0.5306089743589744 0.29951923076923076 0.5245192307692308 0.30240384615384613 0.5020833333333332
0 0.27900641025641026 0.5706730769230769 0.29375 0.5802884615384615 0.2921474358974359 0.6036858974358974 0.27163461538461536 0.6104166666666666 0.2584935897435897 0.5995192307692307 0.2584935897435897 0.5780448717948717
0 0.19887820512820512 0.5626602564102563 0.18028846153846156 0.5738782051282051 0.18060897435897436 0.5927884615384615 0.19278846153846155 0.6017628205128205 0.21426282051282053 0.5956730769230769 0.215224358974359 0.5725961538461538
0 0.5201822916666666 0.7837239583333333 0.5069010416666667 0.7884114583333334 0.5037760416666667 0.799609375 0.5110677083333334 0.8076822916666667 0.5259114583333333 0.8048177083333333 0.5282552083333333 0.791015625
0 0.5298177083333333 0.748828125 0.515234375 0.7537760416666667 0.5118489583333333 0.7662760416666666 0.5227864583333334 0.7735677083333333 0.5350260416666667 0.769921875 0.5373697916666667 0.755859375
0 0.557421875 0.7608072916666667 0.5673177083333333 0.769140625 0.5602864583333333 0.783984375 0.5451822916666667 0.783203125 0.538671875 0.774609375 0.5467447916666667 0.762890625
0 0.5647135416666667 0.7217447916666667 0.5748697916666666 0.7272135416666666 0.5727864583333333 0.7438802083333333 0.5595052083333333 0.7475260416666667 0.550390625 0.741015625 0.551953125 0.7264322916666667
0 0.5376302083333333 0.713671875 0.5264322916666667 0.7165364583333333 0.5217447916666667 0.7287760416666667 0.5305989583333334 0.7384114583333333 0.5423177083333334 0.7350260416666666 0.5459635416666667 0.722265625
0 0.5037760416666667 0.723828125 0.495703125 0.7248697916666667 0.491015625 0.7334635416666667 0.49700520833333334 0.7389322916666666 0.5071614583333334 0.7368489583333333 0.5092447916666667 0.7298177083333334
0 0.5092447916666667 0.7063802083333334 0.49908854166666666 0.7076822916666666 0.49440104166666665 0.7147135416666667 0.498828125 0.7217447916666667 0.5084635416666666 0.7220052083333334 0.512890625 0.713671875
0 0.558984375 0.6915364583333333 0.5501302083333334 0.693359375 0.5467447916666667 0.701953125 0.553515625 0.708203125 0.5618489583333334 0.7055989583333333 0.5641927083333333 0.6959635416666666
0 0.5397135416666666 0.683984375 0.528515625 0.684765625 0.5233072916666667 0.6936197916666667 0.528515625 0.7014322916666667 0.541796875 0.701171875 0.544921875 0.6920572916666666
0 0.5649739583333333 0.6678385416666667 0.551953125 0.669921875 0.548828125 0.6798177083333333 0.555078125 0.687109375 0.5686197916666667 0.6850260416666667 0.5709635416666666 0.6733072916666667
0 0.5438802083333333 0.6634114583333334 0.5337239583333333 0.6634114583333334 0.5287760416666667 0.6717447916666667 0.5337239583333333 0.6782552083333333 0.5430989583333333 0.678515625 0.5477864583333333 0.671484375
0 0.5662760416666667 0.6454427083333333 0.5553385416666666 0.6485677083333333 0.5524739583333333 0.6569010416666666 0.561328125 0.662109375 0.568359375 0.658984375 0.572265625 0.6514322916666667
0 0.5493489583333333 0.640234375 0.5381510416666667 0.641796875 0.5337239583333333 0.6501302083333333 0.5389322916666667 0.6561197916666667 0.5477864583333333 0.655859375 0.5529947916666667 0.6501302083333333
0 0.5087239583333333 0.6522135416666667 0.4993489583333333 0.6537760416666667 0.49309895833333334 0.6600260416666667 0.496484375 0.6670572916666667 0.505859375 0.6686197916666666 0.5131510416666667 0.661328125
0 0.519140625 0.6727864583333333 0.5100260416666667 0.673046875 0.5069010416666667 0.6790364583333334 0.510546875 0.683203125 0.5201822916666666 0.6826822916666667 0.5227864583333334 0.6774739583333333
0 0.5154947916666667 0.6865885416666667 0.506640625 0.687890625 0.5040364583333333 0.6936197916666667 0.508984375 0.6993489583333333 0.5180989583333333 0.696484375 0.5209635416666667 0.692578125
0 0.4999999999999999 0.6799065420560747 0.4906542056074766 0.6818535825545171 0.4871495327102803 0.6886682242990654 0.4922118380062305 0.694119937694704 0.4999999999999999 0.693341121495327 0.5035046728971962 0.6876947040498442
0 0.48072429906542047 0.6715342679127725 0.47040498442367595 0.6730919003115264 0.46553738317757004 0.6797118380062305 0.4676791277258566 0.6874999999999999 0.47799844236760114 0.6902258566978192 0.4848130841121495 0.6865264797507787 0.4853971962616822 0.6764018691588785
0 0.49104361370716504 0.7030763239875388 0.48228193146417436 0.7032710280373832 0.4760514018691588 0.7102803738317757 0.4795560747663551 0.7165109034267912 0.48734423676012456 0.717289719626168 0.4947429906542055 0.7116433021806853
0 0.47507788161993764 0.6985981308411214 0.4651479750778816 0.7011292834890965 0.46066978193146413 0.7071651090342678 0.46495327102803735 0.7130062305295949 0.4741043613707165 0.7118380062305295 0.4774143302180685 0.70404984423676
0 0.46066978193146413 0.6962616822429906 0.4530763239875389 0.6964563862928348 0.44781931464174446 0.7019080996884735 0.44957165109034264 0.708138629283489 0.4577492211838005 0.7098909657320871 0.46242211838006225 0.7036604361370716
0 0.46066978193146413 0.6662772585669782 0.451518691588785 0.6674454828660435 0.446651090342679 0.6723130841121495 0.44801401869158874 0.6801012461059189 0.45560747663551393 0.6826323987538939 0.4626168224299064 0.6797118380062305 0.4645638629283489 0.6723130841121495
0 0.44158878504672894 0.6614096573208722 0.4322429906542055 0.6635514018691588 0.4297118380062305 0.6705607476635513 0.43341121495327095 0.67601246105919 0.4410046728971962 0.67601246105919 0.4456775700934579 0.6680295950155762
0 0.48598130841121495 0.6458333333333333 0.4752725856697819 0.6483644859813082 0.4707943925233644 0.6575155763239874 0.47624610591900307 0.6649143302180685 0.4867601246105918 0.6654984423676011 0.4914330218068535 0.6598520249221184 0.49240654205607465 0.6520638629283488
0 0.4645638629283489 0.6438862928348908 0.4536604361370716 0.645638629283489 0.4507398753894081 0.6538161993769469 0.45443925233644855 0.6586838006230529 0.4628115264797507 0.6602414330218067 0.4694314641744548 0.6557632398753893 0.46982087227414326 0.6485591900311526
0 0.48598130841121495 0.7198208722741433 0.47644080996884725 0.7215732087227413 0.4725467289719626 0.7285825545171338 0.4774143302180685 0.7350077881619936 0.48598130841121495 0.7338395638629283 0.4906542056074766 0.7291666666666665 0.4912383177570093 0.7231308411214952
0 0.47196261682242985 0.7165109034267912 0.46397975077881615 0.7167056074766354 0.45755451713395634 0.7207943925233644 0.4593068535825544 0.7283878504672897 0.4661214953271028 0.7297507788161993 0.4715732087227414 0.7258566978193145 0.4737149532710279 0.7202102803738317
0 0.45541277258566976 0.7128115264797508 0.4484034267912772 0.7137850467289719 0.4439252336448597 0.7194314641744547 0.44587227414330216 0.7260514018691588 0.4526869158878504 0.7266355140186915 0.45697040498442365 0.7233255451713395 0.45911214953271023 0.7163161993769469
0 0.4421728971962617 0.709696261682243 0.434190031152648 0.7100856697819314 0.4295171339563862 0.7139797507788161 0.43010124610591893 0.720404984423676 0.4357476635514018 0.7235202492211837 0.44158878504672894 0.7211838006230529 0.44450934579439244 0.7135903426791276
0 0.4450934579439252 0.6913940809968847 0.436721183800623 0.693341121495327 0.43341121495327095 0.698208722741433 0.4357476635514018 0.704828660436137 0.444119937694704 0.7054127725856697 0.4482087227414329 0.697429906542056
0 0.448170731707317 0.6419376693766937 0.43970189701897017 0.6421070460704607 0.43529810298102983 0.6468495934959348 0.43631436314363137 0.6541327913279132 0.4442750677506775 0.6558265582655827 0.4498644986449864 0.651930894308943 0.4503726287262872 0.6451558265582655
0 0.43445121951219506 0.6336382113821138 0.4263211382113821 0.6353319783197832 0.4237804878048781 0.6407520325203252 0.42699864498644985 0.6454945799457994 0.4341124661246612 0.6448170731707317 0.43699186991869915 0.6387195121951219
0 0.4308943089430894 0.6476964769647696 0.42462737127371275 0.649559620596206 0.4207317073170732 0.654979674796748 0.4241192411924119 0.6597222222222222 0.4298780487804878 0.6593834688346883 0.4339430894308943 0.654640921409214 0.43360433604336035 0.651930894308943
0 0.42682926829268286 0.6649728997289972 0.42005420054200543 0.665819783197832 0.41700542005420055 0.67090108401084 0.4190379403794038 0.6756436314363143 0.42462737127371275 0.6761517615176151 0.42852303523035234 0.6722560975609756 0.4286924119241192 0.6675135501355013
0 0.5011655011655012 0.6282051282051283 0.5053904428904429 0.6322843822843823 0.5048076923076924 0.6388403263403264 0.4973776223776224 0.6426282051282052 0.49125874125874125 0.639423076923077 0.49038461538461536 0.6343240093240093 0.4943181818181819 0.6293706293706294
0 0.48528554778554783 0.6242715617715617 0.4784382284382284 0.6260198135198135 0.4755244755244756 0.6317016317016317 0.4787296037296037 0.6382575757575758 0.48630536130536134 0.6386946386946387 0.49009324009324007 0.6346153846153846 0.49038461538461536 0.6273310023310024
0 0.5072843822843823 0.6133449883449884 0.4992715617715618 0.6146561771561772 0.4965034965034965 0.6196095571095571 0.4997086247086247 0.6241258741258742 0.5050990675990676 0.6247086247086248 0.5101981351981352 0.618881118881119
0 0.4937354312354313 0.6098484848484849 0.48747086247086246 0.6115967365967366 0.4842657342657343 0.615967365967366 0.48747086247086246 0.6210664335664337 0.4937354312354313 0.6215034965034966 0.497960372960373 0.6145104895104895
0 0.46045197740113 0.6149364406779662 0.4692796610169492 0.6174081920903954 0.47192796610169496 0.625882768361582 0.4634533898305085 0.6343573446327684 0.45497881355932207 0.6308262711864407 0.45303672316384186 0.6211158192090396
0 0.4383827683615819 0.6112288135593221 0.44650423728813565 0.6133474576271187 0.4480932203389831 0.6237641242937854 0.4394420903954802 0.6290607344632768 0.4318502824858757 0.625882768361582 0.4307909604519774 0.61670197740113
0 0.47192796610169496 0.592337570621469 0.47951977401129947 0.596927966101695 0.480225988700565 0.6076977401129944 0.47122175141242945 0.6117584745762712 0.4632768361581921 0.6078742937853108 0.4622175141242938 0.5979872881355933
0 0.4449152542372881 0.5863347457627118 0.4544491525423729 0.5888064971751412 0.4567443502824859 0.6016949152542374 0.44579802259887 0.6069915254237288 0.4383827683615819 0.6031073446327684 0.4357344632768362 0.5911016949152542
0 0.47863700564971756 0.5665607344632768 0.48622881355932207 0.5700918079096046 0.4867584745762712 0.5810381355932204 0.4772245762711864 0.586864406779661 0.4689265536723164 0.5815677966101696 0.46875 0.5722104519774012
0 0.45215395480225995 0.558792372881356 0.4615112994350283 0.5625 0.464159604519774 0.573093220338983 0.452683615819209 0.5799788135593221 0.4433262711864407 0.5750353107344633 0.4422669491525424 0.5646186440677966
0 0.5153601694915254 0.551906779661017 0.5225988700564972 0.5545550847457628 0.5240112994350283 0.5626765536723164 0.5148305084745762 0.5688559322033898 0.5072387005649717 0.5646186440677966 0.5075918079096046 0.5549081920903954
0 0.49699858757062143 0.5460805084745763 0.5044138418079096 0.5499646892655367 0.5033545197740114 0.5614406779661016 0.4947033898305085 0.5642655367231638 0.4887005649717514 0.5607344632768362 0.487111581920904 0.5499646892655367
0 0.47793079096045193 0.5421963276836159 0.4849929378531074 0.5467867231638418 0.48252118644067804 0.5577330508474576 0.4742231638418079 0.5593220338983051 0.4689265536723164 0.5552612994350283 0.4692796610169492 0.5446680790960452
0 0.4592161016949152 0.5376059322033898 0.4503884180790961 0.5407838983050848 0.4486228813559322 0.5497881355932204 0.4574505649717514 0.55420197740113 0.4648658192090395 0.550141242937853 0.46557203389830504 0.541313559322034
0 0.5039491758241759 0.566334706959707 0.4974244505494506 0.56805173992674 0.4952495421245421 0.5733173076923077 0.4992559523809524 0.5780105311355311 0.5040636446886446 0.5775526556776557 0.5081845238095238 0.5711423992673993
0 0.5159684065934066 0.5702266483516484 0.5196314102564104 0.5737751831501832 0.5176854395604397 0.5805288461538461 0.5116185897435898 0.5814445970695971 0.5078411172161172 0.5772092490842491 0.5092147435897436 0.5714858058608059
0 0.5364583333333334 0.6086397058823529 0.5283700980392156 0.6094975490196078 0.5243259803921568 0.616360294117647 0.5270220588235294 0.6212622549019607 0.5346200980392156 0.622610294117647 0.5395220588235293 0.6201593137254902 0.5407475490196079 0.6124387254901961
0 0.5498161764705882 0.6082720588235294 0.5556985294117648 0.6118259803921569 0.5545955882352941 0.6205269607843137 0.5482230392156863 0.6228553921568627 0.542218137254902 0.6208946078431373 0.5405024509803922 0.6162377450980392 0.5423406862745097 0.6092524509803922
0 0.5393995098039216 0.593811274509804 0.5447916666666667 0.5969975490196078 0.5428308823529412 0.6060661764705882 0.5358455882352942 0.6079044117647059 0.5297181372549019 0.6045955882352941 0.5295955882352941 0.5982230392156863 0.5333946078431373 0.594546568627451
0 0.5738636363636364 0.5952797202797203 0.5793997668997669 0.5987762237762239 0.5788170163170163 0.6048951048951049 0.5728438228438228 0.6075174825174826 0.56745337995338 0.6063519813519814 0.5658508158508159 0.6025641025641025 0.5667249417249418 0.5961538461538463
0 0.5585664335664337 0.5887237762237763 0.56497668997669 0.5935314685314685 0.5638111888111887 0.600378787878788 0.5572552447552448 0.6040209790209791 0.5506993006993007 0.6022727272727273 0.5486596736596737 0.5973193473193473 0.5511363636363636 0.5913461538461539
0 0.5451631701631702 0.5705128205128205 0.5525932400932401 0.5761946386946387 0.5524475524475524 0.5861013986013986 0.5445804195804197 0.5903263403263403 0.5352564102564104 0.5891608391608392 0.5314685314685315 0.5840617715617715 0.5327797202797203 0.5767773892773893 0.5377331002331003 0.5728438228438228
0 0.5501165501165501 0.5473484848484849 0.5576923076923077 0.5506993006993007 0.5595862470862472 0.5603146853146853 0.5528846153846154 0.5664335664335665 0.544434731934732 0.5664335664335665 0.5384615384615384 0.5620629370629371 0.537878787878788 0.5550699300699301 0.5434149184149184 0.5492424242424243
0 0.5766317016317017 0.5472027972027973 0.5831876456876457 0.5531759906759907 0.5814393939393939 0.5629370629370629 0.5738636363636364 0.567016317016317 0.5662878787878789 0.5658508158508159 0.5623543123543123 0.5606060606060607 0.5620629370629371 0.5539044289044289 0.5686188811188811 0.5482226107226108
0 0.5724067599067599 0.5706585081585082 0.581002331002331 0.5750291375291376 0.5814393939393939 0.5844988344988344 0.5744463869463869 0.590472027972028 0.5662878787878789 0.5901806526806527 0.5603146853146853 0.5844988344988344 0.5606060606060607 0.576923076923077 0.5652680652680654 0.5732808857808858
0 0.5499224290780141 0.5227726063829787 0.5422761524822696 0.5244348404255319 0.5395057624113475 0.528978280141844 0.5406139184397163 0.5337433510638299 0.5462655141843972 0.5352947695035462 0.5512522163120568 0.5330784574468085 0.5528036347517731 0.5260970744680851
0 0.562001329787234 0.5244348404255319 0.5549091312056738 0.5260970744680851 0.5520279255319149 0.5303080673758865 0.5535793439716312 0.5350731382978723 0.5582335992907802 0.5365137411347518 0.5633311170212766 0.5346298758865248 0.5656582446808511 0.528091755319149
0 0.5736369680851063 0.5260970744680851 0.5780695921985816 0.5291999113475178 0.5778479609929078 0.5346298758865248 0.5728612588652482 0.5377327127659574 0.5677637411347518 0.5375110815602837 0.5644392730496454 0.5344082446808511 0.5654366134751773 0.529864804964539 0.567542109929078 0.5265403368794326
0 0.5815048758865248 0.5143506205673759 0.5747451241134752 0.5149046985815603 0.5705341312056738 0.5190048758865248 0.571199024822695 0.5237699468085106 0.5744126773049646 0.5263187056737589 0.5791777482269503 0.5257646276595744 0.5839428191489362 0.5229942375886525 0.5848293439716312 0.517896719858156
0 0.5562389184397163 0.5040447695035462 0.5614472517730497 0.5082557624113475 0.561114804964539 0.5154587765957447 0.5561281028368794 0.5190048758865248 0.548260195035461 0.5202238475177304 0.5448249113475178 0.5166777482269503 0.5434951241134752 0.5109153368794326 0.5478169326241136 0.505042109929078
0 0.5821697695035462 0.501385195035461 0.5751883865248227 0.5030474290780141 0.571199024822695 0.5078125 0.5729720744680851 0.5126883865248227 0.577626329787234 0.5139073581560283 0.583167109929078 0.5122451241134752 0.5859375 0.5071476063829787
0 0.5842752659574468 0.4893062943262411 0.5765181737588653 0.4906360815602837 0.5731937056737589 0.49484707446808507 0.5743018617021277 0.4996121453900709 0.5791777482269503 0.5011635638297872 0.5842752659574468 0.4996121453900709 0.5872672872340426 0.493074024822695
0 0.56853945035461 0.48764406028368795 0.561114804964539 0.4888630319148936 0.5567929964539008 0.4938497340425532 0.5575687056737589 0.49994459219858156 0.5636635638297872 0.5039339539007093 0.5693151595744681 0.5017176418439717 0.5734153368794326 0.49717420212765956 0.5717531028368794 0.4910793439716312
0 0.5503656914893617 0.4855385638297872 0.5553523936170213 0.488530585106383 0.5557956560283688 0.4960660460992907 0.5504765070921986 0.5009419326241136 0.5448249113475178 0.5014960106382979 0.539949024822695 0.49828235815602834 0.5392841312056738 0.4922983156028369 0.543716755319149 0.4864250886524823
0 0.5330784574468085 0.48409796099290775 0.5259862588652482 0.4850953014184397 0.5217752659574468 0.4910793439716312 0.5234375 0.497728280141844 0.5295323581560283 0.49994459219858156 0.5360704787234043 0.49717420212765956 0.5388408687943262 0.491300975177305 0.5379543439716312 0.48609264184397166
0 0.4956873673036093 0.5102839702760085 0.48918524416135883 0.513734076433121 0.48838906581740976 0.5199708067940552 0.49356422505307856 0.5236863057324841 0.49966825902335454 0.5211650743099787 0.5036491507430998 0.5163880042462845 0.500066348195329 0.5121417197452228
0 0.5080281316348195 0.4810907643312101 0.5136013800424628 0.48507165605095537 0.513734076433121 0.49263535031847133 0.5067011677282377 0.4966162420382165 0.49927016985138 0.4956873673036093 0.49674893842887474 0.49104299363057324 0.49860668789808915 0.4828158174097664
0 0.49183917197452226 0.4788349256900212 0.49608545647558383 0.4833466029723992 0.49528927813163476 0.4907776008492569 0.4895833333333333 0.4947584925690021 0.48401008492569003 0.49449309978768574 0.47949840764331203 0.4907776008492569 0.4788349256900212 0.4841427813163482 0.48493895966029726 0.4792330148619957
0 0.47286358811040335 0.47697717622080676 0.4652998938428875 0.478702229299363 0.46145169851380036 0.48480626326963905 0.4633094479830149 0.49091029723991503 0.46875 0.49356422505307856 0.47618099787685775 0.4905122080679405 0.4781714437367304 0.48653131634819535 0.47777335456475584 0.480161889596603
0 0.45587845010615713 0.4747213375796179 0.4467223991507431 0.4776406581740976 0.44420116772823776 0.4833466029723992 0.4468550955414012 0.4895833333333333 0.4533572186836518 0.49130838641188956 0.46052282377919324 0.487858280254777 0.4609209129511677 0.4788349256900212
0 0.4856024416135881 0.49820859872611467 0.4775079617834394 0.5007298301486199 0.4737924628450106 0.5072319532908705 0.47777335456475584 0.5141321656050954 0.487062101910828 0.513734076433121 0.49104299363057324 0.5082935244161358 0.4906449044585987 0.5011279193205944
0 0.5055069002123141 0.49953556263269633 0.509885881104034 0.5040472399150743 0.5082935244161358 0.5102839702760085 0.5020567940552016 0.5125398089171974 0.495421974522293 0.5093550955414012 0.49515658174097665 0.5032510615711252 0.5007298301486199 0.5004644373673036
0 0.46954617834394907 0.49701433121019106 0.46118630573248404 0.49781050955414013 0.4570727176220806 0.5036491507430998 0.4583996815286624 0.5094877919320594 0.46423832271762205 0.5134686836518046 0.4706077494692144 0.5108147558386412 0.4740578556263269 0.5029856687898089
0 0.4503052016985138 0.49157377919320594 0.4432722929936306 0.49290074309978765 0.44128184713375795 0.49966825902335454 0.44566082802547774 0.503781847133758 0.4516321656050955 0.5027202760084926 0.45587845010615713 0.49621815286624205
0 0.4548168789808917 0.5041799363057325 0.44605891719745216 0.5061703821656051 0.44433386411889597 0.5117436305732483 0.4487128450106157 0.5166533970276008 0.4556130573248407 0.5158572186836518 0.4586650743099787 0.511478237791932 0.45747080679405516 0.5070992569002123
0 0.25343642611683853 0.8595360824742269 0.2596649484536082 0.8625429553264606 0.2620274914089347 0.8724226804123713 0.2547250859106529 0.8760738831615121 0.24742268041237112 0.8743556701030929 0.2450601374570447 0.8689862542955327 0.24892611683848798 0.8627577319587629
0 0.271692439862543 0.8597508591065293 0.2779209621993128 0.8629725085910653 0.2787800687285223 0.8696305841924399 0.27298109965635736 0.8760738831615121 0.26696735395189003 0.8765034364261168 0.2626718213058419 0.8741408934707905 0.2622422680412371 0.8687714776632303 0.2643900343642612 0.8614690721649485
0 0.28951890034364264 0.8593213058419245 0.2948883161512027 0.8618986254295532 0.29682130584192445 0.8702749140893472 0.2910223367697594 0.8762886597938145 0.28414948453608246 0.8758591065292097 0.2796391752577319 0.8726374570446735 0.2787800687285223 0.8661941580756015 0.2835051546391752 0.8618986254295532
0 0.30673076923076925 0.8596153846153847 0.31330128205128205 0.8626602564102563 0.31298076923076923 0.8729166666666667 0.30480769230769234 0.8759615384615385 0.29775641025641025 0.873076923076923 0.296474358974359 0.866346153846154 0.3011217948717949 0.8613782051282052
0 0.3080128205128205 0.8830128205128206 0.31298076923076923 0.8860576923076923 0.3141025641025641 0.8926282051282052 0.30849358974358976 0.8959935897435897 0.3020833333333333 0.8950320512820514 0.29919871794871794 0.8897435897435897 0.3025641025641026 0.8842948717948719
0 0.29599358974358975 0.8838141025641025 0.28942307692307695 0.8846153846153847 0.2862179487179487 0.8892628205128207 0.2876602564102564 0.8955128205128207 0.2931089743589744 0.8966346153846154 0.2987179487179487 0.8947115384615385 0.2998397435897436 0.8870192307692307
0 0.28205128205128205 0.883173076923077 0.27451923076923074 0.8850961538461539 0.2724358974358974 0.8916666666666667 0.2753205128205128 0.8961538461538462 0.28173076923076923 0.8966346153846154 0.28589743589743594 0.8943910256410256 0.28589743589743594 0.8873397435897437
0 0.26826923076923076 0.883173076923077 0.26153846153846155 0.8850961538461539 0.2586538461538461 0.8897435897435897 0.2604166666666667 0.8942307692307693 0.2658653846153846 0.8964743589743589 0.27147435897435895 0.8935897435897436 0.27211538461538465 0.8870192307692307
0 0.2552884615384616 0.883173076923077 0.24807692307692306 0.885576923076923 0.24423076923076925 0.8915064102564103 0.24807692307692306 0.8958333333333334 0.25464743589743594 0.8959935897435897 0.2584935897435897 0.8935897435897436 0.2588141025641026 0.8876602564102564
0 0.2904491341991342 0.8483495670995671 0.28625541125541126 0.8425324675324675 0.2798971861471861 0.8438852813852814 0.2765151515151515 0.8487554112554111 0.27813852813852813 0.854301948051948 0.2835497835497835 0.8560606060606061 0.28963744588744583 0.8525432900432901
0 0.2992424242424242 0.8429383116883116 0.30451839826839827 0.846590909090909 0.30275974025974023 0.8532196969696969 0.29626623376623373 0.8555194805194805 0.2916666666666667 0.8540313852813852 0.2904491341991342 0.8498376623376623 0.2913961038961039 0.844832251082251 0.2954545454545454 0.8434794372294372
0 0.24409893267651894 0.9232861247947456 0.23691502463054193 0.9255439244663383 0.23475985221674886 0.9306752873563217 0.23640188834154358 0.9362171592775042 0.2403017241379311 0.9381670771756978 0.24810139573070614 0.9370381773399015 0.25210385878489333 0.9323173234811164 0.2494355500821019 0.9245176518883417
0 0.26359811165845654 0.9224651067323479 0.2684215927750411 0.9254412972085386 0.2698583743842365 0.9300595238095237 0.2672926929392447 0.9366276683087028 0.2609298029556651 0.9392959770114941 0.2552853037766831 0.9377565681444991 0.25230911330049266 0.9333435960591134 0.2527196223316913 0.9270833333333334 0.25713259441707725 0.9232861247947456
0 0.2781711822660099 0.9276990968801313 0.2717056650246306 0.9289306239737274 0.2688321018062398 0.9331383415435142 0.26903735632183917 0.9373460591133005 0.27303981937602634 0.9399117405582922 0.2774527914614122 0.9404248768472905 0.28237889983579645 0.9380644499178982 0.28268678160919547 0.929341133004926
0 0.24849104361370716 0.9409559968847352 0.2402161214953271 0.9415401090342679 0.2361273364485981 0.945044781931464 0.23534852024922118 0.9511779595015575 0.23953465732087223 0.9555588006230528 0.2462519470404984 0.9561429127725855 0.2511195482866043 0.952443535825545 0.2520930685358255 0.9448500778816199
0 0.264846183800623 0.9412480529595014 0.2568633177570093 0.9421242211838005 0.252482476635514 0.9452394859813084 0.25228777258566976 0.9514700155763239 0.2561818535825545 0.9560455607476634 0.26212032710280375 0.9560455607476634 0.26757204049844235 0.9528329439252335 0.268934968847352 0.9456288940809967
0 0.2806172118380062 0.9429030373831775 0.27312110591900307 0.9439739096573206 0.2693243769470405 0.9472838785046728 0.2693243769470405 0.9527355919003114 0.27234228971962615 0.9559482087227413 0.2789622274143302 0.9558508566978192 0.2823695482866043 0.9527355919003114 0.28353777258566976 0.9471865264797508
0 0.29337032710280375 0.9433897975077882 0.287042445482866 0.944168613707165 0.28431658878504673 0.9468944704049843 0.28295366043613707 0.9518594236760123 0.28577686915887845 0.9558508566978192 0.29161799065420557 0.9564349688473519 0.2958041277258566 0.9533197040498442 0.2976538161993769 0.9467971183800622
0 0.3080704828660436 0.9419295171339562 0.3120619158878505 0.9448500778816199 0.31303543613707163 0.9514700155763239 0.309238707165109 0.9554614485981306 0.30261876947040495 0.9561429127725855 0.2980432242990654 0.9539038161993769 0.2969723520249221 0.9493282710280372 0.29882204049844235 0.9444606697819313 0.3038843457943925 0.9418321651090341
0 0.30135319314641745 0.927716121495327 0.3053446261682243 0.93014992211838 0.30670755451713394 0.934238707165109 0.3031055295950155 0.9391063084112149 0.29531736760124605 0.940079828660436 0.2928835669781931 0.9364778037383176 0.2925915109034268 0.932681074766355 0.29531736760124605 0.9291764018691587
0 0.3891076115485564 0.9058398950131233 0.3805774278215223 0.9096128608923886 0.3795931758530183 0.9178149606299214 0.38664698162729655 0.9232283464566929 0.39534120734908135 0.9207677165354331 0.3969816272965879 0.9105971128608924
0 0.411253280839895 0.9027230971128608 0.42175196850393704 0.9084645669291338 0.4192913385826772 0.9209317585301837 0.40994094488188976 0.9238845144356956 0.40124671916010496 0.920275590551181 0.4009186351706037 0.9071522309711287
0 0.4127296587926509 0.9276574803149606 0.4209317585301838 0.9301181102362205 0.42191601049868765 0.9417650918635171 0.4128937007874015 0.9471784776902887 0.40337926509186345 0.9430774278215224 0.4025590551181102 0.9311023622047243
0 0.390255905511811 0.9296259842519686 0.39763779527559057 0.9330708661417323 0.3973097112860892 0.9442257217847769 0.3892716535433071 0.9473425196850394 0.3812335958005249 0.943241469816273 0.3822178477690289 0.9335629921259841
0 0.41305774278215224 0.9507874015748031 0.4206036745406824 0.9535761154855642 0.4242125984251968 0.9622703412073491 0.41486220472440943 0.9714566929133859 0.40452755905511806 0.9670275590551182 0.40403543307086615 0.9565288713910761
0 0.3909120734908137 0.9534120734908136 0.3978018372703412 0.9553805774278217 0.3991141732283464 0.966207349081365 0.39124015748031493 0.9712926509186353 0.38303805774278216 0.9670275590551182 0.3835301837270341 0.9571850393700788
0 0.44176509186351715 0.9151902887139107 0.44701443569553806 0.9184711286089239 0.44816272965879267 0.9286417322834645 0.44110892388451445 0.9325787401574803 0.4340551181102362 0.9296259842519686 0.4315944881889764 0.9187992125984252
0 0.4606299212598426 0.9142060367454068 0.4681758530183727 0.917979002624672 0.4675196850393701 0.9278215223097114 0.4609580052493439 0.9311023622047243 0.45275590551181105 0.9283136482939632 0.45160761154855644 0.9176509186351706
0 0.4804790026246719 0.9137139107611549 0.4863845144356956 0.9181430446194226 0.48523622047244097 0.9263451443569555 0.4791666666666667 0.9291338582677166 0.47342519685039375 0.926017060367454 0.4726049868766405 0.91748687664042
0 0.4960629921259843 0.9133858267716536 0.5021325459317585 0.9161745406824148 0.5018044619422573 0.9256889763779528 0.495242782152231 0.9281496062992126 0.4890091863517061 0.9256889763779528 0.4883530183727034 0.9178149606299214
0 0.5103346456692913 0.912237532808399 0.5160761154855643 0.9143700787401574 0.5167322834645669 0.9235564304461942 0.5088582677165355 0.9270013123359582 0.5037729658792651 0.9238845144356956 0.5032808398950132 0.9145341207349083
0 0.44176509186351715 0.9365157480314961 0.4493110236220473 0.9388123359580053 0.4501312335958006 0.9502952755905512 0.4425853018372704 0.9535761154855642 0.43421916010498685 0.9504593175853019 0.4333989501312336 0.9402887139107611
0 0.46259842519685046 0.9348753280839895 0.4699803149606299 0.9386482939632546 0.46948818897637795 0.9494750656167978 0.4619422572178478 0.9530839895013123 0.4542322834645669 0.9493110236220472 0.4520997375328084 0.9383202099737533
0 0.48195538057742787 0.9335629921259841 0.48802493438320216 0.9365157480314961 0.4893372703412074 0.9463582677165355 0.48195538057742787 0.9506233595800525 0.4745734908136483 0.9471784776902887 0.4744094488188977 0.9383202099737533
0 0.4970472440944882 0.9340551181102362 0.5032808398950132 0.9366797900262467 0.5034448818897639 0.9463582677165355 0.49770341207349084 0.9496391076115487 0.49163385826771655 0.9478346456692914 0.4891732283464567 0.9375
0 0.5122222222222222 0.934861111111111 0.5159722222222223 0.9366666666666666 0.5166666666666667 0.9433333333333334 0.5122222222222222 0.946111111111111 0.5070833333333333 0.9440277777777777 0.5068055555555556 0.9368055555555554
0 0.5259722222222223 0.9333333333333333 0.5302777777777778 0.9359722222222221 0.5305555555555557 0.9438888888888888 0.5243055555555556 0.9463888888888887 0.5195833333333333 0.9443055555555554 0.518888888888889 0.936111111111111
0 0.5244444444444445 0.9116666666666666 0.5304166666666666 0.9159722222222221 0.5295833333333333 0.9233333333333333 0.5231944444444445 0.9254166666666667 0.5180555555555556 0.9234722222222221 0.5184722222222223 0.9144444444444444
0 0.3220263532763533 0.8641381766381767 0.3230947293447294 0.8671652421652422 0.3214921652421653 0.8707264957264957 0.31837606837606836 0.8714387464387463 0.31508190883190884 0.8691239316239316 0.3149038461538462 0.8659188034188035 0.31695156695156695 0.863960113960114 0.3192663817663818 0.863158831908832
0 0.3191773504273504 0.8820334757834758 0.31659544159544156 0.8814102564102564 0.3145477207977208 0.8803418803418803 0.31365740740740744 0.8776709401709402 0.3142806267806268 0.8757122507122508 0.3162393162393162 0.8737535612535612 0.3189102564102564 0.8730413105413106 0.3214031339031339 0.8759793447293447 0.32211538461538464 0.8792735042735043
0 0.31873219373219375 0.8924501424501424 0.3162393162393162 0.8916488603988605 0.31410256410256415 0.8890669515669515 0.31410256410256415 0.8865740740740741 0.3147257834757835 0.8848824786324786 0.318019943019943 0.8836360398860399 0.3208689458689459 0.8847934472934472 0.32220441595441596 0.887909544159544 0.32051282051282054 0.8914707977207977
0 0.24350071225071226 0.8865740740740741 0.24350071225071226 0.8893340455840456 0.24074074074074076 0.8922720797720797 0.2374465811965812 0.8921830484330485 0.2358440170940171 0.8898682336182336 0.23557692307692307 0.8871972934472935 0.23646723646723647 0.88497150997151 0.23806980056980057 0.8836360398860399 0.24100783475783477 0.8834579772079773 0.2431445868945869 0.885505698005698
0 0.24145299145299143 0.8816773504273505 0.23887108262108261 0.881855413105413 0.23691239316239318 0.8809650997150997 0.23530982905982906 0.8785612535612535 0.23548789173789175 0.875534188034188 0.2374465811965812 0.8733974358974359 0.2403846153846154 0.8723290598290598 0.24287749287749288 0.874465811965812 0.24394586894586895 0.8778490028490029 0.24421296296296297 0.8798076923076923
0 0.24082977207977208 0.8709935897435896 0.23913817663817663 0.8712606837606838 0.23691239316239318 0.870014245014245 0.2358440170940171 0.8676994301994302 0.2361111111111111 0.8652955840455842 0.23815883190883194 0.8629807692307693 0.2409188034188034 0.8623575498575499 0.24367877492877493 0.8648504273504273 0.24367877492877493 0.8678774928774928
0 0.2939119552414606 0.09684187279151943 0.29310217903415786 0.10052267373380448 0.2909673144876325 0.10192137809187278 0.2875809776207303 0.10177414605418139 0.28610865724381623 0.10044905771495878 0.28515164899882217 0.09831419316843346 0.285446113074205 0.09544316843345112 0.28706566548881035 0.09404446407538282 0.2903783863368669 0.0929402237926973 0.29310217903415786 0.09426531213191991
0 0.3012735571260306 0.10287838633686691 0.298476148409894 0.10287838633686691 0.29641489988221437 0.10170053003533569 0.295531507656066 0.09993374558303887 0.29501619552414604 0.09728356890459365 0.29663574793875147 0.09507508833922262 0.30002208480565373 0.09404446407538282 0.3028194935217904 0.09588486454652534 0.30370288574793874 0.09868227326266195 0.30333480565371024 0.10059628975265017
0 0.30863515901060073 0.1030256183745583 0.3065002944640754 0.10324646643109542 0.30495435806831567 0.10140606595995288 0.30495435806831567 0.09875588928150765 0.3073100706713781 0.09669464075382804 0.3098130153121319 0.09728356890459365 0.3109908716136631 0.09890312131919907 0.3108436395759718 0.10147968197879859
0 0.31261042402826855 0.10177414605418139 0.31253680800942285 0.09941843345111898 0.31319935217903416 0.09801972909305065 0.3159231448763251 0.09728356890459365 0.3182788574793875 0.09860865724381626 0.31879416961130747 0.10096436984687869 0.3180580094228504 0.1022894581861013 0.3163648409893993 0.1033200824499411 0.3151869846878681 0.10420347467608952
0 0.3225485865724382 0.10427709069493522 0.32085541813898705 0.10361454652532391 0.31982479387514723 0.10221584216725559 0.3193830977620731 0.09993374558303887 0.32100265017667845 0.09809334511189637 0.3235055948174323 0.09765164899882214 0.32512514723203767 0.09882950530035337 0.3260085394581861 0.10066990577149589 0.325051531213192 0.1028047703180212 0.32357921083627794 0.10442432273262661
0 0.3300574204946996 0.10442432273262661 0.32799617196702 0.10346731448763252 0.3265974676089517 0.10162691401649 0.3268183156654888 0.09949204946996466 0.32865871613663133 0.09816696113074204 0.3308671967020023 0.09809334511189637 0.33307567726737336 0.09993374558303887 0.3331492932862191 0.10251030624263839 0.3316033568904594 0.10405624263839813
0 0.3366828621908127 0.10589664310954064 0.33454799764428744 0.10368816254416961 0.3332965253239105 0.10081713780918729 0.3356522379269729 0.09838780918727914 0.3394066548881037 0.09846142520612484 0.33992196702002353 0.10162691401649 0.3406581272084806 0.10479240282685513
