0 0.5780367231638418 0.1818502824858757 0.5711511299435028 0.17955508474576273 0.5635593220338984 0.18237994350282485 0.5639124293785311 0.19050141242937854 0.5713276836158192 0.19367937853107345 0.5769774011299436 0.18961864406779658
0 0.592337570621469 0.1839689265536723 0.5835098870056498 0.18132062146892655 0.5783898305084746 0.18485169491525424 0.5790960451977402 0.19279661016949154 0.5861581920903954 0.1950918079096045 0.5926906779661016 0.1908545197740113
0 0.6046963276836159 0.1975635593220339 0.5971045197740114 0.1950918079096045 0.5911016949152542 0.1987994350282486 0.5918079096045198 0.20533192090395477 0.5990466101694916 0.207274011299435 0.6050494350282486 0.20356638418079095
0 0.589159604519774 0.20144774011299432 0.580861581920904 0.20444915254237286 0.5801553672316385 0.21045197740112992 0.5861581920903954 0.21415960451977403 0.5930437853107345 0.21168785310734464 0.594632768361582 0.20515536723163844
0 0.5727401129943502 0.19615112994350284 0.5663841807909604 0.19244350282485873 0.5598516949152542 0.1973870056497175 0.5605579096045198 0.2056850282485876 0.5690324858757062 0.20674435028248586 0.5745056497175142 0.20197740112994347
0 0.5602048022598871 0.19297316384180788 0.5512005649717514 0.18926553672316382 0.5453742937853108 0.19491525423728812 0.5457274011299436 0.20180084745762714 0.553319209039548 0.20444915254237286 0.5596751412429378 0.20038841807909605
0 0.5414901129943502 0.20197740112994347 0.534957627118644 0.1973870056497175 0.527542372881356 0.20144774011299432 0.5286016949152542 0.20903954802259886 0.533545197740113 0.2139830508474576 0.5416666666666666 0.20921610169491525
0 0.518891242937853 0.20533192090395477 0.5153601694915254 0.21257062146892655 0.5181850282485876 0.21980932203389833 0.5238347457627118 0.22069209039548024 0.5307203389830509 0.21574858757062146 0.5293079096045198 0.21027542372881355 0.524364406779661 0.20444915254237286
0 0.5363700564971752 0.22157485875706215 0.535840395480226 0.2155720338983051 0.5429025423728814 0.20939265536723164 0.5506709039548023 0.21345338983050846 0.5485522598870056 0.22369350282485878 0.5430790960451978 0.22563559322033896
0 0.5308968926553673 0.2335805084745763 0.5241878531073447 0.23163841807909605 0.5225988700564972 0.22369350282485878 0.5278954802259888 0.21804378531073443 0.534427966101695 0.21839689265536724 0.5379590395480226 0.2284604519774011
0 0.5434322033898304 0.2443502824858757 0.5337217514124294 0.24540960451977403 0.5301906779661016 0.23923022598870058 0.5310734463276836 0.2342867231638418 0.5388418079096046 0.22934322033898308 0.5423728813559322 0.2318149717514124 0.5451977401129944 0.2399364406779661
0 0.5572033898305085 0.22951977401129942 0.5494350282485876 0.2252824858757062 0.5421963276836159 0.22899011299435026 0.542725988700565 0.23587570621468928 0.5492584745762712 0.240819209039548 0.5557909604519774 0.23658192090395477
0 0.5711511299435028 0.22598870056497178 0.5676200564971752 0.23322740112994347 0.5736228813559322 0.23887711864406777 0.5815677966101696 0.2378177966101695 0.5863347457627118 0.23163841807909605 0.5805084745762712 0.22334039548022597
0 0.5967514124293786 0.21769067796610167 0.5886299435028249 0.21574858757062146 0.5820974576271186 0.2219279661016949 0.584569209039548 0.22899011299435026 0.5926906779661016 0.23163841807909605 0.5988700564971752 0.22581214689265536
0 0.612641242937853 0.20939265536723164 0.6008121468926554 0.2074505649717514 0.5949858757062148 0.21327683615819212 0.5971045197740114 0.21998587570621467 0.6046963276836159 0.2235169491525424 0.612994350282486 0.21751412429378533
0 0.5715042372881356 0.20939265536723164 0.577683615819209 0.20780367231638416 0.584569209039548 0.2139830508474576 0.5812146892655367 0.22069209039548024 0.574858757062147 0.22086864406779658 0.5688559322033898 0.2155720338983051
0 0.563382768361582 0.21486581920903955 0.558792372881356 0.21998587570621467 0.5619703389830509 0.22704802259887003 0.5692090395480226 0.22563559322033896 0.5729166666666666 0.2212217514124294 0.5685028248587571 0.2152189265536723
0 0.6002824858757062 0.24505649717514122 0.5896892655367232 0.24205508474576273 0.5826271186440678 0.247704802259887 0.5838629943502825 0.2575918079096045 0.5926906779661016 0.2609463276836158 0.6027542372881356 0.254590395480226
0 0.6039901129943502 0.2452330508474576 0.6013418079096046 0.23622881355932204 0.609816384180791 0.2300494350282486 0.6197033898305085 0.2311087570621469 0.6216454802259888 0.24028954802259886 0.6112288135593221 0.24858757062146894
0 0.6320621468926554 0.2528248587570621 0.6232344632768362 0.24858757062146894 0.612994350282486 0.2554731638418079 0.61670197740113 0.265183615819209 0.6269420903954802 0.2681850282485876 0.6340042372881356 0.26200564971751417
0 0.6145833333333334 0.2671257062146893 0.6069915254237288 0.2612994350282486 0.5971045197740114 0.2641242937853107 0.5942796610169492 0.2722457627118644 0.5976341807909604 0.2787782485875706 0.6078742937853108 0.2805437853107345 0.6154661016949152 0.2738347457627119
0 0.5559675141242938 0.2595338983050848 0.5469632768361582 0.2565324858757062 0.5414901129943502 0.2611228813559322 0.5420197740112994 0.2683615819209039 0.5480225988700564 0.2715395480225989 0.5569256756756756 0.26480855855855856
0 0.5635593220338984 0.263771186440678 0.57079802259887 0.2625353107344633 0.574858757062147 0.2671257062146893 0.569385593220339 0.2727754237288136 0.561087570621469 0.2710098870056497
0 0.578566384180791 0.2734816384180791 0.5729166666666666 0.2711864406779661 0.5663841807909604 0.27489406779661013 0.5679731638418078 0.2807203389830508 0.573093220338983 0.28089689265536727 0.577683615819209 0.2787782485875706
0 0.5626765536723164 0.2722457627118644 0.556497175141243 0.2681850282485876 0.5492584745762712 0.2722457627118644 0.5483757062146892 0.2801906779661017 0.5543785310734464 0.28389830508474573 0.5628531073446328 0.2796610169491525
0 0.5842161016949152 0.2823093220338983 0.5799788135593221 0.278954802259887 0.5722104519774012 0.2823093220338983 0.5722104519774012 0.2886652542372881 0.57715395480226 0.2897245762711864 0.5849223163841809 0.2870762711864407
0 0.5699152542372882 0.283545197740113 0.5628531073446328 0.2817796610169492 0.5552612994350283 0.2849576271186441 0.556497175141243 0.29325564971751417 0.5626765536723164 0.2957274011299435 0.5706214689265537 0.2916666666666667
0 0.5895127118644068 0.2900776836158192 0.5824505649717514 0.2886652542372881 0.5768008474576272 0.2920197740112994 0.5803319209039548 0.2994350282485876 0.5872175141242938 0.2983757062146893 0.5907485875706214 0.2939618644067796
0 0.5764477401129944 0.2957274011299435 0.5709745762711864 0.2936087570621469 0.5632062146892655 0.2985522598870057 0.5646186440677966 0.3072033898305085 0.5722104519774012 0.3072033898305085 0.5790960451977402 0.3029661016949152
0 0.484816384180791 0.2623587570621469 0.47846045197740117 0.26200564971751417 0.4745762711864407 0.2575918079096045 0.4761652542372881 0.2510593220338983 0.4819915254237288 0.24841101694915252 0.4860522598870057 0.2512358757062147 0.4869350282485876 0.2575918079096045
0 0.5065324858757062 0.2312853107344633 0.5135946327683616 0.23163841807909605 0.515183615819209 0.23923022598870058 0.5112994350282486 0.2441737288135593 0.5070621468926554 0.2434675141242938 0.503177966101695 0.23711158192090395
0 0.49682203389830504 0.23728813559322035 0.4947033898305085 0.2443502824858757 0.49752824858757067 0.2501765536723164 0.503707627118644 0.24894067796610167 0.5063559322033898 0.24470338983050846 0.5026483050847458 0.23711158192090395
0 0.487111581920904 0.24382062146892655 0.48463983050847453 0.24841101694915252 0.4879943502824859 0.2556497175141243 0.4947033898305085 0.25635593220338987 0.49646892655367236 0.2515889830508475 0.4925847457627119 0.2434675141242938
0 0.5139477401129944 0.24929378531073443 0.5248940677966102 0.24894067796610167 0.5300141242937852 0.2570621468926554 0.5287782485875706 0.2683615819209039 0.5165960451977402 0.2725988700564972 0.5104166666666666 0.2667725988700565 0.5088276836158192 0.256002824858757
0 0.4992937853107345 0.27436440677966106 0.5090042372881356 0.2734816384180791 0.5144774011299436 0.2807203389830508 0.5127118644067797 0.2923728813559322 0.5033545197740114 0.29661016949152547 0.4961158192090395 0.2914901129943503 0.4945268361581921 0.2817796610169492
0 0.5307203389830509 0.2759533898305085 0.5409604519774012 0.2754237288135593 0.5471398305084746 0.2847810734463277 0.5434322033898304 0.296433615819209 0.5307203389830509 0.2974929378531074 0.5257768361581922 0.292725988700565 0.5247175141242938 0.2821327683615819
0 0.5586158192090396 0.30561440677966106 0.5492584745762712 0.3006709039548023 0.5386652542372882 0.3049081920903955 0.5386652542372882 0.314795197740113 0.5448446327683616 0.321680790960452 0.5561440677966102 0.3199152542372881 0.561617231638418 0.3130296610169492
0 0.5319562146892655 0.3352754237288136 0.52295197740113 0.3356285310734463 0.5195974576271186 0.32786016949152547 0.5227754237288136 0.3204449152542373 0.5330155367231638 0.3213276836158192 0.5346045197740114 0.3310381355932204
0 0.5351341807909604 0.3195621468926554 0.5365466101694916 0.30985169491525427 0.5294844632768362 0.3057909604519774 0.52295197740113 0.30985169491525427 0.5227754237288136 0.3174435028248588 0.5277189265536724 0.3211511299435028
0 0.5153601694915254 0.2934322033898305 0.5130649717514124 0.3003177966101695 0.5162429378531074 0.3049081920903955 0.524364406779661 0.30561440677966106 0.5261299435028249 0.2997881355932204 0.522069209039548 0.2943149717514124
0 0.5135946327683616 0.3153248587570621 0.5118290960451978 0.30896892655367236 0.5153601694915254 0.3043785310734463 0.5227754237288136 0.30561440677966106 0.5241878531073447 0.31320621468926557 0.5195974576271186 0.3183262711864407
0 0.42774024024024027 0.2924174174174175 0.41685435435435436 0.29166666666666674 0.41234984984984985 0.28434684684684686 0.41347597597597596 0.2749624624624625 0.4217342342342343 0.27027027027027034 0.4298048048048048 0.2736486486486487 0.4329954954954955 0.28697447447447455
0 0.4307432432432433 0.29542042042042044 0.4264264264264264 0.30405405405405406 0.42905405405405406 0.31418918918918926 0.43881381381381385 0.3173798798798799 0.44744744744744747 0.3104354354354355 0.4457582582582583 0.2993618618618619 0.4380630630630631 0.2933558558558559
0 0.4538288288288288 0.287912912912913 0.4617117117117117 0.28885135135135137 0.4647147147147147 0.2976726726726727 0.46039789789789787 0.30461711711711714 0.4528903903903904 0.303490990990991 0.4487612612612613 0.29523273273273276
0 0.4575825825825826 0.3378378378378379 0.4453828828828829 0.3385885885885886 0.4408783783783784 0.33277027027027034 0.4410660660660661 0.32357357357357364 0.4481981981981983 0.3177552552552553 0.457957957957958 0.3188813813813814 0.4613363363363364 0.3318318318318319
0 0.4695945945945946 0.3588588588588589 0.4587087087087087 0.3590465465465466 0.4534534534534535 0.350412912912913 0.45476726726726735 0.34140390390390396 0.46340090090090097 0.3376501501501502 0.47109609609609615 0.3406531531531532 0.47409909909909914 0.3519144144144144
0 0.48667417417417413 0.34234234234234234 0.475412912912913 0.34159159159159164 0.473536036036036 0.3325825825825826 0.47860360360360366 0.32469969969969975 0.4878003003003003 0.32582582582582587 0.4921171171171171 0.3361486486486487
0 0.5118243243243243 0.34290540540540543 0.5140765765765766 0.33164414414414417 0.5075075075075075 0.32469969969969975 0.4992492492492493 0.32695195195195204 0.4962462462462463 0.33239489489489493 0.496433933933934 0.3402777777777778 0.5031906906906907 0.3445945945945946
0 0.49849849849849853 0.3564189189189189 0.4840465465465466 0.3556681681681682 0.4840465465465466 0.3445945945945946 0.48967717717717724 0.33802552552552556 0.4966216216216216 0.33727477477477485 0.501876876876877 0.3459084084084085 0.50243993993994 0.35360360360360366
0 0.6535285285285285 0.6996996996996997 0.6403903903903904 0.6985735735735736 0.6362612612612613 0.6876876876876877 0.642454954954955 0.6801801801801802 0.6529654654654655 0.6794294294294294 0.6608483483483483 0.6878753753753754 0.6584084084084084 0.6951951951951952
0 0.680367867867868 0.6813063063063063 0.6867492492492493 0.6734234234234234 0.6805555555555555 0.6625375375375375 0.6692942942942943 0.662912912912913 0.6615990990990991 0.6702327327327328 0.6644144144144144 0.6799924924924925 0.6721096096096096 0.6837462462462462
0 0.7072072072072072 0.6661036036036037 0.7128378378378378 0.6546546546546547 0.7062687687687688 0.6450825825825827 0.6946321321321322 0.6480855855855856 0.6884384384384384 0.6546546546546547 0.68993993993994 0.6642267267267267 0.7002627627627628 0.6687312312312312
0 0.44587628865979384 0.743127147766323 0.45146048109965636 0.7289518900343643 0.4428694158075602 0.7167096219931272 0.428479381443299 0.7173539518900344 0.4228951890034365 0.727233676975945 0.4261168384879725 0.7394759450171822 0.43685567010309284 0.7459192439862543
0 0.38187285223367706 0.7439862542955327 0.3859536082474227 0.7319587628865979 0.3782216494845361 0.7216494845360826 0.36834192439862545 0.7246563573883162 0.36426116838487976 0.7313144329896908 0.3651202749140894 0.7416237113402062 0.37285223367697595 0.7465635738831615
0 0.35674398625429554 0.7605240549828179 0.3425687285223368 0.7583762886597938 0.34085051546391754 0.7457044673539519 0.3460051546391753 0.7381872852233677 0.3565292096219932 0.7384020618556701 0.3621134020618557 0.7469931271477663 0.3606099656357388 0.7560137457044674
0 0.396692439862543 0.7682560137457045 0.39948453608247425 0.7562285223367698 0.3936855670103093 0.7461340206185567 0.38337628865979384 0.747852233676976 0.3782216494845361 0.7566580756013747 0.3799398625429554 0.7646048109965636 0.38896048109965636 0.7712628865979381
0 0.5751557632398754 0.6425233644859812 0.5808021806853582 0.6353193146417445 0.5761292834890965 0.6281152647975077 0.5665887850467289 0.6296728971962615 0.5615264797507787 0.6335669781931463 0.5638629283489096 0.6399922118380061 0.5689252336448597 0.6434968847352025
0 0.5907320872274142 0.6323987538940808 0.5961838006230529 0.6253894080996883 0.5920950155763239 0.6185747663551401 0.5850856697819314 0.618380062305296 0.5772975077881619 0.6214953271028036 0.5776869158878504 0.6288940809968847 0.5854750778816199 0.6343457943925234
0 0.6380952380952382 0.5279761904761905 0.6308035714285715 0.5258928571428572 0.6251488095238096 0.5294642857142857 0.6257440476190476 0.5352678571428572 0.6300595238095238 0.5395833333333333 0.6370535714285714 0.537797619047619 0.6392857142857142 0.5331845238095237
0 0.6242559523809524 0.5360119047619049 0.6175595238095238 0.534375 0.6126488095238095 0.5379464285714286 0.6120535714285715 0.5440476190476191 0.6178571428571429 0.5480654761904762 0.6244047619047619 0.5458333333333333 0.6266369047619048 0.540625
0 0.6114583333333333 0.5458333333333333 0.6035714285714286 0.5422619047619048 0.596279761904762 0.5465773809523811 0.5950892857142858 0.5526785714285715 0.5995535714285715 0.5575892857142858 0.6078869047619048 0.5575892857142858 0.6129464285714286 0.5508928571428572
0 0.6264880952380952 0.522172619047619 0.6297619047619049 0.515922619047619 0.6245535714285715 0.5096726190476191 0.6172619047619048 0.5125 0.615625 0.5175595238095237 0.6193452380952381 0.5242559523809525
0 0.6160714285714286 0.5203869047619049 0.6078869047619048 0.5177083333333333 0.6 0.5232142857142857 0.6017857142857143 0.5321428571428571 0.6110119047619048 0.5342261904761905 0.6186011904761904 0.5272321428571428
0 0.600297619047619 0.5276785714285714 0.5903273809523809 0.5272321428571428 0.5848214285714286 0.5328869047619048 0.5866071428571429 0.540327380952381 0.5927083333333333 0.5433035714285714 0.6 0.540625 0.6034226190476191 0.534077380952381
0 0.5843023255813954 0.48788759689922484 0.5741279069767442 0.4848191214470285 0.5637919896640827 0.48950258397932817 0.5623385012919897 0.4982235142118863 0.5679909560723514 0.5059754521963825 0.5775193798449613 0.5082364341085271 0.5873708010335917 0.49709302325581395
0 0.604328165374677 0.496124031007752 0.6077196382428941 0.48740310077519383 0.6010981912144703 0.4822351421188631 0.5922157622739018 0.4843346253229975 0.5899547803617571 0.4928940568475452 0.5946382428940569 0.49886950904392774 0.6010981912144703 0.49886950904392774
0 0.5889857881136952 0.4767441860465116 0.5938307493540051 0.4693152454780362 0.5902777777777778 0.46220930232558144 0.5825258397932817 0.46220930232558144 0.5757428940568475 0.46834625322997414 0.580264857881137 0.4772286821705427
0 0.5634689922480621 0.47819767441860467 0.5700904392764857 0.46866925064599485 0.5655684754521965 0.45914082687338503 0.5560400516795866 0.45768733850129206 0.5468346253229974 0.46237080103359174 0.5450581395348837 0.47076873385012924 0.5511950904392765 0.47932816537467704 0.5574935400516796 0.48045865633074936
0 0.5801033591731266 0.44395994832041347 0.5718669250645996 0.4412144702842377 0.563953488372093 0.44395994832041347 0.5641149870801033 0.45203488372093026 0.5696059431524548 0.45671834625323 0.5765503875968992 0.4555878552971577 0.5809108527131783 0.44993540051679587
0 0.5482881136950905 0.45138888888888895 0.5352067183462533 0.45122739018087854 0.5302002583979328 0.4416989664082687 0.5318152454780363 0.43055555555555564 0.5416666666666666 0.42587209302325574 0.5500645994832041 0.42926356589147285 0.5542635658914729 0.44395994832041347
0 0.5146713615023474 0.4994131455399061 0.5186326291079812 0.49178403755868544 0.5155516431924884 0.4823943661971831 0.5076291079812207 0.4793133802816901 0.5019072769953051 0.4838615023474179 0.5004401408450705 0.49222417840375593 0.5057218309859155 0.49970657276995306
0 0.503080985915493 0.4797535211267606 0.4935446009389671 0.4816607981220658 0.4901701877934273 0.47417840375586856 0.4901701877934273 0.4655223004694836 0.4973591549295775 0.4611208920187794 0.5052816901408451 0.463468309859155 0.5070422535211269 0.47564553990610337
0 0.4909037558685446 0.46258802816901406 0.49574530516431925 0.4543720657276995 0.49222417840375593 0.44424882629107987 0.48415492957746487 0.44307511737089206 0.47755281690140855 0.4486502347417841 0.47813967136150237 0.4581866197183099 0.4848884976525822 0.4643485915492958
0 0.41846955128205127 0.7471955128205128 0.41426282051282043 0.7449919871794871 0.4124599358974358 0.7397836538461537 0.41446314102564097 0.7359775641025641 0.42047275641025633 0.7341746794871795 0.4246794871794871 0.7381810897435896 0.42528044871794873 0.7447916666666665
0 0.3981573705179284 0.703851261620186 0.39234727755644094 0.7017762284196547 0.3905212483399735 0.6987051792828686 0.3909362549800797 0.694472111553785 0.39400730411686596 0.6911520584329349 0.3996513944223108 0.6906540504648074 0.4026394422310758 0.6934760956175299 0.4031374501992032 0.6991201859229748 0.40014940239043834 0.7039342629482072
0 0.41143758300132804 0.6909030544488712 0.40861553784860566 0.6886620185922975 0.4085325365205844 0.6852589641434264 0.41085657370517936 0.6814409030544488 0.41434262948207173 0.6803618857901726 0.41849269588313415 0.6825199203187251 0.41990371845949537 0.68683598937583 0.41832669322709165 0.689824037184595 0.413761620185923 0.6915670650730412
0 0.24841030789825974 0.5519578313253013 0.2449799196787149 0.5484437751004017 0.24347389558232935 0.5444277108433735 0.24414323962516737 0.5407463186077645 0.24740629183400273 0.5376506024096386 0.25276104417670686 0.5380689424364123 0.25669344042838027 0.54225234270415 0.2569444444444445 0.5465194109772423 0.2546854082998662 0.5505354752342705
0 0.26982931726907633 0.5379852744310576 0.26631526104417674 0.5367302543507363 0.26439089692101747 0.5328815261044177 0.2645582329317269 0.5287817938420348 0.26740294511378854 0.5256024096385543 0.2713353413654619 0.5252677376171352 0.276020749665328 0.5278614457831327 0.2761880856760375 0.5332998661311915 0.27334337349397597 0.5368975903614459
0 0.23645833333333338 0.5306547619047619 0.23199404761904768 0.5290178571428571 0.23065476190476195 0.5227678571428571 0.23348214285714292 0.518452380952381 0.23988095238095242 0.5172619047619048 0.2444940476190477 0.5220238095238096 0.24151785714285717 0.5291666666666667
0 0.25505952380952385 0.5183035714285715 0.2526785714285715 0.5144345238095238 0.25133928571428577 0.509375 0.2541666666666667 0.5050595238095238 0.26056547619047626 0.5052083333333334 0.2648809523809524 0.5114583333333333 0.2626488095238096 0.5160714285714286 0.25833333333333336 0.5186011904761905
0 0.23207582582582584 0.5091028528528528 0.22775900900900897 0.5118556056056056 0.2221283783783784 0.5108546046046046 0.22068943943943944 0.5085397897897899 0.22050175175175174 0.5045983483483483 0.22200325325325324 0.50121996996997 0.22588213213213212 0.4999061561561561 0.22951076076076077 0.5005943443443444 0.23188813813813813 0.503785035035035 0.2322635135135135 0.5072885385385385
0 0.24271146146146147 0.49777902902902904 0.24083458458458457 0.495777027027027 0.24083458458458457 0.49089714714714716 0.24358733733733734 0.48820695695695693 0.24777902902902904 0.48683058058058054 0.2506569069069069 0.4889577077077077 0.25240865865865864 0.4921483983983984 0.25178303303303307 0.4955267767767768 0.2496559059059059 0.4986549049049049 0.2473410910910911 0.4986549049049049
0 0.19666018158236057 0.5321822308690014 0.19382295719844359 0.5303988326848249 0.19195849546044103 0.5273994811932556 0.1916342412451362 0.5238326848249028 0.196011673151751 0.521481841763943 0.19965953307392997 0.5213197146562906 0.2014429312581064 0.5252107652399481 0.2011186770428016 0.5298313878080415
0 0.17671854734111545 0.53242542153048 0.17477302204928666 0.5303177691309988 0.17396238651102464 0.5261024643320363 0.17728599221789884 0.5229409857328146 0.18206874189364466 0.5238326848249028 0.1836900129701686 0.5271562905317769 0.18271725032425423 0.5312094682230869 0.17971789883268485 0.53242542153048
0 0.17290856031128404 0.5171854734111544 0.17071984435797666 0.5168612191958495 0.16861219195849547 0.5144293125810636 0.16747730220492868 0.510943579766537 0.1698281452658885 0.5088359273670559 0.17315175097276267 0.5087548638132295 0.17623216601815828 0.510943579766537 0.17647535667963685 0.5153210116731518
0 0.5682123655913979 0.5936659946236559 0.5653561827956989 0.5942540322580645 0.5629200268817204 0.5931619623655914 0.5620799731182796 0.589969758064516 0.5622479838709676 0.5871135752688171 0.5651041666666666 0.5850974462365591 0.5690524193548387 0.5851814516129031 0.5710685483870968 0.5878696236559139 0.5706485215053764 0.5913138440860215
0 0.5564516129032259 0.6009744623655914 0.5546034946236559 0.6019825268817204 0.5515793010752688 0.6014784946236559 0.5497311827956989 0.5995463709677419 0.5497311827956989 0.5961021505376344 0.5504032258064516 0.5941700268817204 0.553763440860215 0.5929099462365591 0.5583837365591398 0.5940020161290323 0.5595598118279569 0.5963541666666666 0.5581317204301075 0.5993783602150538
0 0.5662802419354839 0.6138272849462365 0.5617439516129031 0.6148353494623655 0.5572076612903225 0.6134912634408601 0.5554435483870968 0.6110551075268817 0.5561995967741935 0.6061827956989247 0.5583837365591398 0.6042506720430106 0.5598958333333334 0.6038306451612903 0.5623319892473118 0.6038306451612903 0.5656081989247312 0.605594758064516 0.5661122311827956 0.6080309139784946 0.5666162634408601 0.6120631720430106
0 0.5709845430107526 0.6067708333333334 0.5684643817204301 0.6048387096774193 0.5680443548387096 0.6012264784946236 0.5691364247311828 0.597782258064516 0.5726646505376344 0.5960181451612903 0.5778729838709676 0.5971102150537634 0.5792170698924731 0.6028225806451613 0.5758568548387096 0.607442876344086
0 0.5956821236559139 0.6403729838709676 0.5936659946236559 0.6400369623655914 0.5920698924731183 0.6382728494623655 0.5923219086021505 0.636844758064516 0.5932459677419355 0.6342405913978494 0.595766129032258 0.6339045698924731 0.5981182795698925 0.6356686827956989 0.5991263440860215 0.6380208333333334 0.5971102150537634 0.6400369623655914
0 0.5865255376344085 0.6474294354838709 0.584005376344086 0.6469254032258064 0.581989247311828 0.6461693548387096 0.5811491935483871 0.6442372311827956 0.581989247311828 0.6413810483870968 0.5842573924731183 0.6402049731182796 0.5882056451612903 0.640625 0.5887096774193548 0.6441532258064516
0 0.5825772849462365 0.6163474462365591 0.5798051075268817 0.616263440860215 0.5778729838709676 0.6153393817204301 0.5777049731182796 0.6127352150537634 0.5786290322580645 0.6098790322580645 0.5824932795698925 0.6092069892473118 0.5845934139784946 0.6111391129032259 0.5846774193548387 0.6139112903225806
0 0.5711525537634409 0.6238239247311828 0.5682963709677419 0.6242439516129031 0.5667842741935484 0.6239079301075269 0.565440188172043 0.6219758064516129 0.5660282258064516 0.6191196236559139 0.5677083333333334 0.6171875 0.5720766129032259 0.617271505376344 0.5724126344086021 0.6199596774193548
0 0.4713319088319089 0.4659900284900286 0.4672364672364673 0.46545584045584054 0.4651887464387465 0.46358618233618243 0.46474358974358976 0.46011396011396016 0.4658119658119658 0.45824430199430205 0.46768162393162405 0.4565527065527066 0.47053062678062685 0.45575142450142453 0.4740028490028491 0.4575320512820514 0.4740918803418804 0.46171652421652426 0.47320156695156695 0.46474358974358976
0 0.4788995726495727 0.47827635327635337 0.47516025641025644 0.4780982905982907 0.47346866096866097 0.4762286324786325 0.4728454415954417 0.47355769230769235 0.47320156695156695 0.47168803418803423 0.4756944444444445 0.46919515669515677 0.4805021367521368 0.4693732193732194 0.48263888888888895 0.4724893162393163 0.48201566951566954 0.4759615384615385
0 0.4868233618233619 0.4911858974358975 0.4837962962962964 0.4909188034188035 0.48165954415954426 0.4894052706552707 0.4797008547008548 0.4866452991452992 0.4814814814814815 0.48299501424501434 0.4859330484330485 0.4819266381766383 0.48869301994302 0.4821937321937323 0.49011752136752146 0.48522079772079785 0.48949430199430205 0.4878027065527066 0.48824786324786335 0.4900284900284901
