0 0.1545138888888889 0.35381944444444446 0.16631944444444446 0.3579861111111111 0.16631944444444446 0.371875 0.15555555555555556 0.3777777777777778 0.14409722222222224 0.36875 0.14652777777777778 0.3576388888888889
0 0.1857638888888889 0.3649305555555556 0.19583333333333333 0.3715277777777778 0.19479166666666667 0.3857638888888889 0.18159722222222224 0.3871527777777778 0.175 0.3802083333333333 0.17847222222222223 0.36736111111111114
0 0.2059027777777778 0.3819444444444445 0.21527777777777782 0.37604166666666666 0.22673611111111114 0.3819444444444445 0.2246527777777778 0.3958333333333333 0.21041666666666667 0.3982638888888889 0.2045138888888889 0.38958333333333334
0 0.2538194444444445 0.3180555555555556 0.26145833333333335 0.31979166666666664 0.26145833333333335 0.3302083333333333 0.25486111111111115 0.33263888888888893 0.25 0.32916666666666666 0.24861111111111114 0.321875
0 0.23958333333333334 0.31701388888888893 0.23194444444444448 0.321875 0.23368055555555556 0.32986111111111116 0.240625 0.33298611111111115 0.2451388888888889 0.32986111111111116 0.2451388888888889 0.3194444444444445
0 0.28923611111111114 0.30694444444444446 0.28472222222222227 0.309375 0.28541666666666665 0.3163194444444445 0.2902777777777778 0.31875 0.29409722222222223 0.3163194444444445 0.29375 0.30972222222222223
0 0.3020833333333333 0.30625 0.30833333333333335 0.3107638888888889 0.30833333333333335 0.3177083333333333 0.3020833333333333 0.3194444444444445 0.29583333333333334 0.3152777777777778 0.2972222222222222 0.3079861111111111
0 0.2902777777777778 0.3229166666666667 0.28472222222222227 0.32569444444444445 0.284375 0.3336805555555556 0.28958333333333336 0.33784722222222224 0.2954861111111111 0.33645833333333336 0.29409722222222223 0.32743055555555556
0 0.30173611111111115 0.32430555555555557 0.30868055555555557 0.32743055555555556 0.3072916666666667 0.3368055555555556 0.30034722222222227 0.3368055555555556 0.296875 0.3288194444444445
0 0.17673611111111112 0.31701388888888893 0.1763888888888889 0.32430555555555557 0.18159722222222224 0.3295138888888889 0.18819444444444444 0.3267361111111111 0.18541666666666667 0.31736111111111115
0 0.18298611111111113 0.29305555555555557 0.17847222222222223 0.28958333333333336 0.17708333333333334 0.284375 0.18333333333333332 0.28229166666666666 0.18784722222222225 0.2864583333333333
0 0.1763888888888889 0.2746527777777778 0.1763888888888889 0.27048611111111115 0.1826388888888889 0.26805555555555555 0.18854166666666666 0.27291666666666664 0.1875 0.27881944444444445 0.18090277777777777 0.2795138888888889
0 0.5927083333333333 0.1527777777777778 0.5871527777777779 0.15590277777777778 0.5888888888888889 0.16493055555555558 0.5940972222222223 0.16909722222222223 0.6024305555555556 0.16770833333333332 0.6003472222222223 0.15729166666666666
0 0.6125 0.15208333333333332 0.6190972222222223 0.15659722222222225 0.61875 0.1670138888888889 0.607638888888889 0.16875 0.6052083333333333 0.16041666666666668 0.6059027777777778 0.15416666666666667
0 0.6284722222222223 0.16979166666666667 0.6368055555555556 0.16493055555555558 0.6361111111111112 0.15625 0.6277777777777778 0.1513888888888889 0.6197916666666666 0.16180555555555556 0.6243055555555557 0.16805555555555557
0 0.5850694444444445 0.20069444444444445 0.5934027777777778 0.19409722222222223 0.5927083333333333 0.18194444444444446 0.5833333333333334 0.17777777777777778 0.5760416666666667 0.18298611111111113 0.5770833333333333 0.1954861111111111
0 0.6048611111111112 0.6940972222222223 0.5961805555555556 0.6989583333333333 0.5944444444444444 0.7097222222222223 0.6024305555555556 0.717013888888889 0.6135416666666667 0.7149305555555556 0.6166666666666667 0.6996527777777778
0 0.6315972222222223 0.7059027777777778 0.6190972222222223 0.7079861111111111 0.6163194444444445 0.720138888888889 0.625 0.7291666666666666 0.6350694444444445 0.7267361111111111 0.6378472222222222 0.7142361111111112
0 0.6527777777777778 0.7166666666666667 0.6590277777777778 0.7270833333333333 0.657638888888889 0.7381944444444445 0.640625 0.7392361111111111 0.6368055555555556 0.7270833333333333 0.6416666666666667 0.7197916666666667
0 0.5833333333333334 0.7232638888888889 0.5826388888888889 0.732638888888889 0.5913194444444445 0.7409722222222223 0.6034722222222223 0.7378472222222223 0.6059027777777778 0.7270833333333333 0.5930555555555557 0.7163194444444445
0 0.6204861111111112 0.7302083333333333 0.610763888888889 0.7302083333333333 0.6045138888888889 0.7399305555555556 0.6097222222222223 0.7506944444444444 0.6229166666666667 0.751388888888889 0.6267361111111112 0.7399305555555556
0 0.634375 0.7385416666666667 0.6256944444444444 0.7496527777777778 0.6305555555555556 0.7604166666666666 0.640625 0.7635416666666667 0.6493055555555556 0.7597222222222223 0.6503472222222223 0.7496527777777778 0.6447916666666667 0.7413194444444445
0 0.6760416666666667 0.7534722222222223 0.6597222222222223 0.7572916666666667 0.654513888888889 0.76875 0.6628472222222223 0.7798611111111111 0.6739583333333333 0.7847222222222223 0.6850694444444445 0.7777777777777778 0.684375 0.7611111111111112
0 0.6145833333333334 0.7993055555555556 0.6020833333333333 0.8010416666666667 0.5954861111111112 0.7916666666666666 0.6003472222222223 0.7829861111111112 0.6163194444444445 0.7815972222222223 0.6173611111111111 0.7934027777777778
0 0.6329861111111111 0.7979166666666667 0.6194444444444445 0.7993055555555556 0.6152777777777778 0.8097222222222222 0.6215277777777778 0.8215277777777779 0.6315972222222223 0.821875 0.6392361111111111 0.8086805555555556
0 0.43888888888888894 0.8017361111111111 0.43333333333333335 0.8180555555555556 0.44097222222222227 0.829513888888889 0.4555555555555556 0.8326388888888889 0.46388888888888896 0.8239583333333333 0.46631944444444445 0.8100694444444445 0.45277777777777783 0.7986111111111112
0 0.4340277777777778 0.884375 0.4486111111111111 0.8809027777777779 0.46180555555555564 0.888888888888889 0.4635416666666667 0.9055555555555557 0.44826388888888896 0.9173611111111112 0.43333333333333335 0.9111111111111112 0.42916666666666664 0.8961805555555556
0 0.5944444444444444 0.9152777777777779 0.5975694444444445 0.9006944444444446 0.5854166666666667 0.8857638888888889 0.5680555555555556 0.8909722222222223 0.563888888888889 0.9038194444444446 0.571875 0.91875 0.5847222222222223 0.9229166666666667
0 0.256712962962963 0.3397156084656085 0.25479497354497355 0.33918650793650795 0.25380291005291006 0.3369378306878307 0.25380291005291006 0.33488756613756615 0.25519179894179894 0.33349867724867727 0.25770502645502646 0.33310185185185187 0.2595568783068783 0.3341600529100529 0.26054894179894184 0.3371362433862434 0.25869708994708995 0.3393187830687831
0 0.24732142857142855 0.3395171957671958 0.24460978835978836 0.33872354497354495 0.2439484126984127 0.3368055555555556 0.2441468253968254 0.3350859788359788 0.2445436507936508 0.3339616402116402 0.24632936507936506 0.3329034391534392 0.24963624338624338 0.3331679894179894 0.25029761904761905 0.33521825396825394 0.25076058201058204 0.3370039682539683 0.24957010582010583 0.3391203703703704
0 0.23885582010582007 0.3396494708994709 0.2356812169312169 0.3395171957671958 0.23429232804232805 0.3379960317460317 0.23429232804232805 0.3350859788359788 0.2354828042328042 0.33369708994708996 0.23812830687830688 0.3331679894179894 0.2395171957671958 0.3331679894179894 0.24057539682539683 0.33614417989417994 0.2397156084656085 0.33872354497354495
0 0.18316624895572262 0.3152151211361738 0.18076441102756893 0.3152151211361738 0.17898913951545528 0.31396198830409355 0.17846700083542189 0.3114035087719298 0.1786236424394319 0.3098370927318296 0.18045112781954883 0.30842731829573933 0.18394945697577275 0.30879281537176273 0.18525480367585628 0.31093358395989973 0.18483709273182958 0.31338763575605677
0 0.191781537176274 0.31495405179615704 0.1901106934001671 0.3142752715121136 0.18911862990810357 0.31296992481203006 0.18911862990810357 0.3102548036758563 0.18995405179615707 0.30921052631578944 0.19120718462823727 0.3084795321637427 0.19360902255639095 0.3084795321637427 0.19507101086048456 0.3095238095238095 0.19585421888053464 0.3114035087719298 0.19569757727652462 0.31296992481203006 0.1943922305764411 0.314640768588137
0 0.18217418546365916 0.3063387635756057 0.18024227234753548 0.30581662489557226 0.17851921470342522 0.30419799498746863 0.17831035923141186 0.30221386800334166 0.1787280701754386 0.3005952380952381 0.181234335839599 0.29949874686716793 0.18332289055973267 0.2996031746031746 0.18530701754385964 0.3017439431913116 0.18504594820384293 0.3048245614035088
0 0.19094611528822053 0.30623433583959897 0.18948412698412695 0.3048245614035088 0.1890142021720969 0.3026837928153717 0.18969298245614033 0.30064745196324144 0.19209482038429404 0.2996031746031746 0.19522765246449458 0.3000208855472013 0.19606307435254802 0.3031015037593985 0.19543650793650794 0.3056599832915622 0.1932957393483709 0.306547619047619
0 0.19431678921568626 0.28985396241830064 0.1916615604575163 0.29010927287581695 0.19038500816993464 0.2883731617647059 0.19007863562091504 0.28612642973856206 0.1910488153594771 0.28444138071895425 0.1936019199346405 0.2840328839869281 0.19569546568627452 0.28505412581699346 0.1958997140522876 0.28770935457516333
0 0.19329554738562094 0.2778543709150327 0.19058925653594772 0.2764756944444445 0.19023182189542484 0.2739736519607843 0.19115093954248363 0.2722375408496732 0.19258067810457516 0.27126736111111116 0.19492953431372548 0.27188010620915026 0.19584865196078433 0.27422896241830064 0.19533803104575165 0.276577818627451
0 0.19329554738562094 0.26810151143790845 0.1909466911764706 0.2671823937908496 0.19018075980392157 0.2646803513071895 0.19109987745098037 0.2625868055555555 0.19370404411764702 0.26207618464052285 0.19549121732026145 0.2634037990196078 0.19564440359477125 0.26534415849673204
0 0.15466008771929823 0.1594298245614035 0.1505482456140351 0.15959429824561405 0.14736842105263157 0.15805921052631577 0.146984649122807 0.1543311403508772 0.14786184210526312 0.15164473684210522 0.1512061403508772 0.15016447368421051 0.1552083333333333 0.1507675438596491 0.1567982456140351 0.15345394736842102 0.15586622807017542 0.1570175438596491
0 0.1331688596491228 0.15888157894736843 0.1293859649122807 0.1588267543859649 0.12746710526315788 0.15586622807017542 0.12774122807017543 0.15345394736842102 0.1293859649122807 0.15082236842105262 0.13283991228070177 0.15104166666666663 0.13470394736842103 0.1527412280701754 0.13503289473684207 0.15531798245614034
0 0.1457236842105263 0.16979166666666665 0.14325657894736843 0.16907894736842102 0.1413377192982456 0.1682017543859649 0.14089912280701752 0.16578947368421051 0.14166666666666664 0.1639802631578947 0.14325657894736843 0.1627741228070175 0.14539473684210522 0.16249999999999998 0.146984649122807 0.1634320175438596 0.14841008771929823 0.16584429824561403 0.14775219298245615 0.16858552631578946
0 0.15513164621676898 0.16701814928425363 0.1526393149284254 0.16663471370143157 0.15097776073619637 0.16561221881390598 0.1511694785276074 0.16311988752556242 0.15212806748466265 0.1617778629856851 0.15513164621676898 0.16088317995910026 0.1574322597137015 0.16311988752556242 0.1566653885480573 0.16593174846625772
0 0.14535403885480577 0.17864902862985693 0.14235046012269942 0.17864902862985693 0.1410723415132925 0.17762653374233134 0.14081671779141108 0.1753898261758692 0.14151968302658494 0.17372827198364013 0.14343686094069535 0.17219452965235177 0.14637653374233134 0.17321702453987736 0.14797418200409004 0.17513420245398778 0.14656825153374237 0.17820168711656445
0 0.1525115030674847 0.17807387525562376 0.15027479550102257 0.17641232106339472 0.14976354805725975 0.17417561349693259 0.15008307770961152 0.17276968302658494 0.1518085378323109 0.17142765848670763 0.15417305725971375 0.17129984662576694 0.15589851738241317 0.1722584355828221 0.1570488241308794 0.17455904907975467 0.1560902351738242 0.17749872188139065
0 0.15449258691206552 0.18874616564417185 0.1505943251533743 0.18849054192229042 0.14931620654396732 0.18657336400818 0.14963573619631906 0.18395322085889576 0.1518085378323109 0.1817165132924336 0.15545117586912072 0.1824194785276074 0.15685710633946837 0.1841449386503068 0.15672929447852765 0.18708461145194277
0 0.1525115030674847 0.19750127811860943 0.15027479550102257 0.19564800613496938 0.14944401840490804 0.19456160531697345 0.15001917177914117 0.19155802658486712 0.1525115030674847 0.19066334355828227 0.15525945807770966 0.19181365030674855 0.1560902351738242 0.19430598159509208 0.15430086912065444 0.1967344069529653
0 0.13800485685071584 0.19341129856850722 0.13442612474437635 0.19258052147239269 0.13321191206543972 0.19085506134969332 0.13378706543967286 0.18823491820040905 0.1354486196319019 0.18650945807770966 0.13832438650306755 0.18689289366053174 0.1399859406952966 0.18842663599182008 0.1399859406952966 0.19143021472392643
