0 0.5564862542955327 0.3275343642611684 0.5663659793814433 0.32946735395189003 0.5704467353951891 0.3395618556701031 0.5650773195876289 0.34901202749140897 0.5530498281786942 0.34707903780068733 0.5489690721649485 0.334192439862543
0 0.5786082474226805 0.3174398625429553 0.5882731958762887 0.3174398625429553 0.5947164948453608 0.3286082474226804 0.5874140893470791 0.33848797250859114 0.5764604810996564 0.33676975945017185 0.5725945017182131 0.3251718213058419
0 0.5674398625429554 0.3515893470790379 0.5766752577319587 0.35309278350515466 0.5818298969072165 0.3623281786941581 0.5753865979381444 0.3732817869415808 0.5652920962199313 0.3715635738831616 0.5594931271477663 0.3606099656357388
0 0.5887027491408935 0.34085051546391754 0.5998711340206186 0.3404209621993128 0.6054553264604812 0.35137457044673537 0.5992268041237113 0.3623281786941581 0.5895618556701031 0.3601804123711341 0.5829037800687286 0.3498711340206186
0 0.5822594501718213 0.38681271477663237 0.5923539518900344 0.3859536082474227 0.5983676975945017 0.3979810996563575 0.5914948453608248 0.40678694158075607 0.5824742268041238 0.4061426116838488 0.5764604810996564 0.39926975945017185 0.5779639175257733 0.38960481099656363
0 0.6050257731958762 0.37564432989690727 0.6157646048109966 0.376073883161512 0.6222079037800687 0.3859536082474227 0.6140463917525774 0.39518900343642616 0.6026632302405499 0.3941151202749142 0.5992268041237113 0.3814432989690722
0 0.6402491408934708 0.35781786941580757 0.6501288659793815 0.35846219931271484 0.6576460481099656 0.3698453608247423 0.6503436426116839 0.38015463917525777 0.638745704467354 0.3782216494845361 0.6342353951890035 0.3664089347079038
0 0.6634450171821307 0.34815292096219935 0.6748281786941581 0.3477233676975946 0.6808419243986255 0.3601804123711341 0.6739690721649485 0.3694158075601374 0.6634450171821307 0.36834192439862545 0.6589347079037801 0.3563144329896908
0 0.6524914089347079 0.3829467353951891 0.6612972508591066 0.3829467353951891 0.668384879725086 0.39518900343642616 0.6600085910652921 0.40420962199312716 0.6501288659793815 0.4020618556701031 0.645618556701031 0.3902491408934708
0 0.6752577319587629 0.3715635738831616 0.6849226804123713 0.3709192439862543 0.6913659793814434 0.38337628865979384 0.6851374570446735 0.39282646048109965 0.6741838487972509 0.39218213058419255 0.6685996563573883 0.3810137457044674
0 0.5915336879432624 0.41023936170212766 0.6021719858156028 0.40979609929078015 0.6090425531914893 0.4219858156028369 0.6015070921985815 0.43173758865248224 0.5915336879432624 0.4310726950354609 0.5859929078014183 0.4197695035460993
0 0.6163563829787233 0.3984929078014184 0.6274379432624113 0.39937943262411346 0.6329787234042553 0.4128989361702127 0.6263297872340426 0.4210992907801418 0.615691489361702 0.4197695035460993 0.6103723404255319 0.407136524822695
0 0.34437321937321935 0.3660968660968661 0.3554131054131054 0.36716524216524216 0.35933048433048437 0.3803418803418803 0.3523860398860399 0.38675213675213677 0.3424145299145299 0.38621794871794873 0.33671652421652426 0.37535612535612534
0 0.4141737891737892 0.3327991452991453 0.4223646723646724 0.33386752136752135 0.42610398860398857 0.3424145299145299 0.4211182336182336 0.34811253561253563 0.4129273504273504 0.3468660968660969 0.4100783475783476 0.3400997150997151
0 0.4300213675213676 0.3262108262108262 0.4385683760683762 0.3269230769230769 0.442485754985755 0.33493589743589747 0.43732193732193736 0.3417022792022792 0.42948717948717957 0.34099002849002846 0.4253917378917379 0.333511396011396
0 0.46634615384615385 0.30982905982905984 0.47453703703703715 0.31160968660968663 0.4780982905982907 0.3198005698005698 0.47044159544159553 0.3265669515669516 0.4626068376068377 0.32496438746438744 0.46082621082621095 0.3146367521367522
0 0.4802350427350428 0.3060897435897436 0.4857549857549859 0.3057336182336183 0.488960113960114 0.31321225071225073 0.4857549857549859 0.317485754985755 0.48005698005698005 0.31659544159544156 0.4766737891737893 0.3108974358974359
0 0.4326923076923077 0.2907763532763533 0.43892450142450146 0.29113247863247865 0.44426638176638183 0.2980769230769231 0.4387464387464388 0.3057336182336183 0.43198005698005704 0.3041310541310541 0.42824074074074076 0.29665242165242167
0 0.4472934472934474 0.28383190883190884 0.4558404558404559 0.28400997150997154 0.46011396011396016 0.2932692307692308 0.45477207977207984 0.29861111111111116 0.44889601139601143 0.2987891737891738 0.4433760683760684 0.28952991452991456
0 0.46545584045584054 0.2761752136752137 0.4727564102564103 0.27724358974358976 0.4764957264957265 0.28757122507122507 0.4718660968660969 0.2916666666666667 0.46385327635327644 0.29113247863247865 0.45886752136752146 0.2836538461538462
0 0.3592754777070063 0.3860801486199575 0.34852707006369427 0.39006104033970274 0.3474654989384288 0.40067675159235666 0.355161889596603 0.4071788747346072 0.36524681528662417 0.4043922505307856 0.3669718683651805 0.39019373673036095
0 0.38488588110403393 0.37480095541401276 0.39112261146496813 0.3753317409766454 0.39364384288747345 0.3811703821656051 0.3888667728237792 0.3871417197452229 0.3824973460721868 0.38528397027600847 0.38037420382165604 0.3785164543524416
0 0.397890127388535 0.36670647558386404 0.4047903397027601 0.3669718683651805 0.40877123142250527 0.37466825902335454 0.40532112526539277 0.38143577494692144 0.39722664543524416 0.38170116772823776 0.3927149681528662 0.37281050955414013
0 0.39032643312101906 0.3897956475583864 0.39881900212314225 0.3905918259023355 0.40014596602972397 0.39881900212314225 0.394838110403397 0.40319798301486204 0.38860138004246286 0.3996151804670913 0.3875398089171974 0.39536889596602964
0 0.40492303609341823 0.38316082802547774 0.41195594479830144 0.3827627388535032 0.4167330148619957 0.39098991507430997 0.41049628450106157 0.39815552016985134 0.40200371549893843 0.3956342887473461 0.40014596602972397 0.3871417197452229
0 0.3645220588235294 0.41035539215686273 0.37457107843137255 0.41158088235294116 0.3795955882352941 0.42077205882352936 0.3738357843137255 0.4299632352941177 0.36256127450980385 0.43020833333333336 0.3581495098039216 0.4238357843137255 0.359375 0.4142769607843137
0 0.4158147459727386 0.4034231722428749 0.42177819083023543 0.4045848822800495 0.42448884758364314 0.4110130111524164 0.4202292441140025 0.415504956629492 0.4142657992565056 0.415040272614622 0.4122521685254027 0.41085811648079307 0.41325898389095417 0.40613382899628253
0 0.40233890954151175 0.4093091697645601 0.3993184634448575 0.41372366790582404 0.40125464684014867 0.41976456009913266 0.4062887236679058 0.42162329615861216 0.41124535315985133 0.4187577447335812 0.4117874845105329 0.41279429987608424 0.4069857496902107 0.4088444857496902
0 0.4217007434944238 0.4162794299876084 0.42611524163568776 0.4159696406443618 0.43045229244114014 0.4209262701363073 0.42781908302354393 0.4275867410161091 0.4220105328376704 0.4285935563816605 0.4184479553903346 0.4252633209417596 0.41790582403965304 0.41837050805452297
0 0.4085346964064436 0.42146840148698883 0.4052044609665427 0.4261926889714994 0.4069857496902107 0.4319237918215614 0.41310408921933084 0.4340923172242875 0.41697645600991323 0.4308395291201983 0.4167441140024783 0.42580545229244116 0.4127168525402727 0.4213909541511772
0 0.4944638694638695 0.3372668997668998 0.5027680652680654 0.33784965034965037 0.5068473193473194 0.34542540792540793 0.5005827505827506 0.3531468531468532 0.4928613053613054 0.3500874125874126 0.4898018648018648 0.34134615384615385
0 0.4812062937062937 0.34294871794871795 0.4766899766899767 0.34848484848484856 0.4785839160839161 0.35810023310023315 0.48688811188811193 0.3585372960372961 0.4924242424242425 0.3535839160839161 0.49023892773892774 0.34615384615384615 0.48601398601398604 0.34280303030303033
0 0.50743006993007 0.3506701631701632 0.4967948717948718 0.3551864801864802 0.497960372960373 0.36421911421911424 0.502913752913753 0.36698717948717946 0.5116550116550116 0.36378205128205127 0.5112179487179487 0.3554778554778555
0 0.49198717948717957 0.3563519813519813 0.48280885780885785 0.36101398601398604 0.48266317016317023 0.36888111888111896 0.49038461538461536 0.3736888111888112 0.4982517482517483 0.3693181818181819 0.4960664335664336 0.36043123543123545
0 0.4308035714285715 0.36670100732600724 0.43870192307692313 0.36715888278388276 0.4425938644688645 0.373683608058608 0.43778617216117216 0.3803228021978022 0.43023122710622713 0.3810096153846153 0.4264537545787545 0.37253891941391937
0 0.44705815018315015 0.3837568681318681 0.4405334249084249 0.3803228021978022 0.43412316849816857 0.3831845238095237 0.4334363553113553 0.3903960622710622 0.4382440476190476 0.3955471611721611 0.4454555860805861 0.3950892857142857 0.44854624542124544 0.3892513736263736
0 0.4676625457875458 0.37448489010989006 0.46113782051282054 0.3713942307692307 0.4534684065934066 0.37414148351648346 0.4530105311355312 0.38238324175824173 0.46113782051282054 0.3871909340659341 0.46857829670329676 0.3815819597069597
0 0.517795138888889 0.38736979166666674 0.5264756944444445 0.3865017361111111 0.5299479166666667 0.39605034722222227 0.5238715277777778 0.40386284722222227 0.515842013888889 0.40082465277777773 0.5145399305555556 0.39214409722222227
0 0.5045572916666667 0.39322916666666674 0.49978298611111116 0.39843750000000006 0.5017361111111112 0.40755208333333337 0.5101996527777778 0.4099392361111111 0.5175781250000001 0.40386284722222227 0.5125868055555556 0.3927951388888889
0 0.5303819444444445 0.41449652777777773 0.5384114583333335 0.4131944444444444 0.5425347222222223 0.42122395833333337 0.5384114583333335 0.43033854166666674 0.5292968750000001 0.4288194444444445 0.5266927083333335 0.4220920138888889
0 0.47026909722222227 0.4014756944444444 0.47916666666666674 0.40190972222222227 0.48263888888888895 0.4112413194444444 0.47721354166666674 0.41753472222222227 0.4687500000000001 0.4157986111111111 0.4648437500000001 0.40863715277777773
0 0.45086477987421375 0.41096698113207547 0.4597091194968553 0.41096698113207547 0.46324685534591187 0.41961477987421375 0.45774371069182385 0.4257075471698113 0.44909591194968546 0.42472484276729555 0.4465408805031446 0.41745283018867924
0 0.4840801886792452 0.43140723270440245 0.489190251572327 0.4251179245283019 0.48604559748427667 0.41627358490566035 0.478380503144654 0.41607704402515716 0.47189465408805026 0.4202044025157232 0.47503930817610057 0.4308176100628931
0 0.46855345911949686 0.42826257861635214 0.4618710691823899 0.4245283018867924 0.4534198113207547 0.42826257861635214 0.4540094339622641 0.43671383647798734 0.46108490566037735 0.44182389937106914 0.47012578616352196 0.4361242138364779
0 0.5169025157232704 0.4209905660377358 0.512382075471698 0.426690251572327 0.5145440251572326 0.43494496855345904 0.5222091194968553 0.4375 0.5288915094339622 0.4325864779874214 0.5245676100628931 0.42118710691823896
0 0.5420597484276729 0.4408411949685534 0.5514937106918238 0.44044811320754707 0.5542452830188679 0.4494889937106918 0.5491352201257862 0.45774371069182385 0.5402908805031447 0.4538128930817609 0.5383254716981132 0.4479166666666667
0 0.5284984276729559 0.44732704402515716 0.5239779874213836 0.45479559748427667 0.5284984276729559 0.4630503144654088 0.5377358490566038 0.46285377358490565 0.5414701257861635 0.45754716981132065 0.5373427672955974 0.44752358490566035
0 0.4913522012578616 0.44536163522012573 0.5005896226415094 0.4463443396226415 0.5025550314465409 0.4567610062893081 0.49803459119496857 0.4622641509433961 0.48840408805031443 0.4602987421383647 0.48604559748427667 0.45204402515723263
0 0.4705188679245283 0.45597484276729555 0.4791666666666666 0.4549921383647798 0.4827044025157232 0.4622641509433961 0.4789701257861635 0.46973270440251563 0.46855345911949686 0.46973270440251563 0.4671776729559748 0.46167452830188677
0 0.4310141509433961 0.4398584905660377 0.43730345911949686 0.4414308176100628 0.44005503144654085 0.44909591194968546 0.4363207547169811 0.4532232704402515 0.43003144654088044 0.45204402515723263 0.42767295597484273 0.44575471698113206
0 0.41607704402515716 0.4471305031446541 0.42354559748427667 0.44634433962264153 0.42629716981132065 0.45558176100628933 0.4205974842767295 0.46049528301886794 0.41391509433962254 0.4557783018867924
0 0.4465408805031446 0.4569575471698113 0.44005503144654085 0.4534198113207547 0.43317610062893075 0.4563679245283019 0.43199685534591187 0.4636399371069182 0.4380896226415094 0.4691430817610062 0.44418238993710685 0.46835691823899367 0.44752358490566035 0.46285377358490565
0 0.42315251572327045 0.46128144654088044 0.41981132075471694 0.4659984276729559 0.4215801886792452 0.47169811320754707 0.4278694968553459 0.47366352201257855 0.4329795597484276 0.4687499999999999 0.4290487421383647 0.46108490566037735
0 0.44870283018867924 0.4760220125786163 0.4567610062893081 0.47798742138364775 0.4573506289308176 0.486438679245283 0.45263364779874216 0.49115566037735847 0.4461477987421383 0.4876179245283019 0.44418238993710685 0.48191823899371067
0 0.4355654761904762 0.48169642857142864 0.43184523809523817 0.48854166666666665 0.4336309523809524 0.4946428571428571 0.44151785714285713 0.49598214285714287 0.44657738095238103 0.4909226190476191 0.4421130952380953 0.4811011904761905
0 0.3831845238095239 0.4354166666666667 0.390625 0.4357142857142857 0.3925595238095239 0.4444940476190477 0.3882440476190477 0.44866071428571436 0.3816964285714286 0.4473214285714286 0.3797619047619048 0.43988095238095243
0 0.3922619047619048 0.44851190476190483 0.38601190476190483 0.45044642857142864 0.38377976190476193 0.45610119047619047 0.38958333333333334 0.46190476190476193 0.3959821428571429 0.4601190476190477 0.39836309523809527 0.4510416666666667
0 0.4498511904761905 0.49747023809523816 0.44508928571428574 0.4946428571428571 0.4386904761904762 0.49732142857142864 0.4376488095238095 0.5022321428571429 0.44166666666666665 0.5078869047619048 0.449702380952381 0.5068452380952382 0.45178571428571435 0.502529761904762
0 0.3991071428571429 0.46607142857142864 0.4040178571428572 0.4666666666666667 0.40535714285714286 0.47261904761904766 0.40178571428571436 0.47633928571428574 0.39776785714285723 0.47455357142857146 0.3961309523809524 0.4702380952380953
0 0.3901785714285715 0.4702380952380953 0.38764880952380953 0.4741071428571429 0.38958333333333334 0.47842261904761907 0.39494047619047623 0.4790178571428571 0.39776785714285723 0.4755952380952381 0.39508928571428575 0.4706845238095238
0 0.3940476190476191 0.48005952380952377 0.3918154761904762 0.4831845238095238 0.39315476190476195 0.4876488095238095 0.3985119047619048 0.4891369047619048 0.4011904761904762 0.48511904761904767 0.3995535714285715 0.47961309523809526
0 0.409077380952381 0.4776785714285715 0.4043154761904762 0.4754464285714286 0.40029761904761907 0.47782738095238103 0.4011904761904762 0.484077380952381 0.40520833333333334 0.48526785714285714 0.4098214285714286 0.48154761904761906
0 0.4151785714285715 0.50625 0.42247023809523815 0.5071428571428571 0.4254464285714286 0.5141369047619048 0.4200892857142857 0.5202380952380953 0.41264880952380956 0.5183035714285715 0.4113095238095239 0.5116071428571428
0 0.4875928874734607 0.47299628450106157 0.4818869426751592 0.46954617834394907 0.4741905520169851 0.47299628450106157 0.47365976645435237 0.480161889596603 0.47989649681528657 0.48586783439490444 0.4890525477707006 0.480958067940552
0 0.5080281316348195 0.4652998938428875 0.5012606157112526 0.4610536093418258 0.4925026539278131 0.46503450106157107 0.4939623142250531 0.4739251592356688 0.5004644373673036 0.4784368365180467 0.5096204883227177 0.47259819532908703
0 0.42453342013888895 0.52880859375 0.43484157986111116 0.5303276909722223 0.43798828125 0.5403103298611112 0.4298502604166667 0.5486653645833334 0.42041015625 0.5457356770833334 0.41845703125 0.5351019965277778
