0 0.4532738095238095 0.061458333333333406 0.44136904761904766 0.06458333333333341 0.4448625654450261 0.07749781849912739 0.4584821428571429 0.07514880952380959
0 0.4708333333333332 0.05753205128205128 0.4587150959860384 0.059718586387434554 0.4613328970331587 0.07215314136125653 0.4736607142857144 0.07008928571428578
0 0.45922619047619045 0.07857142857142864 0.44747023809523817 0.08154761904761912 0.44988001745200695 0.09385907504363002 0.46201923076923074 0.09150641025641025
0 0.475621727748691 0.07280759162303664 0.4635143979057591 0.07684336823734729 0.466025641025641 0.08862179487179485 0.4790064102564102 0.08557692307692308
0 0.4682158119658121 0.4438212250712252 0.46276773761713524 0.4431894243641232 0.46109330484330496 0.44907407407407407 0.464859437751004 0.4508032128514057 0.46937751004016076 0.4492971887550201
0 0.41114672364672367 0.45459401709401714 0.3998397435897436 0.4544159544159545 0.39877136752136755 0.4651887464387465 0.4099893162393162 0.46607905982905984
0 0.3902777777777778 0.4505555555555556 0.3788888888888889 0.4494444444444445 0.37777777777777777 0.4605555555555556 0.3889477401129943 0.4627471751412429
0 0.3887998575498575 0.4677706552706553 0.38443732193732194 0.4643874643874645 0.37820512820512825 0.46643518518518523 0.37722578347578356 0.4737357549857551 0.38274572649572647 0.47640669515669526 0.38746438746438744 0.47444800569800577
0 0.38871082621082625 0.48495370370370383 0.38630698005698005 0.48014601139601143 0.3783831908831909 0.48014601139601143 0.3761574074074074 0.4853988603988605 0.37775997150997154 0.4905626780626781 0.38648504273504275 0.4909188034188035
0 0.3872863247863248 0.4997329059829061 0.38381410256410253 0.4943910256410257 0.3771367521367522 0.49537037037037046 0.37535612535612534 0.5016025641025642 0.3785612535612536 0.5054309116809118 0.38497150997151 0.5056980056980058
0 0.4106944444444444 0.46972222222222226 0.3986581920903955 0.4683968926553672 0.39722222222222225 0.47944444444444445 0.4086111111111111 0.4809722222222223
0 0.4083867521367522 0.4857549857549859 0.40064102564102566 0.4835292022792024 0.3967236467236467 0.48976139601139607 0.40037393162393164 0.4952813390313391 0.4085648148148148 0.4951923076923077
0 0.40696225071225073 0.4996438746438747 0.3975988700564972 0.4987641242937853 0.3956552706552706 0.5062321937321937 0.3990112994350283 0.5111228813559322 0.40766242937853114 0.5107697740112994
0 0.40687321937321935 0.5140669515669516 0.396011396011396 0.514423076923077 0.3951210826210826 0.5241274928774929 0.40589387464387466 0.5248397435897436
0 0.4338578088578089 0.488490675990676 0.42628205128205127 0.48936480186480186 0.42672720797720803 0.4968839031339032 0.4351689976689977 0.4963578088578089
0 0.4310007122507123 0.5023148148148149 0.4255698005698006 0.5019586894586896 0.42438811188811193 0.5077214452214452 0.42817599067599066 0.5100524475524476 0.4318181818181819 0.5080128205128205
0 0.44417735042735046 0.5066773504273505 0.43803418803418814 0.5053418803418804 0.43616452991453003 0.5105947293447294 0.4392482517482517 0.5136946386946387 0.4438212250712252 0.5124643874643875
0 0.44301994301994313 0.4943910256410257 0.4365206552706553 0.49634971509971515 0.43643162393162405 0.5024038461538463 0.44374005568814645 0.5020137231503581
0 0.4528133903133904 0.4993767806267807 0.44562947494033417 0.4976382259347653 0.4449333731105808 0.5043506364359587 0.44806583134447103 0.5060908910103421 0.4514468973747017 0.5044998011137629
0 0.19463259441707725 0.8516522988505747 0.18642241379310354 0.8550389983579638 0.18673029556650253 0.8637623152709359 0.19524835796387527 0.8636596880131363 0.1987376847290641 0.8592467159277503
0 0.23656400966183577 0.7302234299516909 0.22861312399355876 0.7314311594202899 0.23082729468599036 0.7389794685990339 0.23696658615136879 0.7365640096618358
0 0.24230072463768115 0.7359601449275363 0.2381743156199678 0.7375704508856683 0.23676529790660225 0.742602657004831 0.24018719806763286 0.74381038647343 0.24421296296296297 0.7431058776167473 0.24471618357487923 0.7390801127214172
0 0.22680152979066023 0.738677536231884 0.22267512077294688 0.7406904186795491 0.22277576489533013 0.7441123188405798 0.22549315619967794 0.7470309983896941 0.22871376811594202 0.7456219806763286 0.23052536231884058 0.7417975040257649
0 0.2341485507246377 0.7443136070853463 0.2311292270531401 0.7460245571658616 0.2303240740740741 0.7502516103059581 0.2341485507246377 0.7519625603864735 0.23787238325281806 0.7508554750402577 0.23716787439613526 0.7460245571658616
0 0.2496477455716586 0.7416968599033816 0.24491747181964574 0.7441123188405798 0.24491747181964574 0.7479367954911434 0.24884259259259262 0.7505535426731079 0.25226449275362317 0.748943236714976 0.25337157809983896 0.7443136070853463
0 0.2589070048309179 0.748238727858293 0.2547805958132045 0.7494464573268922 0.25266706924315624 0.7535728663446055 0.2558876811594203 0.7566928341384863 0.26071859903381644 0.7554851046698874 0.26091988727858295 0.7507548309178744
0 0.2662540257648953 0.7543780193236715 0.26917270531400966 0.7558876811594203 0.26967592592592593 0.7614231078904992 0.2653482286634461 0.763335346215781 0.26182568438003223 0.7613224637681161 0.262127616747182 0.7556863929146539
0 0.24854066022544283 0.7524657809983898 0.24139492753623187 0.7540760869565217 0.24280394524959742 0.7606179549114332 0.24924516908212563 0.7603160225442835
0 0.25981280193236717 0.7613224637681161 0.2524657809983897 0.7618256843800323 0.25397544283413853 0.7697765700483092 0.2604166666666667 0.7691727053140097
0 0.21653582930756846 0.7543780193236715 0.2093900966183575 0.7554851046698874 0.20918880837359097 0.7618256843800323 0.21653582930756846 0.7619263285024155
0 0.20802595628415305 0.7626707650273223 0.20338114754098366 0.7646516393442623 0.20625000000000004 0.7699795081967212 0.21144125683060117 0.7682718579234973 0.21226092896174867 0.7642418032786885
0 0.22407786885245906 0.7604849726775956 0.21731557377049185 0.7631489071038251 0.2184767759562842 0.7693647540983606 0.22599043715846998 0.7682035519125683
0 0.20249316939890713 0.7703893442622951 0.20570355191256837 0.7725751366120218 0.20549863387978148 0.7765368852459016 0.20201502732240442 0.7781762295081965 0.19921448087431698 0.7760587431693988 0.1985314207650274 0.7726434426229507
0 0.23364071038251372 0.7690915300546447 0.2294057377049181 0.7718237704918032 0.22891009852216754 0.7760160098522166 0.23250205254515607 0.7779659277504105 0.23712027914614126 0.7767344006568145 0.23712027914614126 0.7723214285714286
0 0.24484289617486343 0.7781762295081965 0.24019808743169402 0.7807035519125682 0.2404713114754099 0.7845286885245901 0.24415983606557382 0.7869193989071038 0.2475751366120219 0.7848702185792349 0.24832650273224047 0.7811133879781421
0 0.21506147540983608 0.7727800546448087 0.20898224043715852 0.774077868852459 0.20857240437158475 0.7806352459016394 0.21745218579234976 0.7809767759562841
0 0.22701502732240442 0.7811133879781421 0.21963797814207656 0.7825478142076502 0.220594262295082 0.7905396174863387 0.22824453551912574 0.7881489071038251
0 0.23824917898193765 0.7903838259441707 0.23056693989071045 0.7910177595628415 0.2320696721311476 0.7982581967213115 0.23931010928961755 0.7974385245901638
0 0.2004439890710383 0.7873975409836066 0.19320355191256838 0.7895150273224043 0.19429644808743177 0.7968920765027321 0.20160519125683066 0.7960040983606557
0 0.1933401639344263 0.7985997267759563 0.18446038251366123 0.8005122950819671 0.18589480874316944 0.8076161202185791 0.1940232240437159 0.8055669398907104
0 0.18365147783251237 0.809677750410509 0.17769909688013144 0.8107040229885057 0.1778017241379311 0.8180931855500821 0.18478037766830877 0.8167590311986863
0 0.17646756978653538 0.8195299671592775 0.16918103448275867 0.8213772577996715 0.17000205254515607 0.8295874384236454 0.1778017241379311 0.8273296387520525
0 0.21813423645320204 0.8014675697865352 0.21105295566502466 0.8036227422003285 0.21282552083333334 0.8116536458333333 0.21987889983579645 0.8100882594417077
0 0.210026683087028 0.8119355500821017 0.20315065681444996 0.8142959770114943 0.20407430213464703 0.8211720032840722 0.21187397372742206 0.8193247126436782
0 0.20079022988505757 0.8219930213464696 0.19442733990147792 0.8257902298850575 0.19791666666666666 0.832715395480226 0.20497881355932204 0.8295374293785311
0 0.19288488700564974 0.832274011299435 0.1869355500821019 0.836566091954023 0.189795197740113 0.8437500000000001 0.19647988505747133 0.8406711822660099
0 0.22978460451977403 0.8098516949152543 0.2219279661016949 0.8116172316384181 0.22342867231638416 0.8192090395480226 0.23075564971751414 0.8177083333333335
0 0.2367097701149426 0.8196325944170773 0.23163841807909605 0.8188559322033898 0.22916666666666666 0.8222987288135593 0.2311087570621469 0.8268008474576273 0.2383518062397373 0.8248665845648605
0 0.21822033898305085 0.8193855932203391 0.22272245762711868 0.8214159604519774 0.22387005649717515 0.8263594632768363 0.2195444915254237 0.829007768361582 0.21592514124293785 0.8281250000000001 0.21468926553672318 0.8240642655367232
0 0.22849958949096888 0.8292795566502463 0.22157485875706215 0.8301553672316384 0.2220162429378531 0.8372175141242939 0.22996115819209037 0.8370409604519774
0 0.22139830508474576 0.8402189265536725 0.21371822033898308 0.8416313559322035 0.214600988700565 0.8491348870056498 0.2211334745762712 0.848781779661017
0 0.21151129943502822 0.8281250000000001 0.20850988700564974 0.832274011299435 0.21027542372881355 0.8357168079096046 0.2144244350282486 0.8366878531073446 0.21707274011299438 0.834127824858757 0.21654307909604523 0.8298022598870057
0 0.20489053672316382 0.8363347457627119 0.20930437853107345 0.8369526836158192 0.21142302259887003 0.8403954802259888 0.21009887005649716 0.8442796610169492 0.20586158192090395 0.8448093220338984 0.20286016949152544 0.8407485875706215
0 0.19932909604519775 0.8439265536723164 0.2030367231638418 0.8442796610169492 0.2053058292282431 0.8472393267651888 0.203458538587849 0.8515496715927751 0.19915254237288132 0.8520480225988701 0.19676906779661016 0.8491348870056498
0 0.2074505649717514 0.8538135593220341 0.21105295566502466 0.8551416256157635 0.21156609195402307 0.8604782430213466 0.2081793924466339 0.8624281609195403 0.20489053672316382 0.8618467514124294 0.2032132768361582 0.8572563559322035
0 0.18929597701149434 0.8772064860426929 0.19391420361247952 0.8784380131362889 0.19432471264367823 0.8845956486042693 0.18734605911330054 0.8860324302134647 0.18621715927750415 0.8800800492610835
0 0.19905717761557182 0.8637469586374696 0.20325328407224963 0.865917487684729 0.2044848111658457 0.8710488505747128 0.1984298029556651 0.8737171592775042 0.19545361247947463 0.8687910509031197
0 0.8220404984423676 0.5769080996884735 0.8120335820895523 0.5760261194029851 0.8109970978441127 0.5863909618573798 0.8217765339966832 0.5881529850746269
0 0.8217765339966832 0.6002798507462687 0.8124481757877281 0.599657960199005 0.8119158878504672 0.6076713395638629 0.8212616822429905 0.6090342679127725
0 0.8037383177570093 0.5714563862928348 0.7969236760124611 0.5718457943925234 0.7970045605306798 0.5790319237147595 0.8034307628524047 0.5792392205638475
0 0.8345252902155887 0.5830742122719735 0.8278917910447761 0.5844216417910448 0.8288817663817665 0.591346153846154 0.83587271973466 0.5903296019900498
0 0.8457086894586895 0.5884081196581197 0.8391894693200663 0.5887748756218906 0.8400106837606839 0.5956196581196582 0.846064814814815 0.5949074074074076
0 0.8370128524046434 0.6012126865671642 0.8301282051282053 0.6032763532763533 0.8314158374792703 0.6098155058043118 0.8398326210826211 0.6091524216524218
0 0.8605410447761193 0.5920916252072969 0.8539075456053068 0.591780679933665 0.8539075456053068 0.5978959369817579 0.8610220797720797 0.5990918803418804
0 0.23587570621468928 0.85840395480226 0.22892441860465113 0.8645833333333334 0.23344638242894053 0.8692667958656332 0.2396640826873385 0.8671673126614987
0 0.22617894056847543 0.8679748062015503 0.23045865633074936 0.8680555555555556 0.23271963824289404 0.8733042635658915 0.23021640826873385 0.875888242894057 0.22666343669250646 0.8758074935400517 0.22416020671834624 0.8729005167958658
0 0.21883074935400515 0.8765342377260982 0.22327196382428938 0.8766149870801033 0.22577519379844957 0.8790374677002585 0.2252906976744186 0.8840439276485789 0.22004198966408267 0.8845284237726098 0.21778100775193796 0.8819444444444444
0 0.2153585271317829 0.8833979328165374 0.20978682170542637 0.8885658914728681 0.21455103359173122 0.893249354005168 0.22109173126614987 0.8891311369509045
0 0.20865633074935397 0.8914728682170543 0.20373062015503876 0.8963178294573644 0.20849483204134364 0.9015665374677002 0.21402914614121518 0.8961925287356322
0 0.2239839901477833 0.8906506568144498 0.21946839080459776 0.8938321018062398 0.22172619047619055 0.8986555829228242 0.22726806239737282 0.8972188013136289 0.22747331691297215 0.8929084564860428
0 0.21987889983579645 0.8993739737274219 0.21463178294573643 0.8992248062015503 0.2137435400516796 0.9043927648578811 0.21875000000000006 0.9067631362889983 0.2225472085385879 0.9035816912972087
0 0.19808467741935482 0.8987735215053763 0.19144825268817206 0.9007896505376344 0.19304435483870971 0.9066700268817204 0.19875672043010753 0.9056619623655915
0 0.19205003097893433 0.9058821251548946 0.18879724287484512 0.9060370198265181 0.18655127013630732 0.9085153345724907 0.18841000619578685 0.9126587670384138 0.19208875464684014 0.9121553593556382 0.19383131970260223 0.9091736369268898
0 0.2025054213135068 0.90472041511772 0.1987879491945477 0.907121282527881 0.19925263320941758 0.9102578996282529 0.2013437112763321 0.9128136617100372 0.2049062887236679 0.9116519516728624 0.205990551425031 0.9076246902106567
0 0.2102114312267658 0.9101804522924412 0.20653268277571252 0.9118068463444857 0.20649395910780668 0.9157566604708798 0.20982419454770754 0.9175379491945478 0.21323187732342005 0.915485594795539 0.21268974597273854 0.9120004646840149
0 0.19654197645600993 0.9117293990086741 0.19402493804213136 0.9136268587360594 0.19468324039653037 0.9169570941759603 0.19739389714993805 0.9185447645600991 0.200259448574969 0.9169958178438662 0.20014327757125153 0.9135494114002478
0 0.20339606567534077 0.9165698574969021 0.20084030359355637 0.9194354089219331 0.2008790272614622 0.9231528810408921 0.20331861833952913 0.9247018277571253 0.2069973667905824 0.9226107496902106 0.20672630111524162 0.9180800805452293
0 0.18078703703703705 0.9004960317460318 0.17536375661375664 0.9023478835978835 0.17769909688013144 0.9073788998357963 0.18200944170771763 0.9054289819376027
0 0.18369708994708997 0.9124669312169311 0.17959656084656084 0.9163690476190476 0.1814484126984127 0.9210648148148148 0.18508597883597883 0.9205357142857142 0.18819444444444444 0.9180224867724868 0.18746693121693123 0.9150462962962962
0 0.19117063492063494 0.9176256613756613 0.18786375661375662 0.9206679894179893 0.18799603174603172 0.9246362433862434 0.19130291005291003 0.9267526455026454 0.19520502645502646 0.9231150793650793 0.1945436507936508 0.9214616402116401
0 0.19871031746031748 0.9246362433862434 0.1943452380952381 0.9262896825396826 0.19685846560846562 0.9322420634920635 0.2016203703703704 0.9311838624338624 0.2015542328042328 0.9264880952380952
0 0.43879035285285295 0.5909112237237238 0.4370073198198199 0.5895974099099099 0.4362565690690692 0.5867351726726727 0.43649117867867876 0.5851867492492493 0.4386495870870871 0.5836852477477479 0.441746433933934 0.5843421546546548 0.44282563813813824 0.5871105480480481 0.4421687312312313 0.5896912537537538 0.43986955705705716 0.5910050675675677
0 0.4400103228228229 0.5804007132132133 0.4370073198198199 0.5789461336336337 0.4362565690690692 0.5771631006006007 0.4369134759759761 0.5748639264264265 0.4389780405405406 0.5735031906906908 0.44169951201201213 0.5739724099099099 0.44277871621621634 0.5751923798798799 0.44329485735735746 0.5783830705705706 0.4412302927927929 0.5802599474474476
0 0.4329720345345346 0.5724239864864865 0.43123592342342354 0.5722832207207208 0.429734421921922 0.5706409534534536 0.4296405780780782 0.5684825450450451 0.43095439189189194 0.5666995120120121 0.4330189564564565 0.5658549174174174 0.43578734984984996 0.5670748873873874 0.43644425675675685 0.5694209834834836 0.435130442942943 0.5715793918918919
0 0.4479166666666667 0.5591739766081871 0.446016081871345 0.5580043859649122 0.4455043859649122 0.5558845029239766 0.446016081871345 0.5533991228070175 0.44820906432748536 0.5517909356725146 0.4512792397660818 0.552375730994152 0.4523026315789474 0.5552266081871345 0.4511330409356725 0.5585891812865497 0.44879385964912283 0.5590277777777778
0 0.43658625730994155 0.5555190058479532 0.4338815789473684 0.5545687134502925 0.43278508771929824 0.5525219298245614 0.4329312865497076 0.549890350877193 0.4348318713450292 0.5482090643274854 0.43855994152046784 0.5493055555555555 0.43987573099415206 0.5514985380116959 0.4389985380116959 0.5550073099415205
0 0.4275219298245614 0.5514254385964912 0.4255482456140351 0.550986842105263 0.42394005847953214 0.5497441520467836 0.42291666666666666 0.5477704678362573 0.4238669590643275 0.5451388888888888 0.4270102339181287 0.5436769005847953 0.4291301169590643 0.5449926900584795 0.4303728070175438 0.548062865497076 0.4299342105263158 0.5499634502923976
0 0.42781432748538006 0.5390716374269006 0.42620614035087717 0.5390716374269006 0.4238669590643275 0.537828947368421 0.422843567251462 0.5368786549707601 0.42291666666666666 0.53468567251462 0.42430555555555555 0.532858187134503 0.4264985380116959 0.5316154970760234 0.42934941520467834 0.533077485380117 0.43066520467836256 0.5372441520467837 0.42876461988304093 0.5393640350877192
0 0.43797514619883043 0.5413377192982456 0.43658625730994155 0.5409722222222222 0.4354166666666667 0.5380482456140351 0.43644005847953216 0.5360745614035087 0.43841374269005845 0.5347587719298246 0.4424342105263158 0.5363669590643275 0.4425804093567251 0.539437134502924 0.4411915204678363 0.541703216374269 0.43855994152046784 0.5421418128654971
0 0.45428571428571435 0.15125 0.4525595238095239 0.15089285714285713 0.4516071428571429 0.14958333333333335 0.4508928571428572 0.14738095238095236 0.45166666666666666 0.14577380952380953 0.45375 0.14422619047619045 0.45625 0.14488095238095236 0.4576190476190477 0.1469642857142857 0.45744047619047623 0.14910714285714288 0.4561309523809524 0.15130952380952378
0 0.4590476190476191 0.16470238095238093 0.45642857142857146 0.16392857142857142 0.45494047619047623 0.16261904761904758 0.4544047619047619 0.15964285714285714 0.4561904761904762 0.15791666666666668 0.45797619047619054 0.15714285714285714 0.4608333333333333 0.1576190476190476 0.46184523809523814 0.16023809523809524 0.4615476190476191 0.1625 0.46029761904761907 0.16398809523809524
0 0.46404246794871784 0.1460002670940171 0.46344150641025633 0.144397702991453 0.4637753739316238 0.14219417735042736 0.4651108440170939 0.14072516025641027 0.4689169337606837 0.14025774572649571 0.4698517628205128 0.14206063034188035 0.4706530448717948 0.14473157051282054 0.4703859508547008 0.14646768162393162 0.46885016025641024 0.14773637820512822 0.4674479166666666 0.14740251068376067 0.4653779380341879 0.14726896367521367
0 0.47092013888888884 0.16008947649572652 0.46824919871794873 0.15942174145299143 0.4673143696581196 0.15761885683760687 0.4673811431623931 0.15474759615384617 0.4698517628205128 0.15281116452991456 0.4726562499999999 0.15307825854700857 0.47499332264957256 0.15481436965811965 0.4745259081196581 0.15808627136752137 0.4732572115384615 0.16015625
0 0.48313969017094016 0.15661725427350429 0.4808026175213675 0.15588274572649571 0.47973424145299143 0.15341212606837606 0.47973424145299143 0.1505408653846154 0.481670673076923 0.14887152777777776 0.48414129273504275 0.14880475427350429 0.4866119123931623 0.15014022435897437 0.4873464209401709 0.15267761752136755 0.4862112713675213 0.15568242521367523
0 0.4814703525641025 0.14299545940170938 0.4774639423076923 0.14366319444444442 0.47539396367521364 0.14199385683760687 0.47592815170940167 0.1379874465811966 0.4783319978632478 0.13631810897435898 0.48120325854700846 0.13618456196581197 0.4832732371794871 0.1383213141025641 0.4834067841880342 0.14079193376068375
0 0.681255247691016 0.6466204869857262 0.6816225860621327 0.6448887489504618 0.6826721242653232 0.6431045340050378 0.6846137699412259 0.6422649034424853 0.6873425692695214 0.6436293031066331 0.6876049538203189 0.6460432409739715 0.6866603694374476 0.6485621326616289 0.683931570109152 0.6491393786733837 0.6823047858942065 0.6477749790092359
0 0.6733312342569269 0.6448887489504618 0.6742758186397985 0.6433144416456759 0.676007556675063 0.6420025188916877 0.6777392947103273 0.6425797649034424 0.6792611251049538 0.6438916876574308 0.6795759865659109 0.6457808564231737 0.6787888329135181 0.6478274559193955 0.6772145256087322 0.6482997481108312 0.675010495382032 0.6479324097397144 0.6740659109991604 0.647092779177162
0 0.6709697732997482 0.6441540722082283 0.6692905121746431 0.6447313182199832 0.6680310663308144 0.6448887489504618 0.6666141897565071 0.6436293031066331 0.6659844668345928 0.6421599496221662 0.6661943744752309 0.6399034424853064 0.6682409739714525 0.6385390428211586 0.6704450041981528 0.6392212426532324 0.6720717884130982 0.6404282115869018 0.6718094038623006 0.6429471032745592
0 0.6730163727959698 0.6377518891687657 0.6709172963895885 0.6378568429890847 0.6691330814441646 0.6359151973131821 0.6687657430730477 0.6341834592779177 0.669080604534005 0.6322418136020151 0.6711272040302266 0.6308249370277078 0.6740134340890008 0.6314021830394626 0.6745906801007555 0.6335012594458438 0.6742758186397985 0.6365973971452561
0 0.6792611251049538 0.6409005037783375 0.6767422334172963 0.6401133501259445 0.6761649874055414 0.6385390428211586 0.6760600335852225 0.6369647355163727 0.6770046179680941 0.6353904282115868 0.678893786733837 0.6344983207388748 0.6808879093198992 0.6353904282115868 0.6823047858942065 0.6370696893366918 0.6818849706129303 0.6396410579345089 0.6803106633081444 0.640848026868178
0 0.6932724601175483 0.6371221662468514 0.6907010915197314 0.6371221662468514 0.6890743073047859 0.6358102434928632 0.6888643996641478 0.6335537363560034 0.6898614609571787 0.6318219983207388 0.6922229219143577 0.6311397984886649 0.6941645675902602 0.6319794290512175 0.6947418136020151 0.6342359361880773 0.6939021830394626 0.6365449202350965
0 0.6874475230898405 0.6290407220822838 0.6856633081444165 0.6303526448362721 0.6824097397145257 0.630142737195634 0.6816225860621327 0.6282010915197314 0.6819374475230898 0.6257346767422335 0.6834068010075566 0.6243178001679262 0.6857682619647356 0.6238455079764903 0.6873425692695214 0.6251049538203189 0.6881821998320738 0.6273614609571787
0 0.6902812762384549 0.6235831234256927 0.6877623845507976 0.6227959697732998 0.6858732157850546 0.6211167086481947 0.6860831234256927 0.6189651553316541 0.6868178001679262 0.6174958018471871 0.6889168765743073 0.6164462636439966 0.691068429890848 0.6171284634760705 0.6921704450041981 0.619070109151973 0.6922753988245173 0.621746431570109 0.691068429890848 0.6231633081444165
0 0.6986775818639799 0.6269941225860621 0.6966309823677581 0.6266792611251049 0.694636859781696 0.6247900923593619 0.6942695214105794 0.6236880772460118 0.6951091519731318 0.6210117548278757 0.6976280436607893 0.619752308984047 0.7010915197313181 0.6212216624685138 0.701563811922754 0.623215785054576 0.7007241813602015 0.6253673383711167
0 0.6824669471153846 0.5774489182692307 0.6817658253205128 0.5765975560897435 0.6815154246794871 0.5750951522435896 0.6821163862179487 0.5737429887820513 0.6835186298076923 0.5726412259615384 0.684970953525641 0.5731921073717948 0.6864733573717948 0.574394030448718 0.6866235977564102 0.5762970753205128 0.6858723958333334 0.5774489182692307 0.6848707932692307 0.5778996394230769 0.683769030448718 0.5780498798076923
0 0.6876252003205128 0.5787510016025641 0.687675280448718 0.577549078525641 0.6880759214743589 0.576347155448718 0.689277844551282 0.575595953525641 0.6912810496794871 0.5755458733974359 0.6924829727564102 0.576397235576923 0.6926332131410255 0.5784004407051282 0.6919821714743589 0.5799529246794871 0.6903796073717948 0.5804036458333334 0.6890274439102564 0.5804036458333334
0 0.6937349759615384 0.5800030048076923 0.6944861778846154 0.5788511618589743 0.6953375400641025 0.5779997996794871 0.697090344551282 0.5781500400641025 0.6985927483974358 0.5793519631410255 0.698642828525641 0.5808042868589743 0.6980418669871795 0.5826572516025641 0.6960386618589743 0.583408453525641 0.6945863381410255 0.582256610576923
0 0.6913311298076923 0.5850610977564102 0.6925330528846154 0.584159655448718 0.6938351362179487 0.5841095753205128 0.6953375400641025 0.5849108573717948 0.6956380208333334 0.5870643028846154 0.6944360977564102 0.5884665464743589 0.6923327323717948 0.5885166266025641 0.6912810496794871 0.587715344551282 0.6909304887820513 0.5863631810897435
0 0.6879757612179487 0.586112780448718 0.6866736778846154 0.5862129407051282 0.6854717548076923 0.5856620592948717 0.6849208733974358 0.5847105368589743 0.6850711137820513 0.5829076522435896 0.6860727163461537 0.581855969551282 0.6882762419871795 0.581455328525641 0.6897786458333334 0.5825570913461537 0.689628405448718 0.5846604567307693
0 0.6822165464743589 0.583809094551282 0.6803135016025641 0.5836588541666666 0.6788611778846154 0.5827574118589743 0.6788611778846154 0.5811548477564102 0.679512219551282 0.5799529246794871 0.6807642227564102 0.5792017227564102 0.6823667868589743 0.5792017227564102 0.6836688701923076 0.5800030048076923 0.6840695112179487 0.582206530448718
0 0.674003405448718 0.5807542067307693 0.6723507612179487 0.5807041266025641 0.6710486778846154 0.5793519631410255 0.6707481971153846 0.5785506810897435 0.6708984375 0.5774989983974359 0.6714493189102564 0.5764473157051282 0.6727514022435896 0.5756961137820513 0.6743539663461537 0.5760466746794871 0.6755558894230769 0.5771484375 0.6757061298076923 0.5790014022435896 0.6751552483974358 0.580303485576923
0 0.6762069310897435 0.5746945112179487 0.6748547676282051 0.574043469551282 0.6733523637820513 0.5731921073717948 0.6734024439102564 0.571689703525641 0.6735526842948717 0.5703876201923076 0.6747045272435896 0.5694861778846154 0.6770582932692307 0.5696864983974359 0.6782602163461537 0.5713391426282051 0.6776592548076923 0.5735426682692307
