0 0.8901336477987423 0.28203616352201255 0.8649764150943396 0.2863600628930817 0.8724449685534591 0.31151729559748426 0.8940644654088051 0.3068003144654088
0 0.896510840108401 0.32266260162601623 0.8751693766937669 0.3223238482384824 0.877879403794038 0.3429878048780488 0.8990514905149051 0.3428184281842818
0 0.9042845911949685 0.349253144654088 0.8787342767295598 0.3508254716981132 0.8795204402515723 0.3736242138364779 0.9027122641509434 0.37401729559748426
0 0.8841463414634146 0.4112466124661247 0.8668811274509803 0.4103860294117648 0.865369496855346 0.426690251572327 0.8822831978319783 0.42852303523035234
0 0.8546006944444445 0.2845775462962963 0.8434959349593496 0.2859078590785908 0.8438346883468834 0.2979336043360434 0.856029810298103 0.2975948509485095
0 0.8335027100271003 0.28760162601626016 0.8209688346883469 0.2892953929539296 0.823170731707317 0.29996612466124667 0.833841463414634 0.2991192411924119
0 0.8163956639566397 0.29048102981029816 0.8086043360433603 0.2913279132791328 0.806910569105691 0.3003048780487805 0.815210027100271 0.3030149051490515 0.8204571759259259 0.2975983796296296
0 0.8578929539295393 0.30504742547425473 0.8458333333333332 0.3060897435897436 0.8468834688346883 0.3189363143631436 0.8591346153846154 0.3177884615384616
0 0.8360576923076922 0.3086538461538461 0.8237179487179487 0.3104166666666667 0.8248397435897435 0.3224358974358974 0.8358974358974358 0.32179487179487176
0 0.837059620596206 0.32994579945799457 0.8245192307692306 0.33205128205128204 0.8264423076923076 0.34310897435897436 0.8384615384615384 0.3421474358974359
0 0.8617886178861788 0.323509485094851 0.850440379403794 0.3263888888888889 0.8527243589743588 0.3375 0.8641025641025641 0.33557692307692305
0 0.863651761517615 0.34586720867208676 0.852981029810298 0.3470528455284553 0.8536858974358974 0.3583333333333333 0.8647435897435897 0.35801282051282046
0 0.869749322493225 0.36195799457994576 0.8576923076923078 0.3629807692307692 0.8589743589743589 0.3753205128205128 0.8698717948717949 0.37387820512820513
0 0.8299679487179487 0.35144230769230766 0.8185897435897436 0.3548076923076923 0.8209935897435896 0.3653846153846154 0.8320512820512821 0.36378205128205127
0 0.845359078590786 0.3504403794037941 0.834775641025641 0.3517628205128205 0.8357046070460704 0.36263550135501355 0.8472222222222223 0.3617886178861789
0 0.8338141025641025 0.36714743589743587 0.8217948717948718 0.36874999999999997 0.822275641025641 0.38044871794871793 0.8334935897435896 0.3801282051282051
0 0.845352564102564 0.41410256410256413 0.8275122549019608 0.4171262254901962 0.8293504901960784 0.4336703431372549 0.8464743589743589 0.4325320512820512
0 0.8440705128205128 0.4387820512820512 0.8254807692307692 0.43926282051282045 0.8245192307692306 0.4556089743589743 0.8439102564102563 0.45689102564102557
0 0.8780637254901962 0.434436274509804 0.8606004901960784 0.4339767156862745 0.860096153846154 0.4522435897435897 0.8780448717948718 0.45320512820512815
0 0.8504807692307691 0.36903403168647075 0.842479674796748 0.3644986449864499 0.8374999999999999 0.3677519804044195 0.8373397435897435 0.3764058265582656 0.8475609756097561 0.3780487804878049
0 0.831131436314363 0.39261517615176156 0.8194444444444444 0.3938008130081301 0.82079945799458 0.4051490514905149 0.8326558265582656 0.40396341463414637
0 0.8497628726287263 0.38990514905149054 0.8385840108401084 0.39109078590785906 0.8396002710027101 0.4014227642276423 0.8511217948717947 0.4011217948717949
0 0.8739837398373983 0.3870257452574526 0.8629742547425474 0.3871951219512196 0.8634823848238483 0.3990514905149052 0.8739837398373983 0.39888211382113825
0 0.8946476964769647 0.3839769647696477 0.8838075880758807 0.3848238482384824 0.88329945799458 0.3956639566395664 0.8954945799457994 0.3953252032520326
0 0.5957977207977209 0.3327991452991453 0.5833333333333335 0.3354700854700855 0.5857944139194139 0.34586767399267393 0.597584706959707 0.3439217032967033
0 0.5799501424501425 0.33564814814814814 0.568853021978022 0.337396978021978 0.5685096153846154 0.34655448717948717 0.576407967032967 0.34895833333333326 0.5817307692307694 0.3454415954415954
0 0.5835050366300367 0.35044642857142855 0.5726037195994277 0.35139484978540775 0.5727825464949928 0.36212446351931327 0.5857944139194139 0.36051968864468864
0 0.5846497252747253 0.3715086996336996 0.575606684981685 0.3715086996336996 0.5745764652014652 0.3805517399267399 0.5813301282051282 0.3835279304029304 0.587396978021978 0.3784913003663003
0 0.6004113018597996 0.36722103004291845 0.5890557939914163 0.3687410586552217 0.5912017167381973 0.3811695278969957 0.6025572246065808 0.3792024320457797
0 0.5863667582417582 0.38638965201465203 0.5753755364806866 0.388412017167382 0.5777815934065934 0.3992101648351648 0.588519313304721 0.3971745350500715
0 0.6021995708154506 0.3834942775393419 0.5898605150214592 0.3864449213161659 0.5917467948717948 0.3970352564102564 0.6033081501831502 0.3953182234432234
0 0.5633941344778254 0.37276466380543627 0.5505185979971388 0.37508941344778257 0.5515915593705293 0.38733905579399136 0.5643776824034334 0.3855507868383405
0 0.5457796852646638 0.3753576537911301 0.5318311874105865 0.3781294706723891 0.5338876967095851 0.3902002861230329 0.5455114449213161 0.38823319027181685
0 0.5410370879120879 0.35891712454212454 0.530048076923077 0.3632669413919414 0.5321085164835165 0.37208104395604397 0.5435554029304029 0.37047847985347987
0 0.5579784798534799 0.35571199633699635 0.5472184065934066 0.3586881868131867 0.5481341575091576 0.3679601648351648 0.5558035714285715 0.3693337912087912 0.5598099816849818 0.3654418498168498
0 0.5554601648351649 0.34105998168498164 0.544356684981685 0.3436927655677655 0.5456902718168812 0.35515021459227464 0.5574928469241773 0.35264663805436336
0 0.5394345238095238 0.343349358974359 0.5284455128205128 0.34666895604395603 0.530937052932761 0.357832618025751 0.5430972818311874 0.3543454935622318
0 0.6268138474295191 0.3656198175787729 0.6167599502487562 0.367278192371476 0.6171588827838829 0.3758585164835164 0.6244299336650083 0.37909411276948596 0.629635989010989 0.3749427655677655
0 0.6384500915750916 0.3637248168498168 0.6298649267399267 0.3660141941391941 0.6303228021978022 0.3717376373626373 0.6333436981757877 0.37629560530679934 0.6415319237147595 0.37494817578772804 0.642342032967033 0.3688759157509158
0 0.6430866500829188 0.3781612769485904 0.6318926202321724 0.37981965174129356 0.6335509950248757 0.3913246268656717 0.6453182234432234 0.3899381868131868
0 0.6303228021978022 0.38490155677655674 0.6267101990049752 0.38002694859038144 0.6197657545605307 0.38116708126036486 0.6181891025641025 0.38684752747252743 0.6218521062271063 0.3924565018315018 0.6290636446886446 0.39119734432234426
0 0.5692550505050505 0.4446338383838384 0.5609217171717172 0.44728535353535354 0.5607954545454545 0.45599747474747476 0.5683712121212122 0.4580176767676768 0.5730429292929293 0.45208333333333334
0 0.5498442367601245 0.44723520249221177 0.5446338383838384 0.4518308080808081 0.5456439393939394 0.4590277777777778 0.5521806853582554 0.4600856697819314 0.5565025252525253 0.4561237373737374 0.5553661616161617 0.4499368686868687
0 0.5722853535353536 0.45978535353535355 0.563699494949495 0.4609217171717172 0.5624368686868687 0.4690025252525253 0.5698863636363637 0.47241161616161614 0.5755681818181819 0.46698232323232325
0 0.5573863636363636 0.46180555555555564 0.5470328282828283 0.4643308080808081 0.5488005050505051 0.47443181818181823 0.5596590909090909 0.47291666666666665
0 0.5595328282828284 0.48125 0.5504419191919193 0.4844065656565657 0.551199494949495 0.4941287878787879 0.5620673588924388 0.49377662406815764 0.5631323216187434 0.4877196485623004
0 0.5774621212121213 0.47973484848484854 0.5662247474747475 0.48061868686868686 0.5670593716719915 0.4924454206602769 0.579173322683706 0.4911142172523962
0 0.5760732323232324 0.49337121212121215 0.5682449494949495 0.49501262626262627 0.570138888888889 0.5047348484848485 0.5774427582534611 0.5063564962726305 0.5827651515151515 0.4988005050505051
0 0.5601641414141415 0.4961489898989899 0.5528409090909091 0.4991792929292929 0.5537247474747475 0.5077651515151516 0.5639520202020202 0.507638888888889 0.5655934343434343 0.5004419191919193
0 0.3442307692307692 0.48044871794871785 0.32467948717948714 0.48926282051282044 0.332421875 0.508203125 0.351953125 0.5014322916666667
0 0.36874999999999997 0.47772435897435894 0.35528846153846155 0.4825320512820512 0.3595052083333333 0.492578125 0.37278645833333335 0.4889322916666667
0 0.38749999999999996 0.4697115384615384 0.37499999999999994 0.47323717948717947 0.376953125 0.483984375 0.390234375 0.48294270833333336
0 0.32916666666666666 0.4488782051282051 0.31506410256410255 0.4560897435897436 0.3205128205128205 0.4700320512820512 0.3358974358974359 0.46570512820512816
0 0.2967447916666667 0.47018229166666664 0.284765625 0.47434895833333335 0.2897135416666667 0.48684895833333336 0.3001302083333333 0.480859375
0 0.2862179487179487 0.5049679487179486 0.27676282051282053 0.5094551282051282 0.28044871794871795 0.519551282051282 0.2911858974358974 0.5181089743589743
0 0.31158854166666666 0.4610677083333333 0.302734375 0.46653645833333335 0.30690104166666665 0.4759114583333333 0.3165364583333333 0.472265625
0 0.29759615384615384 0.4325320512820512 0.2875 0.4384615384615384 0.29049479166666664 0.448828125 0.30325520833333336 0.44388020833333336
0 0.28044871794871795 0.4407051282051282 0.26826923076923076 0.44807692307692304 0.27486979166666664 0.45794270833333334 0.2850260416666667 0.4532552083333333
0 0.31330128205128205 0.4235576923076923 0.3011217948717949 0.4302884615384615 0.307421875 0.441015625 0.31861979166666665 0.43580729166666665
0 0.19308035714285718 0.3902529761904762 0.17919146825396828 0.39794146825396826 0.1824156746031746 0.40984623015873023 0.19233630952380953 0.41307043650793657 0.20200892857142858 0.4053819444444445 0.1990327380952381 0.3976934523809524
0 0.21214430894308947 0.3799288617886179 0.19771341463414638 0.3875508130081301 0.2014735772357724 0.3977134146341464 0.21082317073170734 0.4025914634146342 0.21844512195121954 0.39781504065040657 0.21844512195121954 0.38856707317073175
0 0.33860930735930733 0.32359307359307354 0.3267045454545454 0.3292748917748917 0.33103674540682415 0.33989501312335957 0.3423556430446194 0.33562992125984253
0 0.31971784776902884 0.3333333333333333 0.3098753280839895 0.3397309711286089 0.31364829396325455 0.349737532808399 0.3246753246753247 0.3451028138528138
0 0.30200131233595795 0.343503937007874 0.291502624671916 0.34858923884514437 0.296751968503937 0.3595800524934383 0.30626640419947504 0.35416666666666663
0 0.31217191601049865 0.3602362204724409 0.29986876640419946 0.3649934383202099 0.30298556430446194 0.3774606299212598 0.31737012987012986 0.3736471861471861
0 0.3299512987012987 0.3510551948051948 0.31872294372294374 0.3572781385281385 0.32381889763779526 0.3684383202099738 0.3352272727272727 0.3630952380952381
0 0.3471128608923884 0.34202755905511806 0.3362860892388451 0.34793307086614167 0.3408792650918635 0.358759842519685 0.3520341207349081 0.3533464566929133
0 0.3441601049868766 0.3771325459317585 0.3316929133858268 0.3828740157480315 0.33806818181818177 0.39542748917748916 0.3502435064935065 0.3902867965367965
0 0.36040026246719153 0.36975065616797903 0.3508858267716535 0.37434383202099736 0.3517316017316017 0.3824404761904762 0.358759842519685 0.3858267716535433 0.3658008658008658 0.380275974025974
0 0.208754816955684 0.4253973988439307 0.19623073217726394 0.43334537572254345 0.20325520833333333 0.4446614583333333 0.2170640655105973 0.4385236030828517
0 0.21959296724470134 0.4440631021194605 0.2051421001926782 0.4523723506743738 0.21184895833333334 0.464453125 0.226171875 0.4571614583333333
0 0.22982899807321772 0.46260838150289024 0.216796875 0.47044270833333335 0.22296483622350674 0.4845255298651253 0.23560934489402696 0.47742052023121395
0 0.25150529865125243 0.450565992292871 0.23693400770712908 0.45863439306358383 0.24440028901734104 0.4720014450867053 0.2578877649325626 0.4658598265895954
0 0.2306719653179191 0.4145592485549133 0.21862957610789982 0.421302986512524 0.22525289017341038 0.433104527938343 0.23645231213872833 0.42780587668593456
0 0.2400650289017341 0.4346700385356455 0.22946772639691715 0.4405708092485549 0.2353684971098266 0.4509272639691715 0.24560452793834298 0.4457490366088632
0 0.5882626488095238 0.35456969246031744 0.5886966765873016 0.3521515376984127 0.5902467757936508 0.35060143849206343 0.593718998015873 0.3503534226190476 0.5953311011904762 0.35171750992063494 0.5963231646825397 0.3550037202380953 0.5952070932539683 0.3576078869047619 0.5909908234126984 0.35804191468253965 0.5892547123015873 0.35692584325396826
0 0.6266431051587301 0.35289558531746035 0.6278211805555555 0.3510974702380953 0.6302393353174603 0.3504154265873016 0.6330915178571429 0.3507874503968254 0.634951636904762 0.3533916170634921 0.6343315972222222 0.35692584325396826 0.6324094742063492 0.35847594246031744 0.6281312003968254 0.35797991071428575 0.6267051091269842 0.3559337797619047
0 0.636749751984127 0.3532056051587301 0.6370597718253967 0.3507254464285714 0.6396019345238095 0.34898933531746035 0.6430741567460317 0.3491753472222222 0.6450582837301587 0.35177951388888884 0.6446862599206349 0.3542596726190476 0.6433221726190476 0.3566778273809524 0.6399739583333334 0.35673983134920634 0.6381138392857143 0.35568576388888884
0 0.6373697916666666 0.33392237103174605 0.6346416170634921 0.3326202876984127 0.6337115575396826 0.3308221726190476 0.6338975694444445 0.3269779265873016 0.6364397321428571 0.3255518353174603 0.6399119543650794 0.32592385912698413 0.6420200892857143 0.3286520337301587 0.6414620535714286 0.3322482638888889 0.6397259424603174 0.3338603670634921
0 0.014027224435591042 0.3912682602921647 0.010541168658698604 0.3905212483399735 0.007636122177954914 0.3885292164674635 0.006308100929614942 0.3842131474103586 0.007138114209827424 0.38064409030544494 0.009047144754316143 0.37790504648074374 0.01369521912350604 0.3764940239043825 0.018426294820717205 0.3790670650730413 0.019920318725099667 0.38379814077025237 0.019754316069057178 0.3882802124833998
0 0.018924302788844695 0.40371845949535196 0.016600265604249743 0.4028884462151395 0.015189243027888514 0.40031540504648083 0.013861221779548542 0.3972443559096946 0.01626826029216474 0.39267928286852594 0.020999335989375895 0.39160026560424976 0.025066401062417067 0.3937583001328022 0.02622841965471454 0.3982403718459496 0.02581341301460829 0.40131142098273576 0.02348937583001335 0.4031374501992032
0 0.6897797418630751 0.5038229517396184 0.6885171156004489 0.5016484287317621 0.6887275533108866 0.498351571268238 0.6911826599326599 0.4958263187429855 0.6960928731762065 0.4960367564534231 0.6985479797979798 0.49877244668911336 0.6987584175084175 0.5024200336700336 0.6978465207631874 0.5050154320987655 0.694760101010101 0.5063482042648709 0.6909722222222222 0.5056467452300786
0 0.7070356341189675 0.500736531986532 0.7055625701459035 0.5005260942760943 0.7035283389450055 0.49912317620650953 0.703037317620651 0.4965277777777778 0.7041596520763187 0.4938622334455668 0.707526655443322 0.49273989898989895 0.7104026374859709 0.4942831088664423 0.7106130751964085 0.498070987654321 0.709280303030303 0.500105218855219
0 0.711314534231201 0.5128717732884399 0.7085086980920314 0.5141343995510662 0.7050014029180696 0.5128717732884399 0.7036686307519641 0.5099957912457913 0.7035984848484849 0.5067690796857464 0.7061938832772167 0.5036826599326599 0.7094205948372615 0.503402076318743 0.7123667227833894 0.5048751402918069 0.7139800785634118 0.5088734567901234 0.712787598204265 0.5118897306397306
0 0.7296829446064139 0.5152757531584061 0.7273748785228377 0.5163690476190476 0.7250060738581147 0.5155187074829932 0.7236090864917395 0.5135750728862973 0.7236698250728864 0.5104774052478134 0.7257956754130224 0.508655247813411 0.7285289115646258 0.5082908163265306 0.7310799319727891 0.5104774052478134 0.7313836248785228 0.5132713799805636
0 0.7315658406219631 0.5262694363459669 0.729439990281827 0.5269375607385811 0.7271319241982507 0.5259657434402332 0.7254312439261419 0.5239613702623906 0.7255527210884354 0.5214710884353742 0.7274963556851312 0.5192844995140914 0.7301688532555879 0.5189808066083577 0.7330843051506317 0.5208029640427599 0.7333272594752186 0.5234754616132168
0 0.7437742954324587 0.5088982021379981 0.7411625364431487 0.5101737123420796 0.7394618561710399 0.5099914965986394 0.7381863459669582 0.5087159863945578 0.7374574829931972 0.5067116132167152 0.7386722546161321 0.5044642857142857 0.7404944120505345 0.5035532069970845 0.7429239552964042 0.5039783770651117 0.7436528182701653 0.5063471817298347
0 0.7493015063168125 0.5092626336248786 0.7476615646258503 0.5085945092322643 0.7457179300291544 0.5073797376093294 0.7456571914480078 0.5049501943634597 0.7462645772594751 0.5031280369290573 0.7487548590864918 0.5025813896987366 0.7510021865889213 0.503674684159378 0.7518525267249757 0.5060434888241011 0.751062925170068 0.508655247813411
0 0.6005747126436782 0.13721264367816094 0.6012033045977012 0.1405352011494253 0.6001257183908046 0.14188218390804597 0.5984195402298851 0.14331896551724144 0.5950969827586208 0.1426903735632184 0.5937500000000001 0.14044540229885058 0.5939295977011495 0.1382004310344828 0.5955459770114943 0.1364044540229885 0.5977909482758621 0.13523706896551724 0.599676724137931 0.13568606321839083
0 0.5877334770114943 0.14484554597701152 0.5863864942528736 0.14816810344827588 0.5833333333333335 0.14978448275862075 0.5788433908045978 0.15005387931034486 0.5771372126436782 0.14789870689655174 0.5755208333333335 0.1445761494252874 0.5767780172413793 0.141253591954023 0.5787535919540231 0.13891882183908047 0.5819863505747127 0.13855962643678163 0.5855783045977012 0.1390984195402299 0.5871048850574713 0.14152298850574715
0 0.5710308908045978 0.15220905172413793 0.5691451149425287 0.15391522988505751 0.5667205459770115 0.15319683908045978 0.5642959770114943 0.15059267241379312 0.565014367816092 0.14798850574712646 0.5659123563218391 0.14664152298850577 0.5686063218390806 0.1454741379310345 0.5711206896551725 0.14718031609195406 0.572198275862069 0.14933548850574715
0 0.5658225574712644 0.141253591954023 0.5637571839080461 0.14170258620689655 0.561242816091954 0.14143318965517243 0.5589978448275862 0.13999640804597704 0.5567528735632185 0.1376616379310345 0.5572916666666667 0.13353089080459773 0.5604346264367817 0.1303879310344828 0.5655531609195403 0.13074712643678163 0.5680675287356323 0.13406968390804597 0.569055316091954 0.13757183908045978 0.5674389367816092 0.14089439655172417
0 0.5479525862068966 0.13882902298850577 0.5454382183908046 0.13882902298850577 0.5431034482758621 0.13757183908045978 0.5429238505747127 0.13442887931034486 0.5452586206896552 0.1331716954022989 0.5484015804597702 0.13362068965517243 0.5495689655172414 0.13694324712643682
0 0.5380747126436782 0.14197198275862075 0.5358297413793104 0.14233117816091959 0.534392959770115 0.14143318965517243 0.5330459770114943 0.13945761494252878 0.5334949712643678 0.13739224137931036 0.5353807471264368 0.13577586206896555 0.5382543103448276 0.13604525862068967 0.5398706896551725 0.13793103448275862 0.5396012931034484 0.1405352011494253
0 0.5400502873563219 0.14996408045977017 0.5379849137931035 0.15113146551724144 0.5354705459770115 0.15059267241379312 0.5339439655172414 0.1487966954022989 0.5345725574712644 0.14646192528735635 0.5368175287356323 0.14529454022988508 0.5397808908045978 0.14628232758620693
0 0.5497485632183909 0.1488864942528736 0.5488505747126436 0.14924568965517243 0.5467852011494253 0.14897629310344832 0.5451688218390806 0.1470905172413793 0.5454382183908046 0.14493534482758624 0.5474137931034484 0.14304956896551724 0.5496587643678161 0.14331896551724144 0.5508261494252874 0.14475574712643682 0.5513649425287357 0.1470905172413793
0 0.5448994252873564 0.15948275862068967 0.5431932471264368 0.16011135057471265 0.5410380747126436 0.1596623563218391 0.5396012931034484 0.1582255747126437 0.5392420977011495 0.15651939655172417 0.5408584770114943 0.15427442528735635 0.5439116379310345 0.1538254310344828 0.545617816091954 0.1549030172413793 0.5464260057471264 0.15777658045977017
0 0.3887061403508772 0.39406676413255365 0.3863913255360624 0.39565058479532167 0.3833455165692008 0.394432261208577 0.3813961988304094 0.3916301169590644 0.38237085769980506 0.3877314814814815 0.38553849902534115 0.3862694931773879 0.38894980506822613 0.3877314814814815 0.3906554580896687 0.3904117933723197
0 0.4074683235867446 0.39053362573099415 0.403082358674464 0.3904117933723197 0.40064571150097467 0.38724415204678364 0.4017422027290449 0.3833455165692008 0.40393518518518523 0.3817616959064328 0.4083211500974659 0.3824926900584795 0.4091739766081871 0.3868786549707603
0 0.27403846153846156 0.36458333333333326 0.27067307692307696 0.36666666666666664 0.2671474358974359 0.36570512820512824 0.26506410256410257 0.36153846153846153 0.26666666666666666 0.35689102564102565 0.27147435897435895 0.35496794871794873 0.2748397435897436 0.35801282051282046 0.2764423076923077 0.3636217948717949
0 0.18325617283950615 0.47885802469135796 0.18248456790123455 0.48202160493827156 0.18055555555555558 0.48418209876543206 0.17731481481481481 0.4844135802469135 0.17438271604938269 0.4834876543209876 0.17307098765432097 0.4809413580246913 0.17276234567901236 0.47870370370370363 0.17376543209876544 0.47554012345679003 0.17677469135802468 0.4739969135802468 0.18101851851851852 0.47422839506172837 0.18294753086419754 0.4770061728395061
