0 0.2618701550387597 0.1484980620155039 0.23861434108527135 0.1596414728682171 0.24733527131782945 0.1799903100775194 0.2705910852713178 0.17223837209302326
0 0.28184523809523815 0.4941964285714286 0.26696428571428577 0.5007440476190477 0.2735119047619048 0.515625 0.2891369047619048 0.5096726190476191
0 0.2985119047619048 0.48660714285714285 0.28571428571428575 0.4928571428571429 0.2854166666666667 0.49940476190476196 0.29092261904761907 0.5077380952380953 0.3041666666666667 0.5023809523809524
0 0.29144103489771356 0.5152677496991577 0.2837695547533093 0.513086642599278 0.2770006016847172 0.5169223826714802 0.2766245487364621 0.5271510228640193 0.28564981949458484 0.5305354993983152 0.2936221419975933 0.5253459687123947
0 0.30440330363771345 0.5057303266518189 0.29224665924276166 0.5109734595397178 0.2933138455827765 0.518768559762435 0.29874257609502597 0.5239652932442465 0.30885764662212317 0.5214597253155159 0.3096000371195249 0.5129686340014848
0 0.29566885964912276 0.5287828947368421 0.28229166666666666 0.5348135964912281 0.28591008771929827 0.5480811403508772 0.2962171052631579 0.5484100877192982 0.3021381578947368 0.540405701754386
0 0.3114666005291005 0.5227761243386244 0.298817791005291 0.5287285052910053 0.3015046296296296 0.5374917328042328 0.30753968253968256 0.5419560185185186 0.3167162698412698 0.5368716931216931 0.31634424603174605 0.5294725529100529
0 0.42164304993252366 0.507085020242915 0.40806342780026994 0.512314439946019 0.4128711201079623 0.5275809716599191 0.4284750337381917 0.5210863697705803
0 0.407810391363023 0.5154352226720648 0.39979757085020245 0.514929149797571 0.3943151147098516 0.521002024291498 0.3967611336032389 0.5312078272604589 0.4061234817813766 0.5316295546558705 0.41126855600539813 0.5279183535762484 0.4104685143288085 0.5205740950226245
0 0.2655149647887324 0.5329005281690141 0.27336414319248825 0.5340742370892019 0.274831279342723 0.5408964201877935 0.2707232981220657 0.5450044014084507 0.26500146713615025 0.5454445422535211 0.2611135563380282 0.5384022887323945
0 0.25464975845410626 0.53743961352657 0.2502415458937198 0.5420893719806763 0.2518719806763285 0.5487318840579709 0.2584541062801932 0.5503019323671497 0.26352657004830915 0.5454106280193236 0.2603864734299517 0.5385265700483091
0 0.27137681159420285 0.546074879227053 0.2775966183574879 0.5456521739130434 0.27952898550724636 0.5541062801932367 0.2751207729468599 0.5577898550724637 0.26914251207729467 0.5568236714975845 0.26594202898550723 0.5495772946859904
0 0.2609903381642512 0.5496376811594202 0.26594202898550723 0.5513888888888888 0.26805555555555555 0.5575483091787439 0.2640096618357488 0.5618357487922704 0.25809178743961353 0.5614130434782608 0.2560990338164251 0.5586956521739129 0.2560990338164251 0.5532608695652173
0 0.24855072463768116 0.5545289855072463 0.243719806763285 0.5583937198067632 0.24553140096618353 0.5653985507246376 0.2519927536231884 0.5669082125603864 0.2564613526570048 0.5616545893719807 0.2544685990338164 0.5554951690821255
0 0.243719806763285 0.5420893719806763 0.23882850241545892 0.546256038647343 0.24039855072463767 0.5533212560386473 0.24655797101449275 0.5546497584541062 0.2513285024154589 0.5507246376811594 0.24957729468599033 0.5432367149758454
0 0.1661370056497175 0.9013064971751413 0.1751412429378531 0.9039548022598871 0.17778954802259886 0.9141949152542375 0.17143361581920905 0.9203742937853108 0.1618997175141243 0.9193149717514126 0.158545197740113 0.9099576271186441
0 0.1816737288135593 0.891419491525424 0.1753177966101695 0.899717514124294 0.1793785310734463 0.9085451977401131 0.1876765536723164 0.9106638418079097 0.1922669491525424 0.9062500000000002 0.19209039548022597 0.8935381355932204
0 0.1998587570621469 0.8838276836158193 0.19438559322033896 0.8910663841807911 0.19579802259887003 0.9002471751412431 0.20462570621468928 0.9032485875706217 0.2111581920903955 0.8983050847457628 0.21133474576271188 0.8880649717514126
0 0.16490112994350284 0.9223163841807911 0.158545197740113 0.9288488700564973 0.16242937853107345 0.9382062146892656 0.1717867231638418 0.939265536723164 0.1784957627118644 0.9325564971751413 0.17355225988700562 0.924081920903955
0 0.18149717514124294 0.9133121468926555 0.19050141242937854 0.9140183615819211 0.1942090395480226 0.9214336158192092 0.18891242937853106 0.9306144067796612 0.18008474576271188 0.9306144067796612 0.1753177966101695 0.9221398305084747
0 0.16913841807909605 0.9403248587570623 0.1652542372881356 0.9516242937853108 0.1716101694915254 0.9576271186440679 0.1839689265536723 0.9558615819209041 0.18379237288135594 0.9468573446327685 0.17884887005649716 0.9401483050847459
0 0.20462570621468928 0.9104872881355933 0.19526836158192093 0.9163135593220341 0.19809322033898308 0.9279661016949154 0.21098163841807907 0.9246115819209041
0 0.21769067796610167 0.9036016949152544 0.20709745762711868 0.9099576271186441 0.2131002824858757 0.9212570621468927 0.22334039548022597 0.9179025423728816
0 0.1922669491525424 0.9295550847457628 0.2005649717514124 0.9341454802259889 0.20091807909604523 0.9442090395480227 0.19138418079096045 0.9496822033898307 0.18361581920903955 0.9438559322033899 0.1827330508474576 0.9362641242937855
0 0.2055084745762712 0.9276129943502827 0.2023305084745763 0.9325564971751413 0.2055084745762712 0.9399717514124294 0.21433615819209037 0.9389124293785313 0.2155720338983051 0.9327330508474578 0.21257062146892655 0.9284957627118645
0 0.2189280626780627 0.9202279202279203 0.21474358974358973 0.9263710826210826 0.21866096866096868 0.933048433048433 0.2256054131054131 0.9332264957264957 0.22943376068376067 0.9278846153846154 0.22631766381766383 0.9204059829059829
0 0.23317307692307693 0.8882656695156695 0.21821581196581197 0.8946759259259259 0.22524928774928776 0.9088319088319088 0.23940527065527065 0.902866809116809
0 0.24002849002849003 0.9061609686609686 0.22676282051282054 0.912037037037037 0.23299501424501423 0.9290420227920227 0.2459045584045584 0.9226317663817664 0.24412393162393162 0.912571225071225
0 0.24946581196581197 0.8763354700854702 0.23522079772079774 0.8828347578347578 0.24189814814814814 0.8972578347578347 0.2571225071225071 0.8916488603988605
0 0.25765669515669515 0.8946759259259259 0.2410968660968661 0.9017094017094016 0.24866452991452992 0.9158653846153846 0.2638888888888889 0.9102564102564104
0 0.25587606837606836 0.870014245014245 0.2524928774928775 0.8774928774928774 0.2570334757834758 0.8841702279202278 0.26851851851851855 0.8806089743589745 0.2668269230769231 0.8704594017094016
0 0.2621972934472934 0.8839921652421653 0.2581908831908832 0.889957264957265 0.2610398860398861 0.8977029914529915 0.2677172364672365 0.8975249287749288 0.2723468660968661 0.8929843304843305 0.2702991452991453 0.8843482905982906
0 0.26985398860398857 0.8978810541310541 0.2640669515669516 0.901798433048433 0.26664886039886043 0.9123041310541311 0.27822293447293445 0.9093660968660968 0.2778668091168091 0.8992165242165242
0 0.2794699367088608 0.8523866033755274 0.2682621308016878 0.8592431434599155 0.2741956751054852 0.8703190928270043 0.28500791139240506 0.8639899789029535
0 0.2859309071729958 0.8680775316455696 0.2753823839662447 0.8719013713080168 0.27867879746835444 0.8831091772151899 0.2902821729957806 0.8796809071729957
0 0.2908095991561181 0.8820543248945146 0.2803929324894514 0.8866693037974683 0.28513976793248946 0.8968222573839661 0.296215717299578 0.8929984177215189
0 0.29054588607594933 0.8969541139240504 0.2864583333333333 0.902887658227848 0.28988660337552746 0.910007911392405 0.29832542194092826 0.9097441983122362 0.3012262658227848 0.9038106540084387 0.2985891350210971 0.8968222573839661
0 0.29713871308016876 0.8423655063291138 0.28790875527426163 0.84645305907173 0.2927874472573839 0.8548918776371308 0.3006988396624472 0.8517273206751054
0 0.29700685654008435 0.8548918776371308 0.2931830168776371 0.8600342827004219 0.29819356540084385 0.8651766877637129 0.3047863924050633 0.863462552742616 0.3043908227848101 0.8559467299578059
0 0.3012262658227848 0.8660996835443037 0.2974024261603375 0.8693960970464135 0.2996439873417721 0.8766482067510547 0.3095332278481013 0.8742747890295358 0.3083465189873417 0.8663633966244726
0 0.30531381856540085 0.876384493670886 0.3024129746835443 0.8813950421940927 0.3054456751054852 0.8870648734177213 0.31256592827004215 0.8861418776371308 0.31362078059071724 0.87770305907173
0 0.3099287974683544 0.8874604430379746 0.3066323839662447 0.8929984177215189 0.3100606540084388 0.8984045358649788 0.3181039029535864 0.8974815400843881 0.3177083333333333 0.8887790084388185
0 0.32561972573839665 0.8856144514767933 0.3194224683544304 0.8878560126582278 0.32008175105485226 0.8936577004219409 0.32680643459915615 0.8931302742616034
0 0.3214003164556962 0.8790216244725737 0.3161260548523206 0.8812631856540084 0.3171809071729958 0.8866693037974683 0.32456487341772144 0.8849551687763711
0 0.3154667721518987 0.8725606540084387 0.313884493670886 0.874670358649789 0.3155986286919831 0.878757911392405 0.3206091772151899 0.8783623417721519 0.32126845991561176 0.8733517932489451 0.32232331223628685 0.8717695147679325
0 0.3120231807511737 0.8640331572769954 0.30996919014084506 0.8676276408450705 0.3121698943661972 0.8716622652582161 0.31627787558685444 0.8709286971830986 0.3176716549295775 0.8695349178403756 0.3169380868544601 0.8648400821596245
0 0.3082819835680751 0.8551569835680752 0.306081279342723 0.8589715375586855 0.3079885563380282 0.8636663732394367 0.3152508802816901 0.8615390258215964 0.31481073943661975 0.85662411971831
0 0.3057144953051643 0.8465008802816902 0.3024867957746479 0.8497285798122067 0.30483421361502344 0.8553770539906104 0.3126100352112676 0.8530296361502349 0.310556044600939 0.8479680164319249
0 0.30160651408450706 0.8374046361502349 0.2983788145539906 0.8412925469483569 0.30145980046948356 0.8468676643192489 0.30872212441314556 0.8445936032863851 0.3081352699530516 0.8394586267605634
0 0.3346904342723005 0.8638864436619719 0.3305824530516432 0.8688013497652582 0.33234301643192493 0.8754768192488265 0.34004548122065725 0.8769439553990611 0.3441534624413146 0.8725425469483569 0.34173268779342725 0.8646200117370892
0 0.328675176056338 0.8493617957746479 0.32456719483568075 0.8554504107981222 0.32772153755868544 0.8621258802816902 0.33586414319248825 0.8625660211267607 0.33857834507042256 0.8576511150234744 0.3361575704225352 0.8506088615023475
0 0.32295334507042256 0.8360842136150236 0.3184052230046948 0.8413659037558686 0.32265991784037557 0.8487015845070424 0.3308758802816901 0.8471610915492958 0.3330032276995305 0.8424662558685446 0.330068955399061 0.8360108568075119
0 0.31745158450704225 0.821486208920188 0.31363703051643194 0.8271346830985916 0.3163512323943662 0.834323650234742 0.3253007629107981 0.8338101525821597 0.32786825117370894 0.8286751760563381 0.3242737676056338 0.8226599178403756
0 0.3310959507042253 0.8153242370892019 0.327574823943662 0.8213394953051644 0.32992224178403756 0.8280883215962442 0.3376980633802817 0.828161678403756 0.3411458333333333 0.8244938380281691 0.33945862676056343 0.8170848004694837
0 0.3359375 0.8298488849765259 0.3322696596244132 0.837111208920188 0.3365977112676056 0.8429063967136151 0.34452024647887325 0.8420261150234744 0.348774941314554 0.8363776408450705 0.3448136737089202 0.8309492370892019
0 0.3426863262910798 0.8441534624413145 0.33843163145539906 0.8492884389671362 0.3410724765258216 0.8559639084507042 0.3491417253521127 0.8569909037558686 0.3531029929577465 0.8522227112676057 0.35104900234741787 0.8455472417840375
0 0.35596390845070425 0.816424589201878 0.35075557511737093 0.8239069835680752 0.35464348591549294 0.8323430164319249 0.3673342136150235 0.8302890258215964 0.3661605046948357 0.8185519366197184
0 0.3624926643192488 0.8326364436619719 0.35662411971830993 0.8386517018779343 0.3610988849765258 0.847381161971831 0.37041519953051644 0.8474545187793427 0.37481660798122063 0.8405589788732395 0.3719556924882629 0.8339568661971831
0 0.36777435446009393 0.8481147300469485 0.363006161971831 0.85493691314554 0.36638057511737093 0.8624193075117371 0.37525674882629106 0.8632262323943662 0.380024941314554 0.8583846830985916 0.3766505281690141 0.8489950117370892
0 0.3481880868544601 0.8588248239436621 0.3440801056338028 0.8638130868544601 0.34701437793427226 0.8707086267605634 0.3562573356807512 0.8721757629107982 0.35911825117370894 0.8652802230046949 0.3558171948356808 0.8574310446009391
0 0.2300646551724138 0.5133500957854406 0.22611350574712646 0.5182590996168582 0.22886733716475097 0.5244851532567051 0.2358117816091954 0.5252035440613028 0.23976293103448276 0.5208931992337165 0.2374880268199234 0.5135895593869731
0 0.2426364942528736 0.5079621647509579 0.2380866858237548 0.5126317049808429 0.24072078544061304 0.51981561302682 0.24778496168582373 0.5201748084291188 0.25125718390804597 0.517301245210728 0.24874281609195403 0.5091594827586208
0 0.2534123563218391 0.5035320881226053 0.2502993295019157 0.509279214559387 0.25221503831417624 0.5150263409961686 0.2589200191570881 0.5158644636015326 0.26263170498084293 0.511793582375479 0.2613146551724138 0.5052083333333334
0 0.24142512077294687 0.5240338164251207 0.23128019323671495 0.5278381642512077 0.23484299516908214 0.538707729468599 0.24559178743961355 0.5350845410628019
0 0.252475845410628 0.5194444444444444 0.24257246376811595 0.5234299516908212 0.24679951690821256 0.5345410628019323 0.2576086956521739 0.5303140096618356
0 0.2642512077294686 0.5147342995169081 0.2530797101449275 0.5192028985507245 0.25821256038647344 0.529891304347826 0.2682971014492754 0.5260869565217391
0 0.31938014403292186 0.47858796296296297 0.30561985596707825 0.4852752057613169 0.3121784979423869 0.4989068930041153 0.32568158436213995 0.4942772633744857
0 0.33635545267489714 0.4711291152263375 0.3215663580246914 0.4783307613168725 0.3287680041152264 0.4933770576131688 0.34304269547325106 0.48810442386831276
0 0.3438143004115227 0.48977623456790126 0.329539609053498 0.49492026748971196 0.33391203703703703 0.5081661522633745 0.3421424897119342 0.5080375514403292 0.34908693415637865 0.5034079218106996
0 0.32683899176954734 0.49684927983539096 0.3111496913580247 0.502636316872428 0.318479938271605 0.5157536008230453 0.3270961934156379 0.5142103909465021 0.3328832304526749 0.5106095679012346 0.3317258230452675 0.5050797325102881
0 0.3337834362139918 0.5140817901234568 0.31976594650205764 0.5197402263374487 0.3254243827160494 0.534400720164609 0.3402134773662552 0.5298996913580247 0.3382844650205762 0.5216692386831276
0 0.3431712962962963 0.5095807613168724 0.337255658436214 0.5157536008230453 0.34137088477366256 0.5251414609053497 0.34998713991769553 0.5253986625514403 0.3551311728395062 0.520383230452675 0.3537165637860083 0.5106095679012346
0 0.37673611111111116 0.5244984567901234 0.3692772633744857 0.5277134773662552 0.37416409465020584 0.5345293209876544 0.37995113168724276 0.531957304526749
0 0.3856345885634589 0.5207461645746164 0.3783124128312413 0.5246687587168758 0.38110181311018126 0.5314679218967922 0.38807531380753135 0.5292015341701534
0 0.3805506651017215 0.5331328247261347 0.3762470657276996 0.5339642018779343 0.3742908841940532 0.5367028560250392 0.3762470657276996 0.5416911189358373 0.3808929968701095 0.5416911189358373 0.3827024647887325 0.5392947965571205
0 0.38500097809076683 0.5306875978090767 0.38236013302034433 0.5336707746478874 0.384120696400626 0.5379254694835681 0.38837539123630677 0.5384634194053208 0.3910651408450705 0.5358225743348983 0.3895001956181534 0.5308343114241002 0.3895001956181534 0.5308343114241002
0 0.4335154826958106 0.5038706739526412 0.42400956284153 0.5095059198542805 0.428221766848816 0.518556466302368 0.4381830601092896 0.5159949908925319 0.4365323315118397 0.5086520947176685
0 0.4260587431693989 0.4855988160291439 0.41547131147540983 0.4902094717668488 0.4202527322404372 0.5006830601092896 0.43032786885245905 0.4972108378870674
0 0.4132513661202186 0.49055100182149364 0.4048269581056467 0.4952755009107468 0.40915300546448086 0.5047244990892532 0.4173497267759563 0.5017645719489982 0.41712204007285975 0.4955601092896175
0 0.3978825136612022 0.4969262295081967 0.3941826047358834 0.5010245901639344 0.39674408014571955 0.506773679417122 0.4022085610200365 0.5082536429872495 0.40613615664845176 0.5038706739526412 0.40431466302367947 0.4966985428051002
0 0.41643897996357016 0.47563752276867033 0.4123406193078324 0.480134335154827 0.41501593806921677 0.48650956284153 0.4211634790528233 0.4866803278688525 0.4241803278688525 0.4830373406193078 0.4232126593806922 0.4767190346083789
0 0.4048838797814208 0.48007741347905286 0.40095628415300544 0.48542805100182146 0.40334699453551914 0.4902663934426229 0.40915300546448086 0.4914048269581056 0.41308060109289624 0.4877049180327869 0.41120218579234974 0.48121584699453557
0 0.3929872495446266 0.48474499089253187 0.3891165755919854 0.4908925318761384 0.3929872495446266 0.49635701275045535 0.3990209471766849 0.49544626593806923 0.402037795992714 0.491120218579235 0.3995332422586521 0.4855418943533698
0 0.3862135701275046 0.5013091985428051 0.3829121129326048 0.5072290528233151 0.38598588342440804 0.5120673952641166 0.3920195810564663 0.5120104735883424 0.394865664845173 0.5078551912568305 0.39321493624772313 0.5017076502732241
0 0.3760245901639344 0.5052937158469946 0.3715277777777778 0.5096197632058288 0.37329234972677594 0.5148565573770492 0.379212204007286 0.5172472677595629 0.38302595628415304 0.5133765938069217 0.3820013661202186 0.5073998178506376
0 0.4132267441860465 0.4635174418604652 0.4078003875968992 0.4680717054263566 0.4105135658914729 0.4749515503875969 0.4149709302325581 0.4755329457364342 0.42059108527131783 0.47291666666666676 0.4198158914728682 0.4650678294573644
0 0.23552489177489175 0.17748917748917747 0.2195616883116883 0.18303571428571425 0.22646103896103895 0.19886363636363635 0.24093614718614717 0.19426406926406925
0 0.22800925925925927 0.1790962157809984 0.23314210950080516 0.17325885668276972 0.22891505636070855 0.1628925120772947 0.22015901771336555 0.16188607085346216 0.21542874396135267 0.16933373590982284 0.21744162640901774 0.17919685990338166
0 0.26325757575757575 0.11277548209366392 0.2487947658402204 0.11794077134986225 0.25327134986225897 0.13137052341597794 0.262568870523416 0.13068181818181818 0.2668732782369146 0.12586088154269973
0 0.290633608815427 0.09969008264462809 0.2737603305785124 0.10812672176308538 0.28013085399449034 0.12069559228650135 0.2911501377410468 0.11914600550964186 0.29545454545454547 0.1143250688705234
0 0.3090564738292011 0.09211432506887052 0.30268595041322316 0.09951790633608815 0.3068181818181818 0.10812672176308538 0.31697658402203854 0.10915977961432508 0.321625344352617 0.10347796143250688 0.31990358126721763 0.09383608815426997
0 0.30785123966942146 0.06146694214876032 0.2890840220385675 0.06973140495867769 0.29614325068870523 0.08264462809917356 0.31181129476584024 0.07868457300275482
0 0.2784090909090909 0.0728305785123967 0.2630853994490358 0.07885674931129476 0.26825068870523416 0.09297520661157024 0.2837465564738292 0.0893595041322314
0 0.30010330578512395 0.040633608815426984 0.2815082644628099 0.04803719008264462 0.2901170798898072 0.06387741046831956 0.30578512396694213 0.057506887052341596
0 0.2572314049586777 0.08918732782369146 0.24638429752066116 0.09435261707988979 0.25086088154269975 0.10382231404958678 0.25946969696969696 0.09986225895316803
0 0.32765151515151514 0.12362258953168043 0.31869834710743805 0.12723829201101927 0.3224862258953168 0.13533057851239666 0.331267217630854 0.1330922865013774
0 0.35505698005698005 0.535434472934473 0.34926994301994296 0.5382834757834758 0.3520299145299145 0.5438034188034189 0.35710470085470086 0.5416666666666667
0 0.35835113960113957 0.5430911680911682 0.35247507122507127 0.545673076923077 0.35550213675213677 0.5521723646723647 0.3607549857549858 0.550124643874644
0 0.36191239316239315 0.5322293447293448 0.3558582621082621 0.5355235042735044 0.35835113960113957 0.5407763532763533 0.364227207977208 0.5390847578347578
0 0.3648504273504274 0.5410434472934473 0.359241452991453 0.5431801994301995 0.3614672364672365 0.5488782051282052 0.36778846153846156 0.5468304843304844
0 0.3261217948717949 0.556445868945869 0.3211360398860399 0.5592948717948718 0.3241631054131054 0.5640135327635328 0.32897079772079774 0.5621438746438747
0 0.31861056430446194 0.5596292650918635 0.3209891732283464 0.5599163385826772 0.3223015091863517 0.5622129265091864 0.32094816272965876 0.5650426509186351 0.31787237532808393 0.5650426509186351 0.31651902887139105 0.562869094488189 0.3165600393700787 0.5611466535433072
0 0.31286909448818895 0.5619258530183727 0.3104904855643044 0.5642224409448818 0.3122129265091863 0.5673802493438321 0.31541174540682415 0.5679133858267716 0.3170931758530184 0.5656578083989501 0.31541174540682415 0.5620488845144358
0 0.8033653846153846 0.4753205128205128 0.7863782051282051 0.4783653846153845 0.7916666666666665 0.49583333333333324 0.8083333333333332 0.4921474358974358
0 0.8267628205128206 0.47211538461538455 0.8075320512820513 0.47708333333333325 0.8128205128205128 0.4907051282051282 0.828525641025641 0.48926282051282044
0 0.8086538461538462 0.49535256410256406 0.7918269230769229 0.4988782051282051 0.7939102564102563 0.5128205128205128 0.8108974358974358 0.5125
0 0.8096153846153846 0.5153846153846153 0.7948717948717947 0.5177884615384615 0.7983974358974358 0.5322115384615383 0.8131410256410255 0.5290064102564103
0 0.8213141025641025 0.49150641025641023 0.8126602564102563 0.49951923076923077 0.8165064102564102 0.5080128205128205 0.8280448717948717 0.5102564102564102 0.8323717948717948 0.5043269230769231 0.8282696759259259 0.4952256944444445
0 0.8334935897435896 0.5107371794871794 0.8176282051282051 0.5149038461538461 0.8216346153846154 0.5274038461538462 0.8350961538461539 0.5245192307692308
0 0.766826923076923 0.4823717948717948 0.7538461538461537 0.4873397435897436 0.7591346153846152 0.5004807692307691 0.7714743589743588 0.4961538461538461
0 0.7810897435897436 0.4943910256410256 0.7700320512820513 0.5003205128205128 0.7748397435897435 0.5081730769230769 0.7833333333333332 0.5062499999999999
0 0.7685897435897435 0.5036858974358974 0.7554487179487178 0.5092948717948718 0.7613782051282051 0.5208333333333333 0.7709935897435896 0.5152243589743589
0 0.784775641025641 0.5088141025641025 0.7733974358974358 0.5107371794871794 0.7756410256410255 0.5213141025641025 0.7844551282051281 0.5201923076923076
0 0.7705128205128206 0.5217948717948717 0.7625 0.5270833333333332 0.7641025641025639 0.5352564102564102 0.772275641025641 0.5379807692307691 0.7769230769230769 0.5355769230769231 0.7775641025641025 0.525801282051282
0 0.8679487179487181 0.502724358974359 0.851602564102564 0.5083333333333332 0.8573717948717948 0.5217948717948717 0.8701923076923077 0.5189102564102563
0 0.8493589743589743 0.4921474358974358 0.8383012820512821 0.49487179487179483 0.8419871794871795 0.5046474358974358 0.8535256410256411 0.5012820512820512
0 0.8467948717948718 0.47884615384615375 0.8368589743589743 0.4823717948717948 0.8399038461538462 0.491025641025641 0.8496794871794872 0.48958333333333326
0 0.8655448717948718 0.4889423076923076 0.8535256410256411 0.49262820512820504 0.8560897435897437 0.5008012820512819 0.8618589743589744 0.5012820512820512 0.8673076923076922 0.4983974358974358
0 0.8625 0.47548076923076915 0.8511217948717947 0.4801282051282051 0.8544871794871796 0.4887820512820512 0.8641025641025641 0.4868589743589743
0 0.8871794871794872 0.5046474358974358 0.8774038461538463 0.5067307692307691 0.8807692307692307 0.5169871794871794 0.8903846153846154 0.5155448717948717
0 0.9059294871794873 0.49855769230769226 0.892147435897436 0.5017628205128204 0.8950320512820514 0.5144230769230769 0.908173076923077 0.5120192307692307
0 0.9024038461538463 0.48541666666666655 0.8895833333333333 0.49086538461538454 0.8950320512820514 0.4988782051282051 0.9048076923076923 0.4955128205128204
0 0.9003205128205128 0.47179487179487173 0.8895833333333333 0.47451923076923075 0.891826923076923 0.4850961538461538 0.9014423076923077 0.4834935897435897
0 0.897596153846154 0.45801282051282044 0.8862179487179488 0.46346153846153837 0.8905448717948719 0.4719551282051282 0.8993589743589744 0.46955128205128194
0 0.04775641025641025 0.1607371794871795 0.04246794871794872 0.1684294871794872 0.04583333333333332 0.1778846153846154 0.05400641025641026 0.17804487179487177 0.061378205128205125 0.17291666666666666 0.058173076923076925 0.16330128205128205
0 0.08253205128205128 0.17259615384615387 0.0671474358974359 0.17948717948717952 0.0735576923076923 0.1939102564102564 0.08846153846153845 0.18830128205128205
0 0.09647435897435896 0.16794871794871796 0.08557692307692308 0.17419871794871797 0.09054487179487179 0.1860576923076923 0.10032051282051281 0.18205128205128204
0 0.13028846153846155 0.15320512820512822 0.11394230769230769 0.16041666666666668 0.12099358974358973 0.17580128205128204 0.13637820512820512 0.1700320512820513
0 0.08092948717948717 0.12756410256410258 0.06858974358974358 0.1346153846153846 0.07483974358974359 0.1461538461538462 0.08733974358974358 0.13990384615384618
0 0.04374999999999999 0.11410256410256409 0.030128205128205122 0.12003205128205129 0.03573717948717948 0.1357371794871795 0.04951923076923077 0.12932692307692306
0 0.05913461538461539 0.10769230769230768 0.04567307692307692 0.11362179487179484 0.04727564102564101 0.12163461538461538 0.05288461538461539 0.12708333333333333 0.06426282051282049 0.12275641025641026
0 0.1028846153846154 0.09198717948717948 0.09246794871794872 0.0969551282051282 0.09711538461538462 0.10753205128205129 0.10689102564102565 0.10384615384615384
0 0.08637820512820513 0.09903846153846152 0.07580128205128206 0.10336538461538461 0.0810897435897436 0.11394230769230769 0.09246794871794872 0.11057692307692307
0 0.0649928774928775 0.10683760683760686 0.06178774928774929 0.11306980056980057 0.06436965811965811 0.11769943019943019 0.07086894586894589 0.1184116809116809 0.0743411680911681 0.1146723646723647 0.07211538461538461 0.10817307692307693
0 0.034375 0.07996323529411765 0.026041666666666668 0.0863357843137255 0.03069852941176471 0.09613970588235295 0.04136029411764705 0.09613970588235295 0.04454656862745099 0.08829656862745099 0.04319852941176471 0.08339460784313726
0 0.04564950980392157 0.06807598039215686 0.03572303921568628 0.07420343137254903 0.039031862745098046 0.08069852941176471 0.04466911764705882 0.08229166666666667 0.04883578431372548 0.07886029411764706
0 0.06158088235294119 0.061703431372549036 0.05202205882352942 0.06819852941176471 0.05582107843137256 0.07653186274509804 0.06623774509803923 0.07334558823529413
0 0.07935049019607843 0.05557598039215686 0.0673406862745098 0.06145833333333333 0.0721200980392157 0.0710171568627451 0.08143382352941177 0.0667279411764706
0 0.08400735294117648 0.07236519607843138 0.0735906862745098 0.07714460784313727 0.07959558823529413 0.08694852941176472 0.08841911764705884 0.08216911764705884
0 0.06868872549019608 0.0789828431372549 0.0585171568627451 0.08302696078431372 0.06256127450980394 0.09479166666666666 0.0721200980392157 0.09025735294117647
0 0.044313063063063055 0.09059684684684684 0.04724099099099098 0.0865990990990991 0.05309684684684684 0.08761261261261262 0.05563063063063063 0.0928490990990991 0.05191441441441442 0.09797297297297297 0.04650900900900902 0.09769144144144144 0.043918918918918914 0.09391891891891892
0 0.0604432059447983 0.029923036093418245 0.05009288747346072 0.03257696390658173 0.05513535031847134 0.04027335456475584 0.06031050955414012 0.036823248407643304
0 0.05075636942675158 0.04067144373673036 0.046775477707006366 0.04345806794055202 0.04956210191082801 0.05075636942675158 0.05672770700636941 0.04757165605095542 0.05566613588110402 0.04345806794055202
0 0.06835247349823323 0.03419464075382804 0.06143256772673734 0.03743374558303888 0.06496613663133098 0.04442726737338045 0.07114988221436985 0.041482626619552425
0 0.07924764428739693 0.029630447585394595 0.07129711425206126 0.033826560659599526 0.0742417550058893 0.040231154299175495 0.08248674911660778 0.037728209658421684
0 0.06194787985865724 0.015275323910482932 0.05686837455830389 0.019986749116607784 0.060254711425206116 0.024403710247349827 0.06481890459363959 0.024330094228504122 0.0671010011778563 0.020502061248527687 0.06629122497055359 0.018146348645465254
0 0.0659231448763251 0.005778857479387523 0.06128533568904595 0.009680506478209665 0.06356743227326266 0.014391931684334516 0.06989840989399294 0.014171083627797417 0.07210689045936397 0.009827738515901067 0.07063457008244994 0.007913722025912845
0 0.07460983510011777 0.01969228504122498 0.06717461719670201 0.02359393404004712 0.07034010600706714 0.029777679623085983 0.07696554770318022 0.026906654888103662
0 0.13423183254344395 0.07943325434439177 0.1212973933649289 0.08525868878357029 0.12899881516587677 0.09661334913112164 0.13946484992101105 0.09059044233807267
0 0.15052330173775672 0.07291666666666669 0.13758886255924171 0.07963072669826224 0.14578396524486573 0.08980055292259084 0.1537815955766193 0.085554897314376
0 0.1661236176935229 0.0668937598736177 0.154077804107425 0.07242298578199051 0.1600019747235387 0.08279028436018958 0.16997432859399686 0.07745853080568721
0 0.11860994397759105 0.05269607843137255 0.11011904761904764 0.056985294117647065 0.11537114845938376 0.06416316526610645 0.12228641456582631 0.060399159663865554
0 0.13419117647058826 0.059348739495798324 0.12622549019607845 0.06285014005602241 0.1289390756302521 0.06950280112044817 0.13611694677871153 0.06740196078431374
0 0.15432422969187673 0.05050770308123249 0.14627100840336135 0.05444677871148458 0.15047268907563027 0.061799719887955185 0.15730042016806725 0.0589985994397759
0 0.12937675070028012 0.048406862745098034 0.12062324929971989 0.05243347338935575 0.1260504201680672 0.05952380952380953 0.133140756302521 0.056022408963585436
0 0.10446859903381647 0.019474637681159486 0.09646739130434788 0.023399758454106346 0.1006944444444445 0.0303442028985508 0.10884661835748799 0.027626811594202962
0 0.11548913043478268 0.015096618357487988 0.10703502415458944 0.019323671497584616 0.11111111111111116 0.02596618357487929 0.11881038647343002 0.02279589371980683
0 0.1094504830917875 0.030042270531401034 0.10190217391304354 0.03336352657004838 0.10522342995169089 0.0404589371980677 0.11473429951690828 0.03789251207729476
0 0.11897130647130648 0.026022588522588517 0.11179792429792429 0.02960927960927961 0.11622405372405373 0.03678266178266178 0.12355006105006104 0.03365384615384615
0 0.12980769230769232 0.021214896214896205 0.12248168498168499 0.02579365079365078 0.12683150183150182 0.03273809523809523 0.1324023199023199 0.029151404151404138
0 0.13947477253928867 0.01788668320926386 0.13306451612903222 0.021350289495450786 0.1362179487179487 0.027967328370554167 0.14262820512820512 0.02460711331679073
0 0.14681555004135646 0.01452646815550042 0.1401985111662531 0.017783291976840362 0.14407568238213395 0.025330851943755176 0.15100289495450786 0.022022332506203477
0 0.15564437984496127 0.010416666666666666 0.14801356589147288 0.014534883720930232 0.15231346899224807 0.022710755813953487 0.15861191860465115 0.019198158914728675
0 0.1064625850340136 0.16207482993197275 0.10119047619047616 0.16947278911564623 0.10433673469387755 0.1796768707482993 0.1185374149659864 0.17474489795918363 0.11632653061224488 0.1667517006802721 0.11386054421768704 0.16267006802721085
0 0.08758503401360543 0.14472789115646256 0.07414965986394557 0.15170068027210884 0.08367346938775508 0.16190476190476188 0.09175170068027211 0.15620748299319723
0 0.10306122448979589 0.1379251700680272 0.09107142857142855 0.14438775510204083 0.09736394557823129 0.15561224489795913 0.10765306122448981 0.15068027210884352
0 0.09606481481481481 0.1222511574074074 0.08449074074074074 0.12861689814814814 0.09186921296296298 0.1400462962962963 0.1015625 0.13281250000000003
0 0.11896929824561404 0.1295687134502924 0.10471491228070176 0.13746345029239768 0.11151315789473686 0.15208333333333332 0.12386695906432749 0.1448464912280702
0 0.1116931599229287 0.11476396917148364 0.09808526011560693 0.12126685934489402 0.1052504816955684 0.13535645472061655 0.11861753371868981 0.1283116570327553
0 0.18406593406593405 0.07883089133089134 0.1717796092796093 0.08470695970695971 0.17193223443223446 0.09401709401709402 0.17887667887667888 0.09821428571428571 0.19093406593406595 0.09355921855921856
