0 0.3742719534050179 0.7031249999999999 0.35164650537634407 0.7089493727598566 0.3567988351254481 0.7311267921146952 0.3805443548387097 0.7250784050179211
0 0.3963373655913978 0.6951724910394265 0.37897625448028677 0.7023409498207885 0.37908826164874554 0.7134296594982078 0.3865712020953957 0.723534716478265 0.40260976702508966 0.7174619175627239 0.4034871565113501 0.7063516680452165
0 0.5393700787401575 0.8968175853018372 0.5260826771653544 0.9068241469816273 0.5358483483483484 0.9172297297297297 0.5493618618618619 0.9093468468468469
0 0.5565944881889764 0.9140419947506562 0.5441272965879265 0.9178149606299214 0.5426509186351707 0.9266732283464567 0.5513451443569555 0.9330708661417323 0.5628280839895013 0.9266732283464567
0 0.57250656167979 0.9301181102362205 0.5600393700787402 0.9311023622047243 0.5565944881889764 0.9411089238845144 0.5643044619422573 0.947998687664042 0.5743110236220473 0.9440616797900263
0 0.0324829931972789 0.8648809523809524 0.02236394557823129 0.8727891156462584 0.02967687074829931 0.8841836734693878 0.03758503401360543 0.8794217687074829 0.04039115646258503 0.8725340136054421
0 0.051870748299319716 0.8530612244897959 0.04430272108843538 0.8490646258503401 0.03673469387755102 0.8555272108843536 0.03886054421768706 0.8647108843537413 0.05280612244897958 0.8641156462585035
0 0.06587136929460581 0.862811203319502 0.05956085753803595 0.8667012448132779 0.060771092669432925 0.8753457814661133 0.06846473029045644 0.8777662517289072 0.07468879668049794 0.8737033195020746 0.0733921161825726 0.8647994467496541
0 0.05855429292929298 0.8806502525252525 0.05028409090909097 0.8795138888888889 0.046306818181818234 0.8864583333333333 0.04965277777777782 0.8935290404040405 0.0572285353535354 0.8937815656565656 0.06196338383838389 0.8876578282828284
0 0.10612244897959183 0.8583333333333333 0.09612724757952974 0.8603042876901796 0.0951530612244898 0.8697278911564627 0.10246598639455783 0.8740646258503402 0.10901360544217686 0.8710884353741496 0.1095238095238095 0.8636904761904761
0 0.09388037372625396 0.8771329071047507 0.08614227848815871 0.8756022948598526 0.08146540773985941 0.8820648798938663 0.08291098597115192 0.8876771247918256 0.08938450899031812 0.8904737206085752 0.09569502074688796 0.8871887966804978 0.09677153018883898 0.8814696417986282
0 0.06863762102351313 0.8941908713692945 0.0808673469387755 0.8920068027210883 0.08418367346938774 0.9016156462585034 0.0784923928077455 0.9071576763485477 0.06941562932226832 0.904823651452282
0 0.06393678160919541 0.8331537356321839 0.04938936781609197 0.8347701149425288 0.05208333333333334 0.8487787356321839 0.06734913793103449 0.8471623563218391
0 0.021284596871239465 0.8919223826714802 0.011356799037304448 0.8925992779783392 0.007445848375451263 0.9023766546329722 0.017072803850782185 0.908243080625752 0.022412755716004814 0.9048586040914559 0.02278880866425992 0.8993682310469313
0 0.03753008423586041 0.9026022864019253 0.027075812274368238 0.9066636582430806 0.028655234657039706 0.9144103489771358 0.033919975932611306 0.9189229843561973 0.04256919374247893 0.9156889290012034 0.04309566787003611 0.9077166064981949
0 0.058814681107099885 0.9134326113116725 0.04632972322503008 0.9174939831528278 0.04993983152827918 0.9305806257521058 0.06383928571428579 0.9257440476190476
0 0.0 0.912037037037037 0.008725071225071233 0.9164886039886039 0.00819088319088319 0.9277065527065528 0.0 0.9307781339031339
0 0.025145609318996412 0.9517809139784945 0.009016577060931895 0.9530129928315412 0.00935259856630824 0.9649977598566308 0.017081093189964147 0.9712701612903225 0.028505824372759853 0.9655577956989246
0 0.00028001792114694743 0.974630376344086 0.010472670250896054 0.9751904121863798 0.013496863799283148 0.9851590501792113 0.009576612903225801 0.9917674731182795 0.00028001792114694743 0.9934475806451611
0 0.535546875 0.06653645833333334 0.5227864583333334 0.07200520833333333 0.5295572916666667 0.08502604166666666 0.5415364583333333 0.07903645833333334
0 0.5524739583333333 0.058203125 0.5397135416666666 0.063671875 0.5454427083333333 0.076171875 0.555859375 0.07018229166666666
0 0.5686197916666667 0.04674479166666667 0.5553385416666666 0.05481770833333333 0.5626302083333333 0.067578125 0.5748697916666666 0.06158854166666667
0 0.5498223514211886 0.07671188630490956 0.539405684754522 0.08212209302325582 0.5446543927648578 0.09189276485788114 0.5563630490956072 0.0874515503875969
0 0.5658107235142119 0.06823320413436691 0.5563630490956072 0.07364341085271317 0.5617732558139534 0.08301033591731265 0.5669412144702842 0.08131459948320413 0.5717054263565892 0.07719638242894056
0 0.5868863049095607 0.08123385012919895 0.5775193798449613 0.08704780361757106 0.5811531007751938 0.09488049095607234 0.5901970284237726 0.09084302325581393
0 0.5744509043927649 0.08793604651162791 0.565406976744186 0.09334625322997414 0.5704134366925064 0.10085594315245479 0.5794573643410853 0.09754521963824289
0 0.5621770025839793 0.09463824289405685 0.5530523255813954 0.09972545219638243 0.5578972868217055 0.10820413436692505 0.5666182170542636 0.10327842377260982
0 0.5499031007751938 0.10053294573643409 0.5410206718346253 0.10578165374677002 0.5474806201550387 0.11619832041343671 0.5549903100775194 0.10981912144702842
0 0.593265503875969 0.0944767441860465 0.5829295865633075 0.10012919896640828 0.5910045219638244 0.10828488372093024 0.5972222222222223 0.10327842377260982
0 0.5805071059431525 0.1012596899224806 0.5725129198966408 0.10553940568475453 0.5786498708010336 0.11531007751937983 0.5871285529715762 0.10949612403100772
0 0.569202196382429 0.10747739018087855 0.5595122739018088 0.11232235142118863 0.5650839793281653 0.12128552971576227 0.5728359173126615 0.11708656330749354
0 0.5570090439276486 0.11353359173126615 0.5484496124031008 0.11749031007751938 0.5536983204134367 0.12742248062015504 0.5617732558139534 0.12386950904392763
0 0.6035206718346253 0.11191860465116278 0.5916505167958657 0.11773255813953488 0.5973029715762275 0.12871447028423774 0.6084463824289406 0.12362726098191212
0 0.587532299741602 0.11910529715762275 0.5775193798449613 0.12653423772609818 0.5830103359173127 0.13687015503875968 0.5922157622739018 0.1315406976744186
0 0.6098998708010336 0.12613049095607234 0.5987564599483204 0.13259043927648576 0.6050549095607235 0.14300710594315244 0.616359819121447 0.1371124031007752
0 0.5949612403100776 0.13485142118863047 0.5843023255813954 0.1395348837209302 0.5897932816537468 0.1509205426356589 0.6005329457364341 0.1448643410852713
0 0.579780361757106 0.13961563307493538 0.5669412144702842 0.14583333333333334 0.5739664082687339 0.1592377260981912 0.5873708010335917 0.15245478036175708
0 0.5741279069767442 0.12742248062015504 0.5670219638242894 0.13242894056847543 0.5709786821705427 0.14082687338501293 0.5787306201550387 0.13598191214470282
0 0.5635497416020673 0.13339793281653745 0.5566052971576227 0.13767764857881132 0.5606427648578812 0.14583333333333334 0.5685562015503877 0.14139211886304906
0 0.6206395348837209 0.1453488372093023 0.6124838501291989 0.15140503875968989 0.6169250645994833 0.1594799741602067 0.6270187338501292 0.1544735142118863
0 0.6093346253229974 0.15229328165374678 0.5967377260981912 0.15794573643410853 0.6038436692506459 0.1703003875968992 0.615875322997416 0.1637596899224806
0 0.5944767441860466 0.15915697674418605 0.5827680878552972 0.16602067183462532 0.5892280361757106 0.1782945736434108 0.6008559431524548 0.1725613695090439
0 0.5804263565891473 0.16707041343669252 0.5742894056847545 0.17110788113695088 0.5774386304909561 0.17781007751937983 0.5839793281653747 0.17490310077519378
0 0.601905684754522 0.17562984496124032 0.5910852713178295 0.18152454780361757 0.5973029715762275 0.19315245478036175 0.6101421188630491 0.18653100775193796
0 0.6173288113695091 0.16642441860465113 0.604328165374677 0.17498385012919898 0.6128068475452196 0.18556201550387594 0.6245962532299741 0.179344315245478
0 0.630733204134367 0.16384043927648576 0.6212855297157622 0.16852390180878554 0.6268572351421189 0.17869832041343667 0.6357396640826873 0.17377260981912143
0 0.5540031285551763 0.02058447098976109 0.5444041524459613 0.025206200227531273 0.5490969852104665 0.0340230375426621 0.5579849260523322 0.030254550625711037
0 0.5410622866894198 0.026770477815699644 0.532245449374289 0.031961035267349266 0.5373649032992036 0.04092007963594994 0.545755119453925 0.035231797497155846
0 0.5298990329920364 0.03338310580204778 0.5209399886234357 0.037720420932878265 0.5266993742889647 0.04653725824800909 0.5345918657565415 0.04219994311717861
0 0.5188779863481229 0.03907138794084187 0.510061149032992 0.04411973833902161 0.5148250853242321 0.05236774744027304 0.5228597838452788 0.04824374288964733
0 0.5595492036405005 0.03309869169510808 0.5535765073947668 0.03736490329920363 0.5576294084186576 0.04326649601820249 0.5633887940841866 0.039355802047781566
0 0.5488836746302617 0.03900028441410694 0.541844425483504 0.042768771331058025 0.5462528441410694 0.050163538111490324 0.5515856086461888 0.046679465301478956
0 0.5362983503981797 0.045115187713310585 0.5288324800910126 0.04874146757679181 0.5326009670079636 0.05563850967007962 0.539853526734926 0.051798919226393625
0 0.5259172354948806 0.05030574516496018 0.5191624004550626 0.053576507394766784 0.5237130261660978 0.06104237770193401 0.5306100682593856 0.05798492605233218
0 0.6857371794871795 0.6774038461538461 0.6717948717948717 0.6764423076923076 0.6706730769230769 0.691025641025641 0.678525641025641 0.6927884615384615 0.6862179487179486 0.6897435897435897
0 0.7017628205128205 0.6804487179487179 0.6926282051282051 0.6807692307692307 0.6939102564102564 0.6892628205128204 0.7011217948717948 0.6892628205128204
0 0.6958333333333332 0.6924679487179486 0.691025641025641 0.6895833333333332 0.6870192307692307 0.6926282051282051 0.6878205128205128 0.6983974358974359 0.6950320512820511 0.6974358974358973
0 0.666025641025641 0.6988782051282051 0.6586538461538461 0.7033653846153846 0.664102564102564 0.7118589743589743 0.6711538461538461 0.7096153846153845 0.6716346153846153 0.7022435897435897
0 0.6839743589743589 0.7084935897435897 0.6753205128205128 0.7073717948717948 0.6713141025641025 0.7131410256410255 0.6746794871794871 0.7197115384615383 0.6822115384615384 0.7184294871794871
0 0.695352564102564 0.7169871794871795 0.6862179487179486 0.7160256410256409 0.682852564102564 0.7233974358974358 0.6870192307692307 0.729326923076923 0.6963141025641025 0.7253205128205128
0 0.6404086794462194 0.7116280617678382 0.6296924920127797 0.7156216719914803 0.6324880191693291 0.7281349840255591 0.6436701277955272 0.7282681043663473 0.6484624600638977 0.71875
0 0.6606429712460065 0.7179512779552716 0.650792066027689 0.7202808839190629 0.6483958998935038 0.7293330670926518 0.6555843982960596 0.7344582002129926 0.663438498402556 0.7306642705005325 0.6633053780617679 0.7245407348242812
0 0.6755524494142705 0.729665867944622 0.6666999467518637 0.729732428115016 0.6624400958466453 0.73705404685836 0.6680311501597445 0.7454406283280086 0.6777489350372737 0.7430444621938233 0.6790135782747604 0.7359225239616614
0 0.7638888888888888 0.7161246612466124 0.7493224932249322 0.7154471544715447 0.7508468834688347 0.727981029810298 0.7627032520325203 0.7261178861788617
0 0.7752371273712737 0.7232384823848238 0.7657520325203252 0.7245934959349594 0.7615176151761517 0.73340108401084 0.7691395663956638 0.7376355013550135 0.7747289972899729 0.7342479674796748
0 0.7891260162601627 0.7320460704607046 0.7782859078590786 0.7327235772357723 0.7733739837398373 0.7428861788617885 0.7837059620596206 0.7508468834688347 0.7921747967479674 0.744410569105691
0 0.8255420054200541 0.7571138211382114 0.8165650406504064 0.7625338753387534 0.817920054200542 0.7710027100271003 0.826050135501355 0.7703252032520325 0.828421409214092 0.7650745257452574
0 0.8509485094850947 0.7776084010840107 0.8357046070460704 0.7764227642276423 0.8324864498644987 0.787940379403794 0.8431571815718157 0.793191056910569 0.847730352303523 0.7892953929539295
0 0.861111111111111 0.7857384823848238 0.85010162601626 0.7865853658536585 0.8463753387533874 0.7970867208672087 0.8551829268292683 0.8023373983739837 0.8633130081300813 0.7981029810298104
0 0.872790404040404 0.7955597643097643 0.8643027497194162 0.7978044332210998 0.8610760381593714 0.8063622334455668 0.8692831088664422 0.8118336139169473 0.8754559483726151 0.8082561728395061 0.8760872615039282 0.801381874298541
0 0.886398709315376 0.806432379349046 0.8775603254769921 0.8079054433221099 0.876017115600449 0.8163930976430975 0.882260101010101 0.8214436026936027 0.8905373176206509 0.818567620650954 0.8906074635241301 0.811132154882155
0 0.9045907079646017 0.8579461651917404 0.8985988200589972 0.8510324483775811 0.8885508849557522 0.8562868731563422 0.8907632743362832 0.8660582595870207 0.8963864306784662 0.8681784660766961 0.9037610619469028 0.8655973451327434
0 0.9244100294985251 0.8710361356932155 0.9129793510324485 0.8723266961651918 0.9122418879056049 0.8835730088495575 0.9236725663716815 0.8841261061946903
0 0.9103982300884956 0.8678097345132744 0.9019174041297936 0.8676253687315635 0.9004424778761063 0.8763827433628318 0.9104904129793511 0.878410766961652
0 0.6779076738609113 0.760341726618705 0.6669664268585133 0.7616906474820144 0.6687649880095924 0.770533573141487 0.6774580335731415 0.7715827338129496
0 0.6875 0.7722916666666667 0.6788069544364509 0.7721822541966427 0.6780575539568345 0.7808752997601919 0.6877997601918466 0.7828237410071943
0 0.6704136690647482 0.7748800959232615 0.663369304556355 0.7685851318944844 0.657074340527578 0.7742805755395683 0.6623201438848921 0.7814748201438849
0 0.6740107913669064 0.7799760191846522 0.6671163069544365 0.78492206235012 0.6717625899280576 0.792416067146283 0.68 0.7875
0 0.6548261390887291 0.7771282973621103 0.6470323741007195 0.7831235011990407 0.6527278177458035 0.7906175059952039 0.6603717026378898 0.7856714628297363
0 0.64375 0.78625 0.637589928057554 0.7936151079136692 0.6437350119904077 0.7988609112709831 0.6510791366906475 0.7940647482014389
0 0.6638189448441247 0.7889688249400479 0.6573741007194246 0.7942146282973621 0.6632194244604317 0.8015587529976019 0.6710131894484412 0.7951139088729016
0 0.6545833333333333 0.796875 0.6468824940047962 0.8029076738609113 0.6527278177458035 0.8111510791366907 0.6609712230215827 0.8059052757793765
0 0.529864804964539 0.878933953900709 0.5168993794326241 0.8856937056737587 0.5226617907801419 0.8969968971631204 0.5355164007092199 0.8925642730496454
0 0.5099474474474475 0.8686186186186187 0.496996996996997 0.874436936936937 0.5016891891891893 0.8858858858858859 0.5152371453900709 0.8828124999999998
0 0.49517952127659576 0.8800421099290779 0.48287898936170215 0.8875775709219857 0.49005255255255253 0.899024024024024 0.5019392730496454 0.8924534574468084
0 0.5149046985815603 0.8907912234042552 0.5019392730496454 0.8997672872340424 0.5108045212765957 0.9108488475177303 0.5227726063829787 0.9024268617021276
0 0.47935435435435436 0.893581081081081 0.4701576576576577 0.9009009009009009 0.47710210210210213 0.9119744744744746 0.4890846631205674 0.9043107269503544
0 0.4613363363363364 0.9065315315315317 0.45551801801801806 0.9162912912912913 0.463963963963964 0.9241741741741742 0.4743461879432624 0.9169437056737587 0.4714649822695035 0.9107380319148936
0 0.5001662234042553 0.9027593085106381 0.4865359042553192 0.9131759751773049 0.497728280141844 0.9242575354609928 0.5088098404255319 0.9156139184397161
0 0.48536036036036034 0.9166666666666666 0.4749771380422975 0.9264988059868376 0.48594788272314865 0.936472210242157 0.49448068414158836 0.9277177776180434
0 0.5217717717717718 0.9127252252252251 0.5106981981981983 0.9221096096096096 0.5209995567375887 0.9307956560283687 0.5314162234042553 0.9243683510638296
0 0.5350731382978723 0.9253656914893617 0.5243993993993994 0.9358108108108107 0.5346298758865248 0.9447584219858155 0.5438275709219859 0.9372229609929078
0 0.5148273273273274 0.931493993993994 0.5080341312056738 0.9250332446808509 0.49950132978723405 0.9322362588652482 0.5012743794326241 0.9409906914893617 0.5150150150150151 0.9403153153153153
0 0.59253003003003 0.9487612612612613 0.579954954954955 0.9521396396396395 0.5827702702702703 0.9649024024024023 0.5967261904761906 0.9610969387755103
0 0.09019808743169402 0.8506489071038251 0.07749316939890714 0.8447062841530054 0.07073087431693996 0.8557718579234972 0.08275273224043721 0.8619877049180328
0 0.17554151624548736 0.7956528279181709 0.16726835138387483 0.7941486161251505 0.16591456077015643 0.8003158844765343 0.17253309265944644 0.8033995186522261
0 0.17080324909747294 0.8045276774969916 0.1653880866425993 0.8015192539109507 0.161176293622142 0.8047533092659447 0.1625300842358604 0.8090403128760528 0.16659145607701564 0.8106197352587244 0.16959987966305654 0.8094163658243081
0 0.16493682310469313 0.812274368231047 0.1605746089049338 0.8094915764139591 0.1572653429602888 0.8137033694344162 0.16095066185318893 0.8170878459687123
0 0.16105621936274514 0.8184168198529411 0.15814568014705888 0.8151999080882353 0.15404794730392163 0.8186848958333333 0.15810738357843143 0.8226294424019607
0 0.16817938112745104 0.8213273590686273 0.16343060661764713 0.8195657169117647 0.16094132965686284 0.8234336703431373 0.16591988357843143 0.8258463541666665
0 0.1566001400560224 0.836922268907563 0.1488970588235294 0.8348214285714286 0.14697128851540617 0.841736694677871 0.15406162464985995 0.8445378151260505
0 0.16535364145658263 0.8408613445378151 0.1566001400560224 0.8396358543417367 0.15511204481792717 0.8469887955182072 0.1628151260504202 0.8491771708683473
0 0.1517857142857143 0.8477766106442578 0.14539565826330536 0.8438375350140057 0.14119397759103644 0.8493522408963585 0.1432948179271709 0.8526785714285714 0.1487219887955182 0.8531162464985994
0 0.1531862745098039 0.8482142857142857 0.14942226890756302 0.8549544817927173 0.15528711484593838 0.8584558823529412 0.16018907563025214 0.8525910364145658
0 0.1679796918767507 0.8546043417366948 0.16018907563025214 0.8543417366946781 0.15747549019607845 0.8590686274509804 0.1601015406162465 0.8626575630252102 0.16684173669467786 0.8615196078431374
0 0.14635854341736698 0.8560924369747899 0.13979341736694678 0.8532913165266106 0.13532913165266108 0.8588935574229694 0.14145658263305322 0.8650210084033614
0 0.14837184873949583 0.8574929971988797 0.1432948179271709 0.8655462184873951 0.15047268907563027 0.8680847338935576 0.15371148459383757 0.8611694677871149
0 0.1560749299719888 0.8622198879551822 0.1513480392156863 0.869310224089636 0.1589635854341737 0.8728991596638656 0.1628151260504202 0.8660714285714287
0 0.19148550724637686 0.9108695652173913 0.18007246376811603 0.9045289855072463 0.17192028985507254 0.9157608695652173 0.182608695652174 0.9244565217391304
0 0.1604770531400966 0.9386574074074077 0.1519223027375201 0.9517411433172305 0.16379830917874397 0.957175925925926 0.17215177133655396 0.9462057165861516
0 0.16883051529790663 0.9222524154589373 0.16269122383252815 0.9344303542673109 0.1756743156199678 0.9399657809983899 0.18090780998389694 0.9276871980676331
0 0.1576355898653998 0.9686510292953288 0.1521922011084719 0.9802800870942201 0.13991983372921615 0.9746882422802852 0.14585807600950118 0.9632571258907364
0 0.1369565217391305 0.9778985507246377 0.1291666666666667 0.9903985507246377 0.14184782608695662 0.9978260869565216 0.14891304347826093 0.9865942028985506
0 0.2152274557165862 0.9240640096618358 0.2104971819645733 0.9339271336553946 0.200432769726248 0.929700080515298 0.20362318840579718 0.9195652173913044
0 0.218347423510467 0.9279891304347827 0.22589573268921095 0.9301026570048311 0.22559380032206122 0.9386574074074077 0.21542874396135267 0.9400664251207731 0.21376811594202905 0.9320652173913043
0 0.20566626409017716 0.9387580515297909 0.20199275362318847 0.94981884057971 0.19094202898550733 0.9478260869565217 0.19338768115942032 0.9366445249597426
0 0.21304347826086964 0.9434782608695652 0.20507246376811603 0.9465579710144927 0.20507246376811603 0.9539855072463767 0.2123188405797102 0.9568840579710144 0.217542270531401 0.9506340579710145
0 0.1967391304347827 0.9579710144927536 0.1889492753623189 0.9679347826086956 0.17971014492753629 0.9666666666666667 0.17916666666666675 0.9576086956521738 0.1858695652173914 0.9527173913043477
0 0.20507246376811603 0.9601449275362319 0.19565217391304354 0.9619565217391304 0.19166666666666676 0.9681159420289854 0.1961956521739131 0.9769927536231884 0.2079475308641975 0.9722222222222221
0 0.17566666666666667 0.9791666666666666 0.1665 0.9836666666666666 0.17166666666666666 0.9923333333333333 0.181 0.9888333333333332 0.18 0.9828333333333332
0 0.18536324786324787 0.9848901098901098 0.17880036630036628 0.9950396825396826 0.18826312576312573 0.9993131868131868 0.19421550671550672 0.990613553113553
0 0.23031135531135533 0.9693223443223443 0.22206959706959709 0.9669566544566544 0.21855921855921853 0.9745879120879121 0.22672466422466422 0.9784035409035409
0 0.22443528693528692 0.9801587301587301 0.21367521367521367 0.9782509157509156 0.21314102564102563 0.9883241758241758 0.22168803418803415 0.9876373626373626
0 0.23899647887323947 0.9734448356807511 0.23054029304029305 0.9739774114774113 0.22954822954822954 0.9823717948717948 0.23923992673992672 0.9823717948717948
0 0.23408792650918633 0.9873687664041995 0.22649572649572647 0.9835164835164835 0.22229853479853479 0.9913003663003663 0.23046398046398045 0.9951923076923077
0 0.24677579365079363 0.9416170634920634 0.23814484126984126 0.9378472222222223 0.23467261904761902 0.9467757936507938 0.24201388888888886 0.9505456349206349
0 0.2584821428571428 0.9475694444444446 0.24875992063492058 0.9438988095238097 0.24439484126984126 0.9514384920634922 0.25262896825396824 0.9571924603174604
0 0.24131944444444442 0.9529265873015873 0.2330853174603174 0.9484623015873016 0.22762896825396822 0.9559027777777779 0.23516865079365076 0.9626488095238096
0 0.2398767605633803 0.965082159624413 0.2414228426112229 0.9561878213726805 0.24906173150011177 0.9569814721663313 0.24985328638497653 0.965962441314554
0 0.041043447293447305 0.9908297720797722 0.040331196581196584 0.9969729344729346 0.042180989583333384 0.9997916666666666 0.04825498575498577 0.9997916666666666 0.050302706552706564 0.9969729344729346 0.04959045584045584 0.9926103988603988 0.04567307692307692 0.9902065527065528
0 0.051014957264957264 0.9815705128205129 0.04736467236467238 0.9824608262108262 0.045851139601139616 0.9854878917378916 0.046741452991453006 0.9887820512820512 0.04976851851851854 0.9902955840455842 0.05324074074074075 0.9884259259259259 0.05368589743589743 0.9844195156695156
0 0.042735042735042736 0.9760505698005698 0.037838319088319104 0.9780092592592592 0.03685897435897437 0.9815705128205129 0.03828347578347579 0.984508547008547 0.04086538461538461 0.9853098290598291 0.04433760683760685 0.983707264957265 0.04549501424501425 0.9803240740740741
0 0.03552350427350427 0.9845975783475783 0.031071937321937318 0.986111111111111 0.03009259259259261 0.9902065527065528 0.031339031339031334 0.9934116809116809 0.03409900284900285 0.994747150997151 0.03757122507122507 0.9944800569800569 0.039529914529914535 0.9921652421652422 0.0398860398860399 0.9874465811965812
0 0.03463319088319088 0.9995548433048433 0.0340099715099715 0.9967058404558404 0.032229344729344724 0.9951923076923077 0.02679843304843306 0.9949252136752136 0.024839743589743588 0.9971509971509971 0.024216524216524215 0.9996438746438747
0 0.059027777777777776 0.9995548433048433 0.060986467236467244 0.9963497150997151 0.06401353276353278 0.9945690883190883 0.06819800569800571 0.9940349002849003 0.07140313390313391 0.9948361823361822 0.07318376068376069 0.9983974358974359 0.07424993715434894 0.9997916666666666
0 0.16021174863387982 0.9991461748633881 0.16089480874316947 0.9977800546448088 0.16280737704918039 0.9958674863387977 0.16492486338797818 0.995389344262295 0.16786202185792357 0.9953210382513661 0.17032103825136616 0.997165300546448 0.1713459616153539 0.9997916666666666
0 0.4355600539811067 0.4760458839406208 0.4319331983805668 0.4757085020242915 0.42754723346828616 0.4736842105263158 0.4267037786774629 0.4716599190283401 0.42602901484480443 0.4687921727395412 0.42712550607287453 0.46465924426450744 0.4297402159244265 0.46170715249662625 0.43513832658569507 0.46044197031039136 0.43960863697705804 0.46297233468286103 0.4417172739541161 0.4671896086369771 0.44121120107962225 0.47191295546558704 0.4395242914979757 0.4740215924426451
