0 0.40570887445887444 0.045589826839826826 0.39678030303030304 0.0560064935064935 0.40205627705627706 0.06994047619047619 0.41896645021645024 0.07048160173160173 0.4250541125541126 0.062364718614718616 0.4200487012987013 0.04518398268398269
0 0.4319534632034632 0.037472943722943707 0.4234307359307359 0.046401515151515145 0.42640692640692635 0.058982683982683984 0.4387175324675325 0.06493506493506493 0.45008116883116883 0.0560064935064935 0.44724025974025966 0.04031385281385282
0 0.09888888888888889 0.17416666666666666 0.0951388888888889 0.18402777777777776 0.10402777777777777 0.19083333333333333 0.11041666666666666 0.18833333333333332 0.11180555555555557 0.18 0.10944444444444443 0.17541666666666667
0 0.1548611111111111 0.19791666666666666 0.13902777777777775 0.2011111111111111 0.14152777777777775 0.21388888888888885 0.15583333333333332 0.21402777777777776
0 0.09708333333333333 0.19097222222222218 0.0875 0.1911111111111111 0.08208333333333333 0.19791666666666666 0.08708333333333332 0.20652777777777775 0.09499999999999999 0.2048611111111111 0.09763888888888889 0.20041666666666666
0 0.10972222222222223 0.2022222222222222 0.10291666666666666 0.2122222222222222 0.11125 0.22055555555555553 0.12138888888888891 0.21555555555555553 0.12041666666666667 0.20666666666666667
0 0.13333333333333333 0.21444444444444444 0.12388888888888891 0.22333333333333333 0.1298611111111111 0.23208333333333334 0.14319444444444443 0.22944444444444442 0.14375 0.21972222222222218
0 0.07444444444444444 0.20652777777777775 0.06736111111111111 0.21541666666666667 0.07222222222222223 0.2236111111111111 0.08444444444444445 0.22222222222222218 0.08680555555555557 0.21083333333333334
0 0.09805555555555556 0.21916666666666668 0.08888888888888889 0.2268055555555555 0.09749999999999999 0.23680555555555552 0.10847222222222223 0.23402777777777775 0.10791666666666666 0.22375
0 0.12194444444444442 0.23208333333333334 0.11277777777777777 0.23652777777777775 0.11569444444444443 0.24930555555555553 0.12888888888888891 0.24791666666666667 0.12916666666666668 0.23666666666666666
0 0.06055555555555556 0.2311111111111111 0.05166666666666665 0.23805555555555552 0.05597222222222223 0.24902777777777776 0.06819444444444445 0.24777777777777776 0.07083333333333332 0.2375
0 0.08347222222222223 0.24138888888888885 0.0725 0.24708333333333332 0.07458333333333332 0.2604166666666667 0.08652777777777777 0.25888888888888884 0.09083333333333332 0.2498611111111111
0 0.10180555555555557 0.2534722222222222 0.0911111111111111 0.25958333333333333 0.09416666666666665 0.2701388888888889 0.10805555555555557 0.2702777777777778 0.10930555555555557 0.25833333333333336
0 0.04694444444444444 0.25263888888888886 0.03694444444444444 0.2584722222222222 0.04097222222222223 0.2698611111111111 0.05208333333333332 0.2698611111111111 0.05583333333333332 0.25861111111111107
0 0.06277777777777778 0.29041666666666666 0.05333333333333332 0.30013888888888884 0.05722222222222222 0.3109722222222222 0.07291666666666666 0.3084722222222222 0.07208333333333332 0.2973611111111111
0 0.02708333333333332 0.3011111111111111 0.016666666666666666 0.3065277777777778 0.02013888888888888 0.32166666666666666 0.03444444444444444 0.3194444444444444 0.03861111111111111 0.3098611111111111
0 0.054166666666666655 0.3143055555555555 0.04097222222222223 0.3173611111111111 0.041111111111111105 0.33208333333333334 0.054166666666666655 0.3352777777777778 0.061388888888888896 0.32555555555555554
0 0.021805555555555547 0.3279166666666667 0.007777777777777774 0.33347222222222217 0.010833333333333334 0.3483333333333333 0.02333333333333332 0.3481944444444444 0.02833333333333332 0.3373611111111111
0 0.03611111111111111 0.3381944444444444 0.02805555555555556 0.34374999999999994 0.028472222222222225 0.3563888888888889 0.04291666666666665 0.36097222222222225 0.046666666666666655 0.3448611111111111
0 0.01763888888888888 0.3573611111111111 0.009861111111111107 0.36430555555555555 0.012083333333333333 0.3783333333333333 0.02708333333333332 0.3773611111111111 0.030555555555555558 0.36347222222222225
0 0.07208333333333332 0.34583333333333327 0.05666666666666666 0.3495833333333333 0.05361111111111111 0.36374999999999996 0.060972222222222226 0.3730555555555556 0.07833333333333332 0.3723611111111111 0.08486111111111111 0.35666666666666663
0 0.06055555555555556 0.37458333333333327 0.04319444444444444 0.3741666666666666 0.039583333333333325 0.3845833333333333 0.04291666666666665 0.39499999999999996 0.05666666666666666 0.4002777777777778 0.06791666666666665 0.38722222222222225
0 0.027916666666666656 0.39069444444444446 0.02111111111111111 0.40055555555555555 0.027222222222222228 0.41027777777777774 0.03944444444444444 0.40944444444444444 0.04458333333333332 0.3988888888888889 0.03736111111111111 0.3888888888888889
0 0.04291666666666665 0.41194444444444445 0.03249999999999999 0.41055555555555556 0.024722222222222225 0.41666666666666663 0.026666666666666655 0.4290277777777778 0.03583333333333332 0.43263888888888896 0.04652777777777777 0.42736111111111114 0.04652777777777777 0.41736111111111107
0 0.059859154929577475 0.4366197183098592 0.04504107981220657 0.44498239436619724 0.04914906103286385 0.4620011737089202 0.0630868544600939 0.46698943661971837 0.07497065727699531 0.4556924882629108 0.07276995305164319 0.44219483568075124
0 0.08802816901408451 0.4570129107981221 0.07350352112676058 0.460387323943662 0.06866197183098591 0.47755281690140855 0.0846537558685446 0.48738262910798125 0.10123239436619719 0.47476525821596244 0.0994718309859155 0.4661091549295775
0 0.15302230046948356 0.4523180751173709 0.14143192488262912 0.45143779342723006 0.13717723004694837 0.46053403755868544 0.1439260563380282 0.4712441314553991 0.15052816901408453 0.469336854460094 0.1568368544600939 0.46141431924882637
0 0.16798592788038696 0.46058707124010556 0.15864116094986805 0.461136763412489 0.15429859278803867 0.46558927000879513 0.15468337730870713 0.4742744063324539 0.1630386983289358 0.4780672823218997 0.1702396657871592 0.4749890061565523 0.17199868073878627 0.4669635004397537
0 0.16237906772207564 0.43348724714160075 0.15023087071240104 0.4342018469656992 0.14852682497801234 0.44459102902374675 0.1555079155672823 0.45069261213720313 0.16215919085312225 0.44931838170624455 0.16721635883905012 0.44195250659630614
0 0.17832014072119612 0.4410729991204926 0.16914028144239227 0.4423922603342129 0.16446789797713282 0.44695470536499565 0.16493055555555558 0.4575503812636165 0.18045343137254904 0.46068218954248363 0.18242783224400871 0.4494485294117647
0 0.1761522346368715 0.4116038175046555 0.16521182495344505 0.4135824022346368 0.16265130353817503 0.42429003724394787 0.17591945996275601 0.4284799813780261 0.18057495344506516 0.42044925512104275
0 0.18418296089385475 0.3948440409683426 0.17440642458100555 0.3974045623836126 0.17312616387337054 0.4077630353817504 0.18255353817504655 0.41172020484171323 0.19081703910614523 0.4048533519553073
0 0.19081703910614523 0.41975093109869643 0.1824371508379888 0.4213803538175046 0.17789804469273743 0.427665270018622 0.18336824953445063 0.4368598696461825 0.19535614525139663 0.4308077281191806
0 0.19456670579029736 0.4036336071987481 0.2025381455399061 0.4063233568075118 0.20297828638497656 0.418158255086072 0.18816021126760563 0.41825606416275435 0.18879597026604072 0.4074481611893584
0 0.1970608372456964 0.37800762910798125 0.1815580985915493 0.38103971048513313 0.18498141627543038 0.39360817683881066 0.19236600156494524 0.39473298122065725 0.1981367370892019 0.38920676838810647
0 0.23403266823161195 0.3988898669796558 0.2223444835680751 0.39673806729264477 0.22073063380281696 0.40764377934272306 0.23090277777777782 0.40969776995305174
0 0.4939365671641791 0.6134432006633499 0.48201699834162526 0.6087790215588723 0.47538349917081263 0.6186256218905473 0.48348214285714286 0.6296130952380953 0.4935219734660033 0.6239116915422885
0 0.22685185185185186 0.44515669515669526 0.21821581196581197 0.44782763532763536 0.2162571225071225 0.4589565527065527 0.2260505698005698 0.4639423076923077 0.23379629629629628 0.46055911680911693 0.23388532763532766 0.44978632478632485
0 0.2223019125683061 0.41349043715846995 0.21123633879781428 0.41560792349726783 0.21308060109289623 0.42694672131147543 0.21939102564102564 0.42708333333333326 0.2251602564102564 0.4173076923076923
0 0.23773907103825143 0.4031762295081967 0.24450136612021864 0.4059084699453552 0.24135928961748637 0.4157445355191257 0.23193306010928968 0.41458333333333336 0.23213797814207657 0.40761612021857924 0.23405054644808748 0.40358606557377047
0 0.07984961368653422 0.3379897902869757 0.0746067880794702 0.33412665562913907 0.06791528697571743 0.3408871412803532 0.07053669977924944 0.34495722958057395 0.07695226269315675 0.3465438741721854 0.08026352097130242 0.34254277041942605
0 0.08571330022075056 0.34123206401766004 0.08157422737306844 0.3426117549668874 0.07902179911699779 0.34737168874172186 0.08226407284768211 0.3528214679911699 0.08854166666666666 0.3513038079470198 0.09143901766004416 0.34495722958057395
0 0.0812293046357616 0.3247447571743929 0.07446881898454748 0.3285389072847682 0.07577952538631347 0.3341956401766004 0.08171219646799117 0.3367480684326711 0.0868860375275938 0.33329884105960267 0.08619619205298014 0.32840093818984545
0 0.23954183266932272 0.3768260292164676 0.2299966799468792 0.37342297476759634 0.22526560424966807 0.3794820717131475 0.22958167330677298 0.3856241699867199 0.2352257636122178 0.3840471447543161
0 0.2441899070385127 0.3800630810092962 0.23796480743691906 0.3819721115537849 0.2363877822045153 0.3882802124833998 0.24435590969455517 0.3918492695883135 0.24950199203187254 0.3854581673306774
0 0.24228087649402397 0.36329681274900405 0.2305776892430279 0.36553784860557775 0.23339973439575043 0.37375498007968133 0.23979083665338655 0.3745019920318725 0.2441899070385127 0.3706839309428952
0 0.25166002656042497 0.3690239043824702 0.2455179282868526 0.3701859229747676 0.24244687915006646 0.37533200531208505 0.24560092961487384 0.37964807436918996 0.2514940239043825 0.3802290836653387 0.25439907038512627 0.37583001328021254
0 0.2578021248339974 0.3403884462151395 0.24975099601593626 0.3390604249667995 0.24643094289508638 0.3439575033200532 0.24916998671978755 0.34943559096945553 0.2560590969455511 0.3482735723771581
0 0.2631142098273573 0.3442895086321382 0.25755312084993365 0.3477755644090306 0.25771912350597614 0.3540836653386455 0.2616201859229748 0.3559096945551129 0.2683432934926959 0.3538346613545817 0.26751328021248344 0.3487715803452856
0 0.25132802124834003 0.352921646746348 0.24518592297476763 0.3499335989375831 0.24053784860557775 0.3538346613545817 0.24070385126162022 0.36014276228419667 0.2494189907038513 0.36105577689243035
0 0.2595451527224436 0.3573207171314742 0.2528220451527225 0.35740371845949537 0.25024900398406386 0.36296480743691906 0.2552290836653387 0.36711487383798147 0.2601261620185923 0.36520584329349276 0.26137118193891107 0.3618857901726428
0 0.5846200980392157 0.23988970588235295 0.5762867647058824 0.2440563725490196 0.5762867647058824 0.25287990196078436 0.5824142156862745 0.2561887254901961 0.5892769607843137 0.25484068627450984 0.5920955882352941 0.24626225490196077
0 0.5972426470588235 0.25471813725490194 0.5890318627450981 0.25998774509803924 0.590625 0.27101715686274513 0.6025122549019608 0.27162990196078435 0.6074142156862745 0.2623161764705882
0 0.6152573529411764 0.2704044117647059 0.6037244496855345 0.27245479559748426 0.6038602941176471 0.2858455882352941 0.6174823113207547 0.2875884433962264 0.6210200471698113 0.2793337264150943
0 0.5693014705882352 0.25484068627450984 0.559375 0.259375 0.5609681372549019 0.2699142156862745 0.5753242924528301 0.2680326257861635 0.5742433176100629 0.2630208333333333
0 0.5832841981132075 0.26872051886792453 0.5729658018867924 0.27078419811320753 0.571688286163522 0.2815939465408805 0.5805326257861635 0.2850334119496855 0.5876080974842767 0.2797268081761006
0 0.5574142156862745 0.26819852941176475 0.5477328431372549 0.27015931372549024 0.5455483490566038 0.27992334905660377 0.5541053921568627 0.2830269607843137 0.5613357843137255 0.2772671568627451
0 0.5599877450980393 0.23462009803921566 0.5528799019607843 0.23694852941176472 0.5511642156862745 0.24466911764705884 0.5559436274509804 0.24895833333333334 0.5634191176470589 0.2473651960784314 0.5652573529411764 0.2411151960784314
0 0.5678308823529412 0.2233455882352941 0.5642769607843138 0.2294730392156863 0.5685661764705882 0.2363357843137255 0.5754225628930817 0.23629127358490565 0.5792279411764706 0.22935049019607845 0.5760416666666667 0.22297794117647063
0 0.5529186320754718 0.21044614779874213 0.5416175314465409 0.21565448113207547 0.5486930031446541 0.22892099056603774 0.5628439465408805 0.22017492138364778
0 0.5408313679245282 0.2222386006289308 0.5321691176470589 0.22665441176470588 0.5308077830188679 0.23481721698113206 0.5386642156862745 0.2387867647058823 0.5466299019607843 0.2337622549019608
0 0.5283700980392156 0.23658088235294117 0.5196691176470588 0.23768382352941178 0.5168504901960784 0.24466911764705884 0.520281862745098 0.2511642156862745 0.5291053921568627 0.24908088235294115 0.5315563725490197 0.2435661764705882
0 0.5451977401129944 0.24532132768361584 0.5352224576271186 0.25264830508474573 0.5414828431372549 0.26341911764705883 0.551465395480226 0.25829802259887 0.5511642156862745 0.25189950980392156
0 0.5259533898305085 0.2603283898305085 0.5369879943502825 0.2617408192090395 0.5369879943502825 0.2736581920903955 0.5262867647058823 0.27395833333333336 0.5223340395480226 0.2672139830508475
0 0.5119562368972747 0.2474777253668763 0.5032475490196078 0.2516544117647059 0.5038602941176471 0.26121323529411766 0.516149109014675 0.263397536687631 0.5181145178197064 0.253439465408805
0 0.1272522522522523 0.4684684684684685 0.10904654654654664 0.4725975975975976 0.11092342342342348 0.48704954954954954 0.1212462462462463 0.48967717717717724 0.12894144144144148 0.48329579579579585
0 0.10901360544217686 0.48741496598639455 0.1016156462585034 0.4909013605442177 0.1016156462585034 0.4993197278911564 0.10756802721088433 0.503656462585034 0.11488095238095236 0.5005952380952381 0.11658163265306119 0.49149659863945583
0 0.12712585034013604 0.4902210884353741 0.11879251700680271 0.4956632653061225 0.11768707482993197 0.5039115646258503 0.12329931972789117 0.510204081632653 0.13273809523809524 0.5084183673469388 0.1361394557823129 0.49761904761904757
0 0.13852040816326527 0.4773809523809524 0.1305272108843537 0.4800170068027211 0.12959183673469388 0.4871598639455782 0.1343537414965986 0.4934523809523809 0.1420068027210884 0.49124149659863947 0.14532312925170066 0.4832482993197279
0 0.12006802721088433 0.4363945578231292 0.1107142857142857 0.43843537414965983 0.10969387755102038 0.449234693877551 0.1171768707482993 0.4549319727891157 0.12738095238095237 0.45204081632653065 0.12814625850340136 0.4410714285714286
0 0.13103741496598634 0.4185374149659864 0.12142857142857144 0.4215986394557823 0.11972789115646255 0.43205782312925173 0.12619047619047616 0.4383503401360544 0.13664965986394553 0.43528911564625855 0.13698979591836732 0.4243197278911564
0 0.09098639455782313 0.419812925170068 0.08239795918367346 0.42295918367346935 0.07976190476190476 0.4323129251700681 0.08792517006802719 0.43937074829931966 0.09770408163265305 0.4352040816326531 0.09770408163265305 0.42661564625850334
0 0.07448979591836734 0.4102891156462585 0.0635204081632653 0.41326530612244894 0.0629251700680272 0.4232142857142857 0.06998299319727891 0.4296768707482993 0.07899659863945578 0.4260204081632652 0.08095238095238094 0.4160714285714286
0 0.08426870748299319 0.39141156462585025 0.0732142857142857 0.39515306122448973 0.07380952380952381 0.40637755102040807 0.08112244897959182 0.4107142857142857 0.08860544217687075 0.40816326530612246 0.09175170068027211 0.39778911564625846
0 0.10187074829931972 0.4014455782312925 0.09175170068027211 0.40476190476190466 0.08962585034013605 0.41437074829931975 0.09829931972789115 0.42108843537414964 0.10671768707482993 0.4180272108843537 0.10884353741496597 0.4072278911564625
0 0.09566326530612243 0.3656462585034014 0.08494897959183674 0.37032312925170063 0.0873299319727891 0.3822278911564625 0.09702380952380953 0.3826530612244897 0.10212585034013603 0.3744047619047619
0 0.11062925170068028 0.37534013605442174 0.1016156462585034 0.3773809523809524 0.10017006802721089 0.38639455782312915 0.10909863945578228 0.3914965986394558 0.1173469387755102 0.3854591836734693
0 0.10476190476190475 0.34923469387755096 0.0943877551020408 0.355017006802721 0.09617346938775509 0.36360544217687074 0.10493197278911563 0.3665816326530612 0.10977891156462585 0.36292517006802716 0.11011904761904759 0.3558673469387755
0 0.11879251700680271 0.35756802721088426 0.1119047619047619 0.36147959183673467 0.1095238095238095 0.3674319727891156 0.11284013605442174 0.3740646258503401 0.12210884353741495 0.37304421768707474 0.12568027210884353 0.3656462585034014
0 0.13358843537414966 0.3889455782312925 0.12457482993197279 0.3916666666666666 0.12534013605442174 0.402125850340136 0.13443877551020406 0.404421768707483 0.14073129251700678 0.3986394557823129 0.13945578231292516 0.3922619047619047
0 0.14498299319727886 0.3720238095238095 0.13333333333333328 0.37499999999999994 0.13469387755102039 0.3852891156462585 0.1421768707482993 0.3889455782312925 0.1486394557823129 0.38180272108843527 0.1482142857142857 0.37814625850340133
0 0.1533163265306122 0.35629251700680264 0.14455782312925167 0.3580782312925169 0.1421768707482993 0.3659013605442176 0.14855442176870748 0.37108843537414965 0.15620748299319723 0.3696428571428571 0.15867346938775506 0.36207482993197276
0 0.1683673469387755 0.36403061224489797 0.15986394557823128 0.3651360544217686 0.15671768707482991 0.3731292517006803 0.1607142857142857 0.3790816326530612 0.17015306122448975 0.37882653061224486 0.1738095238095238 0.36981292517006803
0 0.15790816326530607 0.38052721088435365 0.14974489795918364 0.3829081632653061 0.1476190476190476 0.390391156462585 0.15433673469387751 0.3966836734693877 0.16156462585034012 0.39336734693877545 0.16411564625850336 0.38605442176870747
0 0.1482142857142857 0.3973639455782313 0.153656462585034 0.402891156462585 0.15110544217687075 0.4121598639455782 0.13920068027210883 0.4107142857142857 0.13886054421768704 0.40425170068027205 0.14030612244897958 0.39991496598639453 0.14370748299319724 0.39804421768707476
0 0.11705043859649128 0.3337902046783627 0.10489766081871353 0.33570906432748543 0.10489766081871353 0.3463084795321638 0.11147660818713456 0.3506944444444445 0.11814692982456146 0.3481359649122807 0.11988304093567256 0.3402777777777778
0 0.12966008771929832 0.3422880116959065 0.13468567251461996 0.3490497076023393 0.13093932748538017 0.35745614035087725 0.1216191520467837 0.3562682748538012 0.118421052631579 0.3506944444444445 0.12143640350877201 0.3432931286549708
0 0.1791125541125541 0.33752705627705626 0.16869588744588745 0.33915043290043284 0.16734307359307357 0.34862012987012986 0.176271645021645 0.35511363636363635 0.18641774891774893 0.34997294372294374
0 0.18695887445887446 0.3204816017316017 0.176271645021645 0.3249458874458874 0.17708333333333334 0.3349567099567099 0.1875 0.33806818181818177 0.19480519480519481 0.3302218614718615
0 0.19669913419913418 0.3046536796536797 0.18763528138528135 0.30681818181818177 0.18641774891774893 0.31561147186147187 0.1920995670995671 0.32183441558441556 0.20156926406926406 0.31777597402597396 0.20183982683982682 0.3097943722943723
0 0.21320346320346317 0.28179112554112556 0.2000811688311688 0.2828733766233766 0.20116341991341988 0.2968073593073593 0.21631493506493504 0.2957251082251082
0 0.21996753246753242 0.2642045454545454 0.2103625541125541 0.26718073593073594 0.21076839826839824 0.2775974025974026 0.22253787878787876 0.28070887445887444 0.22564935064935063 0.26948051948051943
0 0.23146645021645018 0.24702380952380948 0.22104978354978352 0.24932359307359306 0.21996753246753242 0.2590638528138528 0.231737012987013 0.2624458874458874 0.2362012987012987 0.25595238095238093
0 0.23728354978354976 0.2957251082251082 0.2306547619047619 0.2927489177489177 0.22389069264069264 0.3001893939393939 0.22794913419913418 0.3092532467532467 0.23523954116059387 0.3081983805668017 0.23840249662618093 0.30545715249662625 0.23941464237516874 0.3007338056680163
0 0.2465418353576249 0.301450742240216 0.25227732793522273 0.30583670715249667 0.2519399460188934 0.3132169365721998 0.24418016194331987 0.31730769230769235 0.23717948717948725 0.310391363022942 0.240005060728745 0.30339068825910936
0 0.2478298611111111 0.2775366512345679 0.2390528549382716 0.2783082561728395 0.23606288580246915 0.28641010802469136 0.2439718364197531 0.29190779320987653 0.2506269290123457 0.28650655864197533
0 0.25400270061728397 0.26142939814814814 0.24676890432098764 0.26287615740740744 0.24667245370370372 0.27319637345679015 0.2554494598765432 0.2743537808641975 0.26056134259259256 0.2673128858024691
0 0.27059220679012347 0.2689525462962963 0.27367862654320985 0.27840470679012347 0.2599826388888889 0.2819733796296296 0.25757137345679015 0.2750289351851852 0.26277970679012347 0.2689525462962963
0 0.25660686728395066 0.28486689814814814 0.26441936728395066 0.28862847222222227 0.25863233024691357 0.29875578703703703 0.2491801697530864 0.2954764660493827 0.25255594135802467 0.2849633487654321
0 0.1994619963369963 0.4532394688644689 0.19053342490842487 0.4572458791208791 0.19053342490842487 0.4678914835164835 0.19866071428571425 0.47269917582417587 0.20770375457875456 0.46743360805860806 0.20736034798534797 0.4562156593406594
0 0.21113782051282048 0.4354967948717948 0.20060668498168496 0.43778617216117216 0.19843177655677655 0.44854624542124544 0.20976419413919412 0.4551854395604396 0.21709020146520147 0.450606684981685 0.21823489010989008 0.44122023809523814
0 0.21766254578754574 0.46262591575091583 0.225904304029304 0.46880723443223443 0.22178342490842487 0.48002518315018317 0.20964972527472525 0.48036858974358976 0.2065590659340659 0.4714400183150183 0.20999313186813182 0.46434294871794873
0 0.1376657196969697 0.19353693181818182 0.12843276515151517 0.20561079545454547 0.11564867424242423 0.1980350378787879 0.12298768939393938 0.1824100378787879
0 0.22740384615384612 0.4185897435897436 0.22163461538461537 0.4254807692307692 0.22580128205128205 0.43285256410256406 0.23541666666666666 0.429326923076923 0.23589743589743592 0.4224358974358975
0 0.22003205128205128 0.36522435897435895 0.21282051282051279 0.359775641025641 0.20544871794871797 0.3663461538461538 0.2113782051282051 0.3753205128205128 0.2176282051282051 0.37099358974358976
0 0.20064102564102565 0.352724358974359 0.19310897435897437 0.35961538461538456 0.2001602564102564 0.36778846153846156 0.20849358974358972 0.35961538461538456
0 0.20425511006289307 0.3851709905660377 0.19472287735849056 0.39607900943396224 0.2067118710691824 0.40639740566037735 0.21496658805031443 0.39283608490566035
0 0.2098496835443038 0.3326081223628692 0.2028612869198312 0.3446070675105485 0.21248681434599156 0.35027689873417717 0.22053006329113922 0.3390690928270042
0 0.2275184599156118 0.3253560126582279 0.2219804852320675 0.334585970464135 0.21248681434599156 0.32957542194092826 0.21749736286919832 0.31902689873417717
0 0.2219804852320675 0.3402558016877637 0.21459651898734175 0.35133175105485226 0.22633175105485226 0.35739715189873417 0.23147415611814343 0.3473760548523206
0 0.23015559071729957 0.32601529535864976 0.2246176160337553 0.33537710970464135 0.23424314345991556 0.34183808016877637 0.2392536919831224 0.33168512658227844
0 0.2619330168776371 0.31797204641350213 0.2573180379746835 0.3262790084388185 0.26470200421940926 0.33010284810126583 0.2705036919831224 0.3236418776371308
0 0.27221782700421937 0.3244330168776371 0.2672072784810126 0.3319488396624472 0.2760416666666667 0.33722310126582283 0.28092035864978904 0.3279931434599156
0 0.26694356540084385 0.30755537974683544 0.26417457805907174 0.31441191983122363 0.27023997890295354 0.31915875527426163 0.2769646624472574 0.3111155063291139
0 0.2799973628691983 0.3123022151898734 0.2738001054852321 0.32008175105485226 0.28078850210970463 0.3258834388185654 0.28738132911392406 0.3183676160337553
0 0.27749208860759494 0.2885680379746835 0.2732726793248945 0.2980617088607595 0.28355748945147674 0.3028085443037975 0.2875131856540084 0.2931830168776371
0 0.28237078059071724 0.27854694092827004 0.27894251054852326 0.2875131856540084 0.28790875527426163 0.2913370253164557 0.29291930379746833 0.28276635021097046
0 0.2952927215189873 0.2843486286919831 0.290414029535865 0.2916007383966245 0.2939741561181434 0.29608386075949367 0.3012262658227848 0.2956882911392405 0.3025448312236287 0.2881724683544304
0 0.28883175105485226 0.2958201476793249 0.28659018987341767 0.2991165611814346 0.2852716244725738 0.30373154008438824 0.29212816455696206 0.3082146624472574 0.2980617088607595 0.30003955696202533
0 0.0854250334672022 0.31584672021419014 0.08165997322623834 0.3232931726907631 0.08835341365461855 0.328396921017403 0.09220214190093715 0.32019745649263726
0 0.0895408163265306 0.33014455782312924 0.08380102040816327 0.33860544217687066 0.09285714285714286 0.34404761904761905 0.09825680272108842 0.334906462585034
0 0.09392006802721088 0.3212585034013605 0.09026360544217688 0.3279336734693877 0.09672619047619048 0.33205782312925164 0.10114795918367346 0.32559523809523805
0 0.19623073217726394 0.17455443159922926 0.19141377649325625 0.18165944123314062 0.19731454720616567 0.18635597302504817 0.20345616570327552 0.1792509633911368
0 0.19743497109826588 0.18804190751445085 0.18852360308285163 0.18503131021194605 0.1873193641618497 0.1935814065510597 0.19406310211946048 0.19466522157996144
0 0.19153420038535643 0.1986392100192678 0.18587427745664742 0.1941835260115607 0.18093689788053952 0.2006864161849711 0.1873193641618497 0.20598506743737957
0 0.2046503957783641 0.17941952506596306 0.19920844327176782 0.1864555848724714 0.2059146877748461 0.1910729991204925 0.21080694810905895 0.18365215479331576
0 0.19915347405452946 0.1888192612137203 0.19475593667546176 0.19618513632365872 0.20102242744063326 0.20058267370272648 0.20607959542656112 0.19283201407211958
0 0.19349164467897975 0.19821899736147758 0.18876429199648198 0.2059146877748461 0.19580035180299032 0.209707563764292 0.2005277044854881 0.202726473175022
0 0.20184696569920843 0.2034410729991205 0.19722955145118734 0.21036719437115217 0.2038258575197889 0.2150395778364116 0.20816842568161828 0.20728891820580475
0 0.20761873350923482 0.19354661389621813 0.20278144239226034 0.20140721196130165 0.2100923482849604 0.20531002638522425 0.2135004397537379 0.19805408970976252
0 0.2122911169744943 0.1840919085312225 0.20778364116094983 0.19151275285839928 0.21432497801231307 0.19580035180299032 0.21982189973614774 0.18876429199648198
0 0.21489845938375354 0.13357843137254904 0.21069677871148462 0.1411064425770308 0.2185749299719888 0.14539565826330536 0.22155112044817932 0.13830532212885155
0 0.21008403361344538 0.14233193277310927 0.2064950980392157 0.1488970588235294 0.2136729691876751 0.15239845938375354 0.21804971988795518 0.14635854341736698
0 0.20568868739205526 0.15031303972366147 0.20347582037996548 0.15581822107081172 0.20811744386873918 0.15732944732297063 0.20973661485319517 0.1530116580310881
0 0.2064443005181347 0.1592724525043178 0.20412348877374784 0.15700561312607944 0.20110103626943004 0.1583009499136442 0.20120898100172713 0.16170120898100174 0.2048791018998273 0.16245682210708118
0 0.2124352331606218 0.15425302245250433 0.20946675302245252 0.1591645077720207 0.21389248704663213 0.16170120898100174 0.21686096718480136 0.15765328151986185
0 0.20881908462867013 0.1599740932642487 0.20579663212435234 0.16445379965457688 0.21070811744386875 0.16731433506044907 0.2141083765112263 0.16332037996545767
0 0.4911417322834646 0.5935039370078741 0.4872047244094489 0.6021981627296589 0.495242782152231 0.6067913385826772 0.500051824212272 0.5985178275290215
0 0.497704081632653 0.5829081632653061 0.4936023622047244 0.5910433070866142 0.5019685039370079 0.5954724409448818 0.5072178477690289 0.5877624671916011
0 0.506547619047619 0.5982993197278912 0.5017298435619735 0.6068742478941035 0.5087244283995186 0.6111612515042117 0.5143553067993366 0.603492951907131
0 0.5127105896510229 0.588823706377858 0.5073706377858003 0.5966456077015644 0.516395908543923 0.6022111913357401 0.5218862815884477 0.5943140794223827
0 0.5239169675090253 0.5946901323706378 0.5191034897713598 0.6007821901323707 0.5255102040816326 0.6059523809523809 0.5313775510204082 0.599234693877551
0 0.6948412698412699 0.6055555555555556 0.6754166666666667 0.6018055555555556 0.6718055555555557 0.6220833333333333 0.6926388888888889 0.6270833333333333
0 0.7060922974767596 0.5800962815405047 0.6902390438247012 0.5730411686586986 0.6860889774236388 0.5883964143426296 0.7006944444444445 0.5929166666666666
0 0.6842629482071714 0.5666500664010624 0.676792828685259 0.5820053120849934 0.6621021469676849 0.575467574147853 0.6690465914121293 0.5613009074811863
0 0.6586793286219081 0.5392741460541813 0.649624558303887 0.5321333922261484 0.6423365724381626 0.5400103062426383 0.6462382214369846 0.5490650765606596 0.6565241228070176 0.5478344298245613
0 0.659194640753828 0.5365503533568905 0.6645686101295641 0.5330904004711425 0.6647894581861012 0.5247717903415783 0.6582894076305221 0.5215549698795181 0.6519802709069493 0.5234467020023558 0.6501945281124498 0.5299008534136547 0.6511704946996466 0.5325014723203769 0.6552929917550059 0.5356669611307421
0 0.09755608974358973 0.8497596153846154 0.07587594696969696 0.8497869318181819 0.07658617424242423 0.8691998106060607 0.09410511363636363 0.8691998106060607
0 0.10310132575757577 0.8180634469696969 0.0829782196969697 0.8211410984848485 0.0829782196969697 0.8384232954545454 0.10256410256410256 0.8369391025641025
0 0.12180397727272729 0.8493134469696969 0.10316506410256408 0.8497596153846154 0.10310132575757577 0.8687263257575757 0.12275094696969698 0.8680160984848485
0 0.13032670454545459 0.8178267045454546 0.11157852564102565 0.8165064102564102 0.1079727564102564 0.836338141025641 0.12800480769230768 0.837540064102564
0 0.16370738636363635 0.8218513257575757 0.14098011363636365 0.8258759469696969 0.14500473484848483 0.8441051136363635 0.16255099067599063 0.8435861013986014
0 0.15826231060606064 0.8483664772727273 0.14003314393939395 0.8512073863636362 0.13529829545454547 0.8706202651515152 0.15731534090909094 0.8706202651515152
0 0.18903882575757577 0.8291903409090908 0.16786858974358976 0.8327323717948717 0.17033617424242428 0.8509706439393939 0.18880208333333334 0.848839962121212
0 0.8398950131233596 0.9012467191601051 0.8203740157480316 0.9027230971128608 0.8216863517060368 0.9209317585301837 0.8395669291338583 0.920275590551181
0 0.8121719160104988 0.8871391076115487 0.7934711286089239 0.8887795275590552 0.7934711286089239 0.906496062992126 0.8136482939632547 0.9055118110236221
0 0.7934711286089239 0.8608923884514436 0.7759186351706037 0.8628608923884515 0.7755905511811024 0.8813976377952757 0.797244094488189 0.8802493438320209
0 0.8610576923076922 0.7725961538461539 0.8533653846153847 0.7737179487179487 0.8509615384615384 0.7809294871794872 0.8599358974358974 0.7844551282051281 0.8639423076923077 0.7790064102564103
0 0.8564774061032864 0.7843676643192489 0.8561839788732395 0.7892825704225352 0.8521493544600941 0.792730340375587 0.8469410211267607 0.7914099178403756 0.8445202464788734 0.7873019366197184 0.8467943075117371 0.7826804577464789 0.8506088615023475 0.7812133215962442 0.8537632042253521 0.7824603873239436
0 0.8458415354330708 0.7907644356955381 0.8427247375328085 0.7897801837270341 0.8388287401574803 0.7925688976377954 0.8384186351706037 0.7969160104986877 0.8406742125984252 0.8004839238845144 0.8459235564304463 0.8002378608923886 0.8489583333333334 0.796875 0.84813812335958 0.7928969816272966
0 0.8624097769028871 0.7888369422572178 0.8578986220472441 0.7886318897637795 0.854002624671916 0.7921177821522309 0.8553149606299214 0.796751968503937 0.8587598425196852 0.7988845144356956 0.8631479658792652 0.7985974409448819 0.865731627296588 0.7923228346456693
0 0.8535925196850394 0.7969160104986877 0.8490403543307088 0.798474409448819 0.8468257874015749 0.8015912073490815 0.8471128608923886 0.8055692257217849 0.8511743450767841 0.8082655826558266 0.8566508581752483 0.8071364046973802 0.8586269196025295 0.8013211382113821
0 0.8702009936766035 0.7788504968383018 0.8651761517615176 0.7793586269196024 0.8620144534778681 0.7831413730803976 0.863651761517615 0.7889566395663956 0.8683943089430893 0.7917231255645889 0.8738143631436314 0.7884485094850947 0.8744918699186991 0.7822380307136405
0 0.8766546329723224 0.7917418772563177 0.8733453670276774 0.789861612515042 0.8695848375451262 0.7915914560770156 0.8695848375451262 0.7961793020457281 0.8734957882069794 0.7980595667870037 0.8755264741275571 0.7966305655836342 0.8768050541516245 0.7942238267148014
0 0.8828219013237062 0.7908393501805054 0.8774819494584837 0.792794825511432 0.8768802647412755 0.7972322503008423 0.8794374247894103 0.8006919374247894 0.8842509025270757 0.8006919374247894 0.8871841155234655 0.7946750902527077
0 0.8666516245487365 0.8067087845968712 0.8606347773766546 0.8097172081829122 0.8610108303249098 0.816034897713598 0.8667268351383874 0.8187424789410349 0.8717659446450059 0.8159596871239472 0.871916365824308 0.8097172081829122
0 0.8807912154031287 0.7847472924187725 0.8753008423586041 0.7838447653429603 0.8744735258724426 0.7871540312876053 0.8743231046931408 0.7891847172081828 0.8781588447653428 0.7908393501805054 0.8808664259927798 0.7887334536702769
0 0.9505054240631163 0.7611563116370809 0.9438486193293886 0.7617726824457595 0.9437253451676527 0.7701553254437871 0.9512450690335306 0.7686760355029586
0 0.9617233727810651 0.760663214990138 0.9530941814595661 0.7614028599605522 0.954326923076923 0.7691691321499013 0.9620931952662721 0.7699087771203156
0 0.9718318540433925 0.7604166666666666 0.9634492110453649 0.7621425049309665 0.9646819526627219 0.7692924063116372 0.9729413214990137 0.7690458579881656
0 0.9547002724795641 0.7702089009990918 0.948058583106267 0.7702656675749319 0.9470367847411444 0.774182561307902 0.9486262488646685 0.7775885558583107 0.9532811080835605 0.7778156221616712 0.9549841053587648 0.7752043596730245
0 0.9658265213442325 0.770322434150772 0.9569709355131698 0.7706630336058129 0.9570844686648502 0.7760558583106266 0.959014532243415 0.7777588555858311 0.9642370572207085 0.7777020890099909
0 0.6994444444444444 0.7120833333333333 0.6861111111111111 0.7075 0.6781944444444444 0.7190277777777778 0.6854166666666667 0.7288888888888889 0.7003113026819924 0.7256944444444445
0 0.7272222222222223 0.7380555555555556 0.7120833333333333 0.7270833333333333 0.7009722222222223 0.7418055555555556 0.7165277777777778 0.7529166666666667
0 0.7325 0.7031944444444445 0.71875 0.71625 0.7334722222222223 0.7318055555555556 0.7484722222222223 0.7134722222222223
0 0.7438936781609196 0.6751676245210728 0.7532327586206896 0.686661877394636 0.7383860153256705 0.7015086206896551 0.7242576628352491 0.69169061302682
0 0.6703869047619048 0.6798878205128205 0.660885989010989 0.6749656593406593 0.6553914835164835 0.6852678571428571 0.6647779304029304 0.6901900183150182
0 0.6648923992673993 0.642342032967033 0.6587110805860806 0.6519574175824177 0.6675251831501832 0.6579097985347986 0.6729052197802198 0.6480654761904762
0 0.6814903846153846 0.6360462454212454 0.6755380036630036 0.6437156593406593 0.6830929487179487 0.6509271978021979 0.6909913003663003 0.644059065934066
0 0.6758728338430173 0.649369266055046 0.6707122833843018 0.6585435779816513 0.6798865953109072 0.6646597859327218 0.6849834352701326 0.6535741590214066
0 0.5352678571428572 0.5563988095238095 0.5301276655443322 0.5649200336700336 0.5387556116722784 0.5702511223344556 0.5442971380471381 0.5618336139169473
0 0.5413567887109078 0.5453136918382914 0.5368754767353165 0.5538472540045767 0.5455357142857143 0.5575892857142858 0.5506054538520214 0.5504624332570558
0 0.5549107142857144 0.5513392857142857 0.5477678571428571 0.5584821428571428 0.5550595238095238 0.5647321428571429 0.5623511904761904 0.5589285714285714
0 0.5470885909568874 0.5640444269190326 0.5432768138801262 0.5679876445846478 0.5433425341745531 0.5746911146161934 0.5529376971608833 0.5748225552050473 0.5539235015772871 0.5675933228180863
0 0.5804120541205413 0.5275984009840099 0.5719557195571956 0.5253690036900369 0.5679581795817958 0.5290590405904059 0.5704950799507996 0.5369003690036901 0.5781057810578105 0.535439729397294
0 0.5829489544895449 0.5309040590405905 0.5781826568265683 0.5394372693726938 0.5867158671586716 0.5431273062730628 0.5923277982779829 0.5367466174661747
0 0.5557065217391304 0.5501763920671244 0.5583762395118231 0.5481264302059496 0.5570413806254767 0.5436927917620138 0.5529891304347826 0.542882341723875 0.5501287185354692 0.5460287948131198 0.5512422360248447 0.549344375431332
0 0.5676249046529368 0.5480310831426393 0.560515873015873 0.5483954451345755 0.5606645690312738 0.5540379481311976 0.5676249046529368 0.5541809687261632
0 0.564236111111111 0.5154265873015873 0.5563988095238095 0.5104662698412697 0.5500496031746032 0.5188988095238094 0.5587797619047619 0.5245535714285714
0 0.551140873015873 0.5089781746031746 0.5424107142857143 0.5052083333333334 0.5399305555555555 0.5123511904761905 0.5485615079365079 0.5166170634920635
0 0.5701884920634921 0.5028273809523809 0.5587797619047619 0.5026289682539682 0.5587797619047619 0.5094742063492064 0.5670138888888888 0.5124503968253968
0 0.5870535714285714 0.5131448412698413 0.5771329365079364 0.5141369047619048 0.578125 0.521875 0.5842757936507936 0.5212797619047619
0 0.5978670634920634 0.5183035714285714 0.5875496031746031 0.5194940476190476 0.5900297619047619 0.5274305555555555 0.597172619047619 0.5268353174603174
0 0.5786210317460317 0.4923115079365079 0.5741567460317459 0.4972718253968254 0.5764384920634921 0.5023313492063491 0.5831845238095238 0.5018353174603175 0.5844742063492063 0.4961805555555555
0 0.5750450721153846 0.49566806891025633 0.5767477964743589 0.49196213942307687 0.573642828525641 0.4888070913461538 0.5678836137820513 0.4905098157051282 0.5672325721153846 0.49496694711538464 0.5719901842948717 0.4979216746794871
0 0.5562149439102564 0.49972455929487175 0.5489533253205128 0.4966696714743589 0.5445462740384616 0.5034304887820513 0.5520082131410255 0.5071364182692307
0 0.6976246105919002 0.4425623052959501 0.6886682242990654 0.4546339563862927 0.7001557632398753 0.46183800623052956 0.7093068535825544 0.4517133956386292
0 0.6787383177570093 0.4205607476635514 0.6688084112149532 0.43146417445482865 0.6787383177570093 0.4404205607476635 0.6901785714285715 0.43095238095238103
0 0.6648809523809525 0.40178571428571436 0.6514797507788161 0.40829439252336447 0.6580996884735202 0.42095015576323985 0.6707554517133956 0.4139408099688473
0 0.6450082508250825 0.3886138613861386 0.6331775700934579 0.3927180685358255 0.6370716510903427 0.40342679127725856 0.6476897689768978 0.40202145214521456
0 0.6569314641744547 0.3876557632398754 0.6493380062305295 0.39388629283489096 0.6555685358255451 0.4001168224299065 0.662967289719626 0.3950545171339564
0 0.6293316831683168 0.3725247524752476 0.6177805280528053 0.3766501650165017 0.6221122112211221 0.38840759075907594 0.6338696369636965 0.3849009900990099
0 0.5885903426791276 0.3866822429906541 0.5786604361370716 0.38726635514018687 0.5788551401869159 0.3968068535825546 0.5880775577557756 0.39748349834983504
0 0.5740511551155115 0.3795379537953796 0.5635313531353136 0.37809405940594065 0.5618811881188118 0.3877887788778878 0.5721947194719472 0.38985148514851486
0 0.5934579439252335 0.4357476635514018 0.5851897689768978 0.4348184818481849 0.582920792079208 0.44162541254125415 0.5903426791277258 0.4437305295950155
0 0.5876650165016502 0.449463696369637 0.582920792079208 0.4447194719471947 0.5763201320132013 0.4490511551155115 0.5816831683168318 0.4560643564356436
0 0.5684055118110236 0.3520341207349081 0.5602034120734909 0.3512139107611548 0.5598753280839895 0.3581036745406824 0.5672572178477691 0.3589238845144357
0 0.5775918635170605 0.3364501312335958 0.5685695538057743 0.3366141732283464 0.5688976377952757 0.343996062992126 0.5756233595800525 0.34432414698162733
0 0.5843175853018373 0.32250656167979 0.5754593175853018 0.32496719160104987 0.5762795275590551 0.33284120734908135 0.5836614173228347 0.33120078740157477
0 0.59498031496063 0.328740157480315 0.5866141732283464 0.32824803149606296 0.5846456692913385 0.33562992125984253 0.5930118110236221 0.33841863517060367
0 0.6353346456692913 0.4155183727034121 0.6267523364485981 0.4168613707165109 0.6277258566978192 0.42659657320872274 0.6361548556430446 0.4243766404199475
0 0.6342765339966833 0.28746890547263687 0.6228752072968491 0.29824834162520736 0.6325145107794361 0.3083022388059702 0.6428793532338308 0.2975228026533997
0 0.6593594527363184 0.31545398009950254 0.6474398839137645 0.32633706467661694 0.6572864842454395 0.3346289386401327 0.6693097014925373 0.3270626036484246
0 0.6795853758169934 0.3446180555555556 0.6742749183006536 0.35003063725490197 0.6800959967320261 0.355749591503268 0.6847937091503267 0.3503370098039216
0 0.686734068627451 0.3385927287581699 0.6809129901960784 0.3433925653594771 0.685610702614379 0.3492136437908497 0.6914317810457515 0.3452308006535948
0 0.6946997549019608 0.34676266339869277 0.69000204248366 0.347375408496732 0.6878574346405228 0.35023488562091504 0.6893892973856208 0.35401348039215685 0.6930657679738562 0.3547283496732026 0.6962316176470588 0.35186887254901955
0 0.6866319444444444 0.3527879901960784 0.6829554738562092 0.3535028594771242 0.6810151143790849 0.3570772058823529 0.6829554738562092 0.3602430555555556 0.6885723039215687 0.3606515522875817 0.6894914215686274 0.35646446078431365
0 0.7009293300653595 0.35401348039215685 0.6969464869281046 0.35319648692810457 0.6939848856209151 0.3560559640522876 0.6948018790849673 0.359936683006536 0.6976613562091503 0.3611621732026144 0.7022569444444444 0.35922181372549017
0 0.6920445261437908 0.3594260620915033 0.6872446895424836 0.3615706699346405 0.6884701797385621 0.36534926470588236 0.6915339052287582 0.36718749999999994 0.6946997549019608 0.36585988562091504 0.6955167483660131 0.36177491830065356
0 0.7069546568627452 0.3600388071895425 0.7024611928104575 0.3602430555555556 0.7000102124183005 0.36208129084967317 0.7000102124183005 0.36504289215686275 0.7019505718954249 0.36688112745098034 0.7051164215686274 0.3675959967320261 0.7081801470588236 0.3648386437908497
0 0.6989889705882354 0.3652471405228758 0.6943933823529412 0.3667790032679738 0.6933721405228759 0.3712724673202615 0.6953125 0.372906454248366 0.6987847222222223 0.3735191993464052 0.7017463235294118 0.3698427287581699
0 0.7134906045751633 0.3669832516339869 0.7087928921568628 0.36637050653594777 0.7058312908496731 0.3686172385620915 0.7055249183006536 0.37086397058823534 0.7085886437908497 0.3741319444444444 0.71359272875817 0.3741319444444444
0 0.7033803104575164 0.3715788398692811 0.6994995915032679 0.37392769607843135 0.6991932189542485 0.3787275326797385 0.7047079248366013 0.3804636437908497 0.7087928921568628 0.3759701797385621
0 0.7507203014184397 0.42126551418439706 0.7451795212765957 0.4252548758865248 0.7499445921985816 0.433344414893617 0.7553745567375886 0.4260305851063829
0 0.7568151595744681 0.41583554964539005 0.7519392730496454 0.4204898049645389 0.753269060283688 0.4234818262411347 0.7571476063829787 0.4254765070921986 0.7614694148936171 0.42159796099290775
0 0.7625775709219859 0.4220412234042553 0.7573692375886525 0.42691710992907805 0.7619126773049646 0.43201462765957444 0.767896719858156 0.42713874113475175
0 0.7558178191489362 0.4279144503546099 0.7516068262411347 0.43223625886524825 0.7547096631205674 0.4383311170212766 0.7606937056737589 0.4331227836879432
0 0.7899368231046933 0.4720968712394706 0.78895908543923 0.4759326113116727 0.7918170878459687 0.4792418772563177 0.796028880866426 0.4778880866425993 0.7976083032490975 0.47435318892900125 0.7945246690734055 0.470141395908544
0 0.7978339350180506 0.4650270758122744 0.7949007220216607 0.4687876052948255 0.7970818291215404 0.4726233453670277 0.8012936221419976 0.47314981949458484 0.8039259927797835 0.4690884476534296 0.8023465703971119 0.4652527075812275
0 0.8035499398315283 0.47172081829121537 0.8079873646209386 0.47119434416365824 0.8101684717208183 0.4755565583634176 0.8076113116726836 0.4790914560770157 0.8038507821901323 0.47961793020457283 0.8012936221419976 0.4750300842358604
0 0.799037304452467 0.4752557160048135 0.7931708784596871 0.4814229843561974 0.7979091456077015 0.48631167268351383 0.8046028880866426 0.48247593261131166
0 0.6810400516795866 0.05006459948320413 0.6726421188630491 0.06540697674418604 0.685077519379845 0.07235142118863049 0.6949289405684754 0.05846253229974161
0 0.705749354005168 0.05862403100775193 0.6954134366925064 0.06217700258397932 0.6936369509043928 0.07057493540051679 0.7012273901808785 0.07606589147286823 0.7089793281653747 0.07170542635658915 0.7099483204134367 0.06411498708010335
0 0.7210917312661499 0.06831395348837209 0.7114018087855297 0.07122093023255814 0.7068798449612403 0.07929586563307495 0.7188307493540051 0.08704780361757106 0.7262596899224806 0.07961886304909561
0 0.7311046511627908 0.015180878552971571 0.7133397932816538 0.020187338501291983 0.7186692506459949 0.03585271317829458 0.7327196382428941 0.029877260981912138
0 0.7185077519379846 0.04360465116279069 0.7107558139534884 0.03924418604651162 0.7044573643410853 0.0445736434108527 0.7070413436692506 0.05248708010335917 0.7157622739018088 0.051841085271317824
0 0.7260981912144703 0.04699612403100776 0.7180232558139534 0.05119509043927649 0.7181847545219638 0.05862403100775193 0.727874677002584 0.060239018087855305 0.7304586563307494 0.053779069767441866
0 0.7390180878552972 0.05636304909560722 0.729812661498708 0.05878552971576228 0.728359173126615 0.06621447028423773 0.7377260981912145 0.06992894056847546 0.7435400516795866 0.06459948320413438
0 0.6890889830508475 0.12623587570621472 0.6822033898305085 0.1347104519774011 0.6903248587570622 0.1405367231638418 0.696680790960452 0.13329802259887003
0 0.6991525423728814 0.11758474576271188 0.6919138418079097 0.12464689265536724 0.6984463276836159 0.13047316384180788 0.7074505649717514 0.12552966101694915
0 0.708156779661017 0.10858050847457629 0.7023305084745763 0.1151129943502825 0.7062146892655367 0.1216454802259887 0.7132768361581922 0.12023305084745763 0.7148658192090396 0.11493644067796609
0 0.7161016949152542 0.10151836158192092 0.7122175141242938 0.10734463276836156 0.7153954802259888 0.11352401129943501 0.7226341807909604 0.11122881355932203 0.7243997175141242 0.10399011299435028
0 0.7282838983050848 0.11069915254237288 0.7222810734463277 0.11581920903954801 0.7245762711864407 0.12305790960451977 0.7307556497175142 0.12341101694915252 0.734816384180791 0.11670197740112996
0 0.717867231638418 0.12076271186440678 0.7134533898305085 0.125 0.7145127118644068 0.1313559322033898 0.7238700564971752 0.13241525423728812 0.7242231638418078 0.1248234463276836
0 0.7086864406779662 0.12941384180790963 0.7028601694915254 0.13347457627118645 0.706744350282486 0.1414194915254237 0.7148658192090396 0.13877118644067796 0.7152189265536724 0.1347104519774011
0 0.7000353107344633 0.1373587570621469 0.6924435028248588 0.14424435028248586 0.6979166666666666 0.15112994350282485 0.7056850282485876 0.14565677966101692
0 0.8029119318181819 0.05196496212121212 0.7936789772727273 0.06522253787878787 0.8033854166666666 0.06972064393939395 0.8102509469696969 0.06309185606060605
0 0.8140388257575757 0.06309185606060605 0.8057528409090908 0.07374526515151514 0.815222537878788 0.0791903409090909 0.8237452651515152 0.0713778409090909
0 0.8334517045454546 0.07303503787878787 0.823035037878788 0.07469223484848486 0.8190104166666666 0.08250473484848486 0.8239820075757575 0.09008049242424243 0.8343986742424242 0.08818655303030304 0.8379498106060607 0.08037405303030304
0 0.8980823863636362 0.11991003787878786 0.8843513257575757 0.11517518939393938 0.8774857954545454 0.127249053030303 0.8893229166666666 0.13458806818181818
0 0.8997395833333334 0.12440814393939395 0.911339962121212 0.13127367424242428 0.903527462121212 0.14453125 0.8926373106060607 0.14003314393939395 0.8938210227272727 0.13198390151515152
0 0.9200994318181819 0.13695549242424246 0.9103929924242423 0.1374289772727273 0.9047111742424242 0.14760890151515152 0.9151278409090908 0.15494791666666666 0.9238873106060607 0.1452414772727273
0 0.9321732954545454 0.14571496212121213 0.920809659090909 0.15021306818181818 0.9231770833333334 0.16323390151515152 0.9380918560606061 0.1608664772727273
0 0.946509009009009 0.19181681681681687 0.9359984984984986 0.19481981981981988 0.9326201201201201 0.20457957957957965 0.9403153153153153 0.2111486486486487 0.9519519519519519 0.20457957957957965
0 0.6952789699570815 0.6937589413447782 0.6967095851216022 0.6972460658082975 0.7001967095851216 0.7019849785407725 0.7065450643776824 0.703862660944206 0.7128040057224606 0.70189556509299 0.7167381974248926 0.697961373390558 0.717274678111588 0.6939377682403433
