0 0.38024934383202097 0.5621719160104988 0.36335301837270334 0.5631561679790027 0.36351706036745407 0.5789041994750657 0.37975721784776906 0.5792322834645669
0 0.38205380577427817 0.5903871391076115 0.36975065616797903 0.5905511811023623 0.3686023622047244 0.6017060367454068 0.3810695538057743 0.603510498687664
0 0.38369565217391305 0.6699275362318841 0.37192028985507253 0.6708333333333333 0.3730072463768116 0.6829710144927535 0.3851449275362319 0.6826086956521739
0 0.4079710144927537 0.6730072463768115 0.3987318840579711 0.6739130434782609 0.3983695652173914 0.6835144927536231 0.40887681159420297 0.6831521739130434
0 0.4206521739130435 0.6717391304347826 0.41159420289855075 0.6722826086956522 0.41159420289855075 0.6818840579710145 0.4208333333333334 0.6818840579710145
0 0.4 0.6054347826086957 0.3914855072463768 0.6067028985507246 0.392572463768116 0.6170289855072464 0.4018115942028986 0.616304347826087
0 0.38822463768115945 0.6063405797101449 0.3795289855072464 0.6063405797101449 0.380072463768116 0.6164855072463767 0.38967391304347826 0.6166666666666667
0 0.3764492753623189 0.6063405797101449 0.3661231884057971 0.6076086956521739 0.36793478260869567 0.6190217391304348 0.37590579710144933 0.6170289855072464
0 0.36335301837270334 0.541994750656168 0.358759842519685 0.537729658792651 0.3521981627296588 0.5411745406824147 0.3533464566929133 0.5485564304461943 0.3617125984251968 0.5495406824146982
0 0.3556430446194226 0.5273950131233596 0.3458005249343832 0.5308398950131233 0.349737532808399 0.5390419947506562 0.3572834645669291 0.5355971128608924
0 0.36450131233595795 0.53001968503937 0.3585958005249344 0.5318241469816274 0.3602362204724409 0.5378937007874016 0.36745406824146976 0.537729658792651
0 0.3795931758530183 0.5306758530183727 0.37106299212598426 0.5310039370078741 0.3723753280839895 0.5387139107611548 0.3799212598425197 0.5378937007874016
0 0.3804133858267716 0.5408464566929134 0.37089895013123353 0.541502624671916 0.37155511811023617 0.5488845144356956 0.3782808398950131 0.5487204724409449
0 0.38074146981627294 0.5088582677165355 0.37089895013123353 0.5103346456692913 0.37286745406824146 0.5193569553805775 0.3799212598425197 0.5187007874015748
0 0.3914041994750656 0.5091863517060368 0.38270997375328086 0.5111548556430446 0.3835301837270341 0.5185367454068242 0.39173228346456684 0.5182086614173229
0 0.39238845144356954 0.4963910761154856 0.38254593175853013 0.49671916010498685 0.384514435695538 0.5044291338582677 0.39255249343832016 0.506233595800525
0 0.3794291338582677 0.495242782152231 0.3723753280839895 0.4965551181102362 0.37335958005249337 0.5047572178477691 0.3822178477690289 0.5041010498687665 0.3813976377952756 0.49967191601049876
0 0.3700787401574803 0.4950787401574803 0.36220472440944884 0.4949146981627297 0.36122047244094485 0.5036089238845145 0.36909448818897633 0.5037729658792651 0.37139107611548555 0.500492125984252
0 0.35711942257217844 0.49376640419947504 0.34858923884514437 0.4960629921259843 0.3520341207349081 0.5032808398950132 0.35711942257217844 0.5029527559055118 0.36040026246719153 0.49868766404199477
0 0.4210607177974435 0.8189220747295969 0.4225356440511308 0.8209500983284169 0.4220440019665684 0.8246374139626352 0.4195857915437562 0.8258050639134711 0.4165744837758112 0.8256821533923303 0.4149766470009833 0.8246374139626352 0.4138704523107178 0.8218719272369714 0.41479228121927236 0.8191678957718781 0.417742133726647 0.8175700589970502 0.419954523107178 0.8179387905604719
0 0.42493239921337267 0.8205199115044247 0.42327310717797445 0.8199668141592921 0.422166912487709 0.8178773352999016 0.422166912487709 0.8151733038348083 0.4240105703048181 0.8132067354965584 0.4271447885939037 0.8125921828908554 0.43034046214355953 0.8144358407079647 0.43077064896755163 0.8167711406096363 0.4301560963618486 0.8189220747295969 0.42812807276302856 0.8206428220255654 0.42597713864306785 0.8209500983284169
0 0.42653023598820056 0.8329953294001966 0.42499385447394294 0.8332411504424778 0.4226585545722714 0.832442232055064 0.42093780727630287 0.8307829400196657 0.42056907571288105 0.828017453294002 0.42192109144542767 0.8255592428711899 0.4240720255653884 0.824391592920354 0.42665314650934116 0.8246988692232055 0.42929572271386435 0.8269112586037364 0.4297873647984268 0.8297382005899704 0.4284968043264504 0.832257866273353
0 0.43138520157325466 0.8262352507374631 0.4287426253687316 0.8247603244837758 0.42788225172074734 0.8227937561455261 0.4284353490658801 0.821380285152409 0.42954154375614556 0.8197209931170109 0.431446656833825 0.8189835299901672 0.43353613569321536 0.8195366273352999 0.4348266961651918 0.8210730088495576 0.43556415929203546 0.8229166666666665 0.43488815142576204 0.8249446902654867 0.43236848574237957 0.8262967059980335
0 0.43462301587301594 0.7994378306878308 0.4361441798941799 0.7977843915343916 0.43931878306878314 0.7975198412698412 0.4413029100529101 0.79864417989418 0.44222883597883605 0.8015542328042329 0.4403769841269841 0.8043320105820108 0.4375992063492064 0.8046626984126984 0.4358134920634922 0.804265873015873 0.4346891534391535 0.8022817460317461
0 0.4442949779249449 0.7624517108167771 0.44664045253863144 0.7612099889624724 0.44912389624724064 0.7625206953642385 0.45064155629139074 0.7658319536423842 0.44960678807947024 0.7679014900662252 0.44753725165562924 0.7689362582781457 0.4446399006622517 0.7685223509933775 0.44326020971302427 0.7670736754966887 0.4427083333333333 0.7644522626931568
0 0.44870998896247244 0.7500344922737306 0.4492618653421634 0.7527938741721855 0.44808912803532014 0.7546564569536424 0.4463645143487859 0.7557602097130243 0.4445019315673289 0.7555532560706402 0.4427083333333333 0.7550703642384107 0.4413976269315674 0.7530008278145696 0.4415355960264901 0.749896523178808 0.4431912251655629 0.7481029249448123 0.44615756070640183 0.7479649558498896
0 0.4504346026490067 0.746516280353201 0.4498137417218543 0.7445847130242826 0.4496757726269316 0.7423772075055187 0.45126241721854304 0.7401007174392936 0.4534009381898455 0.7400317328918322 0.4560913355408389 0.7410665011037527 0.4568501655629139 0.7431360375275938 0.45574641280353206 0.7457574503311258 0.45409078366445915 0.747275110375276 0.45126241721854304 0.7467922185430464
0 0.45816087196467997 0.7469301876379691 0.4598165011037528 0.7452055739514349 0.46167908388520973 0.7452055739514349 0.46340369757174393 0.7464472958057395 0.46388658940397354 0.7487237858719648 0.46223096026490074 0.7505863686534217 0.4598165011037528 0.7509312913907285 0.4580229028697572 0.7499655077262694
0 0.45678118101545256 0.735478752759382 0.45781594922737306 0.7343060154525386 0.460782284768212 0.7340990618101546 0.4629208057395144 0.7353407836644592 0.4631967439293599 0.737548289183223 0.46174806843267113 0.7398247792494481 0.458919701986755 0.7406525938189846 0.45664321192052987 0.7391349337748344 0.45616032008830026 0.736996412803532
0 0.46478338852097134 0.7401007174392936 0.4666459713024283 0.7389279801324503 0.4696812913907285 0.7398247792494481 0.47092301324503316 0.7416183774834437 0.47064707505518766 0.7449986203090508 0.4674048013245033 0.7460333885209713 0.46505932671081684 0.745412527593819 0.46361065121412803 0.7436879139072848
0 0.37251157407407404 0.750462962962963 0.37407407407407406 0.749537037037037 0.3765625 0.7495949074074073 0.37800925925925927 0.7510416666666666 0.37905092592592593 0.7532407407407407 0.37870370370370365 0.755787037037037 0.3772569444444444 0.7567708333333333 0.37401620370370364 0.7572337962962963 0.3719328703703703 0.7559027777777777 0.37089120370370365 0.7538194444444444 0.37089120370370365 0.7521412037037036
0 0.3785300925925926 0.7460648148148148 0.3789351851851852 0.7435763888888889 0.38061342592592595 0.7421874999999999 0.38339120370370366 0.7419560185185184 0.3847800925925926 0.7438657407407406 0.3853587962962963 0.746875 0.38362268518518516 0.7490162037037036 0.38130787037037034 0.7493055555555556 0.37939814814814815 0.7485532407407407
0 0.37951388888888893 0.7576388888888889 0.3810763888888889 0.756423611111111 0.383449074074074 0.7565972222222221 0.38530092592592596 0.7588541666666666 0.38541666666666674 0.7618634259259259 0.383275462962963 0.7635416666666666 0.3802662037037037 0.7635416666666666 0.3788773148148148 0.7611689814814814 0.37899305555555557 0.7583333333333332
0 0.38611111111111107 0.750636574074074 0.388599537037037 0.7493055555555556 0.3909722222222222 0.7494791666666666 0.3925925925925926 0.751736111111111 0.39282407407407405 0.7538773148148148 0.3904513888888889 0.7560763888888888 0.38842592592592595 0.7560763888888888 0.3864583333333334 0.755150462962963 0.38559027777777777 0.7533564814814814
