0 0.30078125 0.38469328703703703 0.2825520833333333 0.38816550925925936 0.2842881944444445 0.4055266203703704 0.3039089347079038 0.40356529209622
0 0.34881365740740744 0.39250578703703703 0.33087384259259256 0.3936631944444445 0.33204467353951894 0.41215635738831624 0.3515893470790379 0.4100085910652921
0 0.3835358796296297 0.38671875 0.365306712962963 0.38816550925925936 0.3676215277777778 0.4066840277777778 0.3846649484536083 0.404639175257732
0 0.35373263888888895 0.42346643518518523 0.3356958762886598 0.4246134020618557 0.3371993127147766 0.4428694158075602 0.3558848797250859 0.44158075601374575
0 0.35720486111111116 0.45471643518518523 0.3387027491408935 0.4559707903780069 0.34192439862542956 0.4748711340206186 0.36096643518518523 0.4717881944444445
0 0.38896048109965636 0.41537800687285226 0.37225115740740744 0.4182581018518519 0.3713831018518519 0.437644675925926 0.39067869415807566 0.43685567010309284
0 0.42086226851851855 0.380931712962963 0.40002893518518523 0.3832465277777778 0.40335051546391754 0.40163230240549824 0.4198883161512028 0.39948453608247425
0 0.42418384879725085 0.41129725085910657 0.4048539518900344 0.41451890034364264 0.4074312714776633 0.43320446735395196 0.42418384879725085 0.4327749140893471
0 0.39454467353951894 0.44737972508591073 0.3737113402061856 0.45081615120274915 0.37779209621993126 0.4701460481099657 0.3964776632302406 0.46928694158075607
0 0.39926975945017185 0.48024054982817876 0.3794849537037037 0.4830729166666667 0.3810137457044674 0.5010738831615121 0.40163230240549824 0.49935567010309284
0 0.4325601374570447 0.475085910652921 0.41301546391752586 0.47809278350515466 0.4175257731958763 0.4974226804123712 0.4340635738831616 0.4935567010309279
0 0.4383591065292096 0.5066580756013745 0.4188144329896908 0.5088058419243987 0.42096219931271484 0.5272766323024055 0.4396477663230241 0.5270618556701031
0 0.45962199312714785 0.4151632302405499 0.44029209621993126 0.41774054982817876 0.4430841924398626 0.43921821305841924 0.4624140893470791 0.43535223367697595
0 0.4639756944444445 0.44806134259259267 0.4457465277777778 0.45095486111111116 0.4478092783505155 0.4686426116838488 0.4664948453608248 0.46585051546391754
0 0.46821305841924404 0.4776632302405499 0.4499570446735396 0.4823883161512028 0.45296391752577325 0.49957044673539525 0.47207903780068733 0.49785223367697595
0 0.4717881944444445 0.509982638888889 0.4544270833333333 0.513744212962963 0.45847800925925936 0.5316840277777778 0.476707175925926 0.5267650462962964
0 0.5122974537037037 0.5360243055555556 0.4935567010309279 0.538659793814433 0.4961340206185567 0.5577749140893471 0.5149016203703703 0.5539641203703703
0 0.5092353951890035 0.5034364261168385 0.48947594501718217 0.5077319587628867 0.49226804123711343 0.5259879725085911 0.5109536082474228 0.5244845360824743
0 0.5036512027491409 0.47207903780068733 0.48303264604810997 0.4765893470790379 0.489905498281787 0.4965635738831616 0.5066580756013745 0.4918384879725087
0 0.4991408934707904 0.44093642611683853 0.4791666666666667 0.4454467353951891 0.48303264604810997 0.4630584192439863 0.5015034364261168 0.46176975945017185
0 0.49464699074074076 0.4098668981481482 0.476707175925926 0.4124710648148149 0.47815393518518523 0.43214699074074076 0.49609375 0.4307002314814815
0 0.49054982817869414 0.3775773195876289 0.47265625 0.38064236111111116 0.47293814432989695 0.4014175257731959 0.49162371134020627 0.3984106529209622
0 0.523582175925926 0.3736979166666667 0.5049398625429554 0.37564432989690727 0.5090206185567011 0.3962628865979382 0.5279209621993127 0.39282646048109965
0 0.5276331018518519 0.4049479166666667 0.5111400462962964 0.4092881944444445 0.5143900343642612 0.427405498281787 0.5308159722222223 0.4228877314814815
0 0.5574363425925927 0.3679108796296297 0.538659793814433 0.37199312714776633 0.5458622685185186 0.3893229166666667 0.5629295532646048 0.38788659793814434
0 0.562644675925926 0.3997395833333333 0.5438144329896908 0.4039948453608248 0.5487542955326461 0.4224656357388316 0.5661168981481481 0.41883680555555564
0 0.5700171821305842 0.43148625429553267 0.5478951890034365 0.4349226804123712 0.5528350515463918 0.453393470790378 0.5700171821305842 0.45060137457044674
0 0.5352233676975946 0.43707044673539525 0.5158934707903781 0.4383591065292096 0.5165378006872853 0.45768900343642616 0.535438144329897 0.4589776632302406
0 0.5374710648148149 0.46773726851851855 0.5191151202749141 0.4701460481099657 0.5219072164948454 0.48969072164948463 0.5409432870370371 0.48625578703703703
0 0.5710358796296298 0.4619502314814815 0.5545428240740741 0.4674479166666667 0.5559895833333334 0.48191550925925936 0.5753761574074074 0.48133680555555564
0 0.543859649122807 0.49780701754385975 0.5224780701754387 0.5020102339181287 0.5270467836257311 0.522295321637427 0.5445906432748537 0.5199195906432749
0 0.5750868055555556 0.4926215277777778 0.5583043981481481 0.4986979166666667 0.5629340277777778 0.515769675925926 0.5813230994152048 0.512609649122807
0 0.5835160818713451 0.5248538011695907 0.5638020833333334 0.5282118055555556 0.5661168981481481 0.5473090277777778 0.5842470760233919 0.5453216374269007
0 0.5478877314814815 0.531394675925926 0.529369212962963 0.5337094907407408 0.531394675925926 0.5525173611111112 0.5499131944444445 0.55078125
0 0.552806712962963 0.560619212962963 0.5354456018518519 0.5643807870370371 0.5360243055555556 0.5837673611111112 0.5539641203703703 0.5808738425925927
0 0.5852141203703703 0.5574363425925927 0.5695891203703703 0.560619212962963 0.5701678240740741 0.5774016203703703 0.5892650462962964 0.5745081018518519
0 0.5912905092592593 0.5875289351851852 0.5730613425925927 0.5895543981481481 0.5745081018518519 0.6083622685185186 0.5944733796296298 0.60546875
