0 0.2607028388278388 0.6742788461538461 0.25921474358974356 0.6794299450549451 0.25440705128205127 0.6818337912087913 0.24605082417582413 0.6801167582417582 0.2445627289377289 0.6745077838827839 0.24730998168498167 0.6680975274725275 0.2520032051282051 0.6654647435897435 0.2565819597069597 0.6666094322344323 0.2603594322344322 0.6703869047619048
0 0.2863425925925926 0.678587962962963 0.28541666666666665 0.675636574074074 0.28501157407407407 0.6723958333333332 0.2868055555555556 0.668287037037037 0.290625 0.666261574074074 0.29606481481481484 0.6670138888888889 0.2991898148148148 0.669212962962963 0.3004050925925926 0.6740162037037036 0.2989583333333333 0.6786458333333333 0.2955439814814815 0.6815972222222222 0.290625 0.6817708333333332 0.2881944444444444 0.6806134259259259
0 0.2551679586563307 0.6580264857881136 0.2516149870801033 0.6578649870801033 0.24701227390180874 0.6560885012919897 0.24547803617571057 0.6531815245478036 0.2453972868217054 0.6480135658914729 0.24870801033591727 0.6438953488372093 0.25508720930232553 0.643249354005168 0.25936692506459946 0.6454295865633075 0.26114341085271314 0.6513242894056848 0.25936692506459946 0.6561692506459949
0 0.28890931372549017 0.6573576546003017 0.28697680995475117 0.6558964932126697 0.285374245852187 0.6534455128205128 0.285374245852187 0.648873491704374 0.2865997360482655 0.6463282428355958 0.29004053544494723 0.6436415912518854 0.29432975113122173 0.6429817119155354 0.29918457767722473 0.645809766214178 0.30041006787330315 0.6499575791855203 0.29989159125188536 0.6545296003016591 0.2962151206636501 0.657310520361991 0.2925386500754148 0.6584888763197586
0 0.3172348484848485 0.6743213383838383 0.31794507575757575 0.6710069444444444 0.3204703282828283 0.6667455808080809 0.32623106060606055 0.6657196969696969 0.3314393939393939 0.6679292929292929 0.33341224747474746 0.6740056818181819 0.3312026515151515 0.6792929292929292 0.3258364898989899 0.6822916666666666 0.32086489898989895 0.680871212121212 0.31833964646464646 0.6787405303030302
0 0.31762941919191917 0.6538825757575757 0.316998106060606 0.6478061868686869 0.3196022727272727 0.6437815656565656 0.32402146464646464 0.6425978535353536 0.32922979797979796 0.6431502525252525 0.3327809343434343 0.647885101010101 0.3325441919191919 0.6528566919191919 0.3284406565656566 0.6578282828282828 0.3248895202020202 0.6583806818181819 0.32023358585858586 0.6564078282828283
0 0.34937169312169314 0.681878306878307 0.3479662698412698 0.6789021164021165 0.34730489417989413 0.6736937830687831 0.3500330687830687 0.6692294973544974 0.35474537037037035 0.6665839947089948 0.3611111111111111 0.668154761904762 0.365162037037037 0.6733630952380952 0.365162037037037 0.6790674603174603 0.3611111111111111 0.6839451058201058 0.35598544973544977 0.6849371693121694
0 0.3544973544973545 0.6573247354497355 0.3524305555555556 0.6567460317460319 0.3488756613756614 0.6546792328042328 0.3468088624338624 0.6504629629629629 0.3480489417989418 0.6450066137566137 0.35119047619047616 0.6414517195767195 0.35648148148148145 0.6402943121693122 0.3637566137566137 0.6431878306878307 0.3650793650793651 0.6483961640211641 0.36334325396825395 0.6538525132275133 0.3586309523809524 0.6569113756613757
0 0.3557374338624339 0.6252480158730158 0.35267857142857145 0.6253306878306879 0.349537037037037 0.6233465608465608 0.34788359788359785 0.621031746031746 0.34689153439153436 0.6158234126984128 0.3482142857142857 0.6116898148148149 0.3535879629629629 0.609375 0.3605324074074074 0.611276455026455 0.3630125661375661 0.6149966931216931 0.3621858465608465 0.6216931216931217 0.35854828042328035 0.6245866402116402
0 0.33065595716198126 0.61320281124498 0.3309906291834003 0.6185575635876841 0.3292336010709505 0.6234939759036146 0.3248828647925034 0.6258366800535476 0.320615796519411 0.6254183400267739 0.3171854082998662 0.6234939759036146 0.3155120481927711 0.6189759036144579 0.3153447121820616 0.614876171352075 0.31910977242302546 0.6104417670682731 0.3244645247657296 0.6096887550200804 0.32881526104417674 0.6108601070950469
0 0.29426037483266404 0.6152945113788487 0.2930890227576975 0.6193105756358769 0.29066265060240964 0.6231593038821954 0.28346720214190096 0.6247489959839359 0.2801204819277109 0.6227409638554217 0.2772757697456493 0.6199799196787149 0.2761880856760375 0.6162148594377511 0.27660642570281124 0.612533467202142 0.2792001338688086 0.6088520749665328 0.28422021419009375 0.6065930388219546 0.2901606425702811 0.6075970548862115 0.29350736278447126 0.6111947791164659
0 0.2921686746987952 0.5930388219544847 0.28932396251673365 0.5955488621151273 0.2837182061579652 0.5969712182061581 0.2792001338688086 0.5948795180722892 0.2771084337349398 0.5911144578313253 0.27560240963855426 0.5857597054886212 0.27853078982597057 0.5814926372155288 0.28346720214190096 0.5790662650602411 0.28940763052208834 0.57940093708166 0.2930890227576975 0.5838353413654619 0.2938420348058903 0.5890227576974565
0 0.3281459170013387 0.5944611780455155 0.3225401606425703 0.5944611780455155 0.3188587684069612 0.5931224899598394 0.31601405622489964 0.5899431057563589 0.31509370816599735 0.5848393574297189 0.31752008032128515 0.580739625167336 0.32111780455153954 0.578062248995984 0.32630522088353414 0.5776439089692103 0.33065595716198126 0.5801539491298529 0.33266398929049534 0.5853413654618475 0.33266398929049534 0.590528781793842
0 0.356760374832664 0.5936244979919679 0.35291164658634544 0.5940428380187417 0.34814257028112455 0.5922021419009371 0.3453815261044177 0.5869310575635877 0.34630187416332003 0.5814089692101742 0.3502342704149934 0.5783132530120483 0.35458500669344045 0.5775602409638555 0.3580153949129853 0.578062248995984 0.36303547523427043 0.5819946452476573 0.3628681392235609 0.5890227576974565 0.3596887550200803 0.5932898259705489
0 0.28179537521815007 0.5616819371727748 0.27841404886561955 0.5611365619546247 0.27535994764397903 0.5593913612565444 0.27306937172774864 0.5531740837696335 0.2745964223385689 0.5473931064572425 0.28026832460732987 0.5452116055846422 0.2864856020942408 0.5465205061082024 0.2900850785340314 0.5528468586387434 0.28855802792321117 0.5588459860383943
0 0.29466623036649214 0.5521924083769634 0.29695680628272253 0.5473931064572425 0.30153795811518325 0.5457569808027923 0.3060100349040139 0.5459751308900522 0.31091841186736474 0.5485929319371727 0.31113656195462475 0.5553555846422338 0.3099367364746946 0.5579733856893542 0.30491928446771377 0.5615728621291448 0.299683682373473 0.5612456369982547 0.29662958115183247 0.5584096858638743
0 0.3277159685863874 0.5528468586387434 0.32858856893542754 0.5478294066317626 0.3322971204188481 0.5456479057591622 0.3369873472949389 0.5448843804537521 0.3414594240837696 0.5472840314136125 0.34342277486910994 0.5512107329842931 0.34342277486910994 0.5557918848167538 0.34124127399650955 0.5591732111692844 0.33633289703315883 0.5611365619546247 0.331206369982548 0.5605911867364747 0.3291339441535776 0.5586278359511343
0 0.3492037521815008 0.5544829842931936 0.34964005235602086 0.550229057591623 0.35193062827225124 0.5461932809773123 0.35585732984293195 0.5444480802792321 0.36251090750436293 0.5452116055846422 0.3652377835951134 0.5508835078534031 0.3649105584642233 0.5556828097731238 0.36185645724258286 0.5602639616055846 0.35760253054101215 0.5610274869109947 0.3513852530541012 0.5590641361256543
0 0.302861803084223 0.5043742586002373 0.30063760379596677 0.5065243179122183 0.295002965599051 0.5069691577698695 0.2916666666666667 0.5045225385527877 0.29048042704626337 0.5007413997627521 0.29233392645314354 0.4954774614472124 0.29685646500593116 0.493920521945433 0.30204626334519574 0.49525504151838673 0.30360320284697506 0.4982947805456702
0 0.3130151098901099 0.509386446886447 0.31593406593406587 0.5084706959706959 0.31971153846153844 0.5090430402930403 0.3225160256410256 0.5133928571428571 0.3216002747252747 0.5177999084249084 0.3201694139194139 0.5207188644688645 0.3145032051282051 0.5217490842490843 0.3105540293040293 0.5190018315018315 0.3093521062271062 0.5163118131868132 0.3093521062271062 0.5117330586080586
0 0.30843635531135527 0.49553571428571425 0.3106112637362637 0.49307463369963367 0.3151327838827838 0.49273122710622713 0.31850961538461536 0.49507783882783885 0.3198260073260073 0.4978250915750916 0.3198260073260073 0.5009157509157509 0.3189674908424908 0.5030906593406593 0.31547619047619047 0.5051510989010989 0.31158424908424903 0.5052655677655677 0.3099244505494505 0.5044070512820513 0.3075778388278388 0.5022893772893773 0.30752060439560436 0.49919871794871795
0 0.3157623626373626 0.48866758241758246 0.31364468864468864 0.48975503663003667 0.30980998168498164 0.4896405677655678 0.306146978021978 0.4883814102564103 0.30483058608058605 0.48557692307692313 0.3054601648351648 0.48151327838827845 0.3066620879120879 0.47928113553113555 0.30929487179487175 0.47733516483516486 0.3138736263736263 0.4770489926739927 0.317135989010989 0.4800824175824176 0.31776556776556775 0.4848901098901099
0 0.3486721611721611 0.48563415750915756 0.34420787545787546 0.4874084249084249 0.340315934065934 0.4868360805860806 0.33802655677655674 0.4848901098901099 0.33682463369963367 0.48094093406593413 0.3390567765567765 0.4765911172161173 0.3431204212454212 0.4755036630036631 0.34535256410256404 0.47573260073260076 0.3487293956043956 0.4785943223443223 0.34993131868131866 0.4816849816849817
0 0.3497459349593496 0.4932418699186993 0.3508638211382114 0.4965955284552846 0.3511686991869919 0.5011686991869919 0.3477134146341464 0.5033028455284553 0.3432418699186992 0.5035060975609756 0.33968495934959353 0.5007621951219513 0.33917682926829273 0.4965955284552846 0.3419207317073171 0.492530487804878 0.3458841463414634 0.489989837398374
0 0.3279424977538185 0.7314690026954179 0.3310871518418688 0.7309636118598383 0.33417565139263256 0.7325359389038634 0.3349618149146451 0.7362982929020666 0.3327717879604672 0.738993710691824 0.3295709793351303 0.738993710691824 0.3265947888589398 0.7366913746630727 0.3267632524707996 0.7341082659478887
0 0.3176374716553288 0.7211238662131519 0.31955073696145125 0.7198483560090703 0.3232355442176871 0.7197774943310657 0.32521967120181405 0.7222576530612245 0.3252905328798186 0.725375566893424 0.3225269274376417 0.7282100340136054 0.3189129818594104 0.7278557256235827 0.3177083333333333 0.7258715986394558 0.3167162698412698 0.7233914399092971
0 0.316999716553288 0.7102820294784581 0.31912556689342403 0.7087230725623583 0.3222434807256236 0.7084396258503401 0.3244401927437642 0.7097859977324263 0.3252905328798186 0.712124433106576 0.32543225623582767 0.7143211451247166 0.3233064058956916 0.7163052721088435 0.32047193877551017 0.7165887188208616 0.31834608843537415 0.7159509637188208 0.3165036848072562 0.7141085600907029 0.3162202380952381 0.7113449546485261
0 0.2936862244897959 0.7024163832199546 0.2943948412698413 0.7016369047619048 0.2977253401360544 0.7017786281179138 0.29921343537414963 0.7038336167800454 0.29878826530612246 0.7068098072562359 0.2957412131519275 0.7084396258503401 0.2931901927437642 0.7071641156462586 0.29255243764172334 0.705109126984127
0 0.3015518707482993 0.7025581065759637 0.3033234126984127 0.701140873015873 0.30658304988662133 0.7016369047619048 0.30764597505668934 0.7044713718820862 0.30679563492063494 0.7075892857142857 0.3041028911564626 0.708297902494331 0.30204790249433106 0.7075184240362812 0.3009141156462585 0.7051799886621315
0 0.29375708616780044 0.7107071995464852 0.2964498299319728 0.7103528911564626 0.29885912698412703 0.712124433106576 0.29871740362811794 0.7154549319727892 0.2964498299319728 0.717155612244898 0.29304846938775514 0.7168013038548753 0.2922689909297052 0.715029761904762 0.2923398526077097 0.7116284013605442
0 0.30218962585034015 0.7111323696145124 0.3033942743764172 0.7102111678004536 0.30566184807256236 0.7104946145124716 0.30700821995464855 0.7116284013605442 0.30771683673469385 0.7143920068027211 0.30573270975056693 0.717155612244898 0.30296910430839 0.7167304421768708 0.3012684240362812 0.7152423469387755 0.3012684240362812 0.7138959750566893
0 0.6030222346786248 0.5844310538116592 0.6048439835575485 0.5824224588938715 0.6068992899850523 0.5818152092675635 0.6101690956651719 0.5830297085201793 0.6107763452914797 0.585411995515695 0.6103092301943198 0.5883081091180867 0.6079269431988041 0.5901765695067264 0.6054979446935724 0.5899897234678625 0.6038630418535127 0.5885416666666666 0.6029288116591929 0.5870468983557549
0 0.6116638639760836 0.5868600523168908 0.6132053437967115 0.5842442077727952 0.6160547458893871 0.5831231315396113 0.6192778400597907 0.5839639387144993 0.6207258968609864 0.5869067638266068 0.6206324738415545 0.5895693198804185 0.6181100523168908 0.5920917414050821 0.6153540732436472 0.5925121449925261 0.6128783632286996 0.5907371076233183 0.6119441330343797 0.5881212630792226
0 0.6232900614182022 0.5877652149637075 0.6253489670575099 0.5861599664991625 0.6291527079843664 0.5861250697934115 0.631141820212172 0.5875907314349527 0.6318397543271915 0.5896147403685092 0.6313512004466779 0.593139307649358 0.6294667783361251 0.5949539363484088 0.6275823562255723 0.5954424902289225 0.6243718592964825 0.594744556113903 0.6230457844779453 0.5932788944723618 0.6223827470686768 0.5910455053042993 0.6230108877721944 0.5886725293132329
0 0.622103573422669 0.5971873255164714 0.6254187604690118 0.5970477386934674 0.6283500837520939 0.5985482970407594 0.6293271915131212 0.6011655499720827 0.6283151870463428 0.6052833612506979 0.625104690117253 0.6060859854829704 0.6219639865996651 0.6058068118369626 0.6200446677833613 0.603782802903406 0.6197305974316025 0.6004676158570631 0.6207426018983808 0.5982342266890006
0 0.6338288665549973 0.5913944723618091 0.6354341150195422 0.5894402568397544 0.6384352317141262 0.5883584589614741 0.6409477945281966 0.5896496370742602 0.6429718034617533 0.5920575097710776 0.6429020100502514 0.5948841429369068 0.6401102735901731 0.5978503629257399 0.6371440536013401 0.5979899497487438 0.6336892797319933 0.5958961474036851 0.6335845896147404 0.5939419318816304
0 0.6445421552205471 0.5942908989391402 0.6460427135678393 0.5924064768285875 0.6486250697934115 0.5913595756560581 0.6517657733109995 0.5921970965940815 0.6534059184812954 0.5942211055276383 0.6536850921273033 0.597606085985483 0.6513121161362369 0.600781686208822 0.6468453378001117 0.6008863763260749 0.6455541596873255 0.5990019542155222 0.6442629815745394 0.5973618090452262
0 0.6440638354700855 0.6025307158119657 0.6482037927350426 0.6025974893162392 0.6506744123931624 0.6050681089743589 0.6506744123931624 0.6086071047008546 0.6491386217948717 0.6114115918803418 0.6476028311965811 0.6118790064102564 0.6438635149572649 0.6120125534188035 0.6413928952991452 0.6096754807692307 0.6407919337606837 0.6063368055555555
0 0.607717803030303 0.5060538419913421 0.6098146645021645 0.5078801406926406 0.6108292748917749 0.5092329545454546 0.6104234307359307 0.5126149891774893 0.6086647727272727 0.5148471320346321 0.6054856601731602 0.5157941017316018 0.6032535173160174 0.5143060064935066 0.6010213744588745 0.5122767857142857 0.6014272186147186 0.5095035173160174 0.6033211580086579 0.5068655303030303 0.6058915043290043 0.5058509199134199
0 0.6094088203463204 0.5040246212121212 0.6052827380952381 0.5050392316017316 0.6027123917748918 0.5043628246753248 0.6014948593073594 0.5020630411255411 0.6016301406926406 0.49834280303030304 0.6028476731601732 0.49624594155844154 0.6051474567099567 0.4953666125541126 0.608191287878788 0.49570481601731603 0.6104910714285715 0.4975987554112554 0.6106939935064934 0.5004396645021645
0 0.6127232142857143 0.49577245670995673 0.6100852272727273 0.495501893939394 0.6073119588744589 0.4941490800865801 0.606635551948052 0.49279626623376627 0.6065002705627706 0.4904964826839827 0.6071766774891775 0.48833198051948057 0.6094088203463204 0.48630275974025977 0.6132643398268398 0.4863704004329005 0.6159699675324675 0.488670183982684 0.6163758116883117 0.49137581168831174 0.6147524350649352 0.49482548701298706 0.613467261904762 0.49611066017316013
0 0.6372647849462366 0.5554195468509985 0.6395209293394777 0.5570996543778801 0.6391849078341013 0.5608918970814133 0.6370247695852534 0.5618999615975422 0.6346726190476191 0.5620919738863287 0.6333285330261137 0.5606038786482335 0.6330885176651305 0.5578677035330262 0.6340005760368663 0.5559475806451613
0 0.6405769969278033 0.5518673195084485 0.6379368279569892 0.5523473502304147 0.6364007296466974 0.5510992703533026 0.6355366743471582 0.5485551075268817 0.6371687788018433 0.5460109447004609 0.6400489631336406 0.5456269201228878 0.6420650921658987 0.5473550307219662 0.6418730798771122 0.5498031874039938
0 0.6495046374367622 0.5620257166947724 0.6478885609893199 0.5638877178189995 0.6459914277684093 0.5644146992692525 0.6440240303541316 0.5635012647554806 0.643251124227094 0.5612528105677348 0.6438132377740303 0.5592502810567735 0.6459562956717257 0.5576342046093311 0.6480290893760541 0.5583368465430018 0.6501018830803823 0.5607609612141653
0 0.6565310567734682 0.5676117200674536 0.65386101742552 0.5662767003934795 0.6526313940415964 0.5641687745924677 0.6529475829117483 0.5619905845980888 0.6549501124227094 0.5607258291174818 0.6575147554806071 0.5612176784710512 0.6591308319280494 0.5632202079820123 0.6591308319280494 0.5650470770095559 0.6577255480607084 0.5670496065205172
0 0.6496802979201799 0.5544020517144463 0.6472913153457 0.5541561270376617 0.6460265598650928 0.5532075604272063 0.6453941821247892 0.5510293704328274 0.6461670882518269 0.5491673693086003 0.648556070826307 0.5479026138279933 0.6512261101742552 0.5487809162450816 0.6517882237211917 0.5507131815626757 0.6512261101742552 0.5532778246205734
0 0.6584281899943789 0.5575288083192805 0.6558986790331648 0.5560883923552558 0.6549149803260259 0.5533129567172569 0.6562148679033165 0.5511347667228781 0.6598334738617201 0.5507834457560428 0.6618008712759978 0.5533129567172569 0.6611333614390107 0.5560181281618888
0 0.6108024691358024 0.47322530864197526 0.6104166666666666 0.4768518518518518 0.6091049382716048 0.4777777777777777 0.6058641975308642 0.47692901234567897 0.6052469135802468 0.4746913580246913 0.6069444444444444 0.4715277777777777 0.6091820987654321 0.4719135802469135
0 0.6185185185185185 0.47816358024691347 0.6177469135802468 0.47978395061728385 0.6157407407407407 0.47978395061728385 0.6136574074074074 0.47862654320987646 0.61304012345679 0.4770061728395061 0.6134259259259258 0.4750771604938271 0.6155092592592591 0.47353395061728387 0.6181327160493826 0.4738425925925926 0.6192129629629629 0.47569444444444436
0 0.6238425925925924 0.4816358024691358 0.6219907407407407 0.4808641975308641 0.6208333333333332 0.4790123456790123 0.621219135802469 0.4768518518518518 0.6239969135802468 0.4759259259259259 0.6260802469135801 0.47677469135802464 0.6265432098765431 0.47924382716049374 0.6253086419753086 0.48202160493827156
0 0.6224537037037036 0.4837191358024691 0.6251543209876542 0.4837191358024691 0.6266203703703703 0.4850308641975308 0.6268518518518518 0.4881172839506172 0.6253858024691357 0.4896604938271604 0.6214506172839506 0.4887345679012345 0.6206018518518518 0.4875771604938271 0.6212962962962962 0.48526234567901233
0 0.6169753086419753 0.4816358024691358 0.6194444444444444 0.4824845679012345 0.6199074074074074 0.48456790123456783 0.6184413580246914 0.4871141975308641 0.6161265432098765 0.4871913580246913 0.614429012345679 0.4862654320987654 0.6140432098765432 0.48456790123456783 0.614429012345679 0.4825617283950617 0.6160493827160493 0.4815586419753086
0 0.6102623456790123 0.48472222222222217 0.607716049382716 0.4853395061728394 0.6063271604938271 0.4844135802469135 0.6052469135802468 0.4823302469135802 0.605787037037037 0.4797067901234567 0.6094135802469135 0.47986111111111107 0.6109567901234567 0.48101851851851846
0 0.6743806306306306 0.498536036036036 0.6767454954954955 0.5 0.6766891891891892 0.502195945945946 0.6762387387387387 0.5048986486486486 0.6731418918918919 0.5067567567567567 0.6689752252252251 0.5052927927927928 0.6682432432432432 0.5038851351351351 0.6685247747747748 0.5009572072072072 0.6698761261261261 0.49819819819819816 0.6733108108108108 0.49819819819819816
0 0.667286036036036 0.5109234234234233 0.6702139639639639 0.5101351351351351 0.6726914414414414 0.511036036036036 0.6739864864864864 0.5137387387387388 0.6739864864864864 0.5164414414414414 0.6719031531531531 0.5193693693693694 0.6698198198198198 0.5194819819819819 0.6662162162162162 0.5188063063063062 0.6652590090090089 0.5170045045045045 0.6652590090090089 0.5146959459459459 0.665822072072072 0.5125563063063062
0 0.6630630630630631 0.5237612612612612 0.6651463963963964 0.5225788288288288 0.6681869369369369 0.5226914414414414 0.6699324324324324 0.5234234234234233 0.6708333333333333 0.5251689189189189 0.6710585585585584 0.5282657657657657 0.6699887387387388 0.530518018018018 0.6667229729729729 0.5315315315315315 0.6646959459459459 0.5311373873873874 0.662894144144144 0.5295045045045045 0.6622184684684684 0.5275900900900901 0.6625563063063062 0.5247184684684684
0 0.6612612612612612 0.533108108108108 0.6634009009009009 0.5322635135135134 0.6661036036036035 0.5322072072072072 0.6682432432432432 0.5335022522522522 0.6692567567567567 0.5370495495495494 0.667454954954955 0.5407657657657657 0.6636261261261261 0.5413288288288288 0.6608671171171171 0.5402590090090089 0.6599662162162161 0.5384009009009009 0.6596846846846847 0.5365990990990991 0.6598536036036036 0.5347972972972972 0.6606418918918918 0.5338963963963963
0 0.6526463963963963 0.5208896396396395 0.6543355855855856 0.5199887387387387 0.6576013513513513 0.5195382882882883 0.6600225225225225 0.5211711711711712 0.6613175675675675 0.5238738738738739 0.6600225225225225 0.5273648648648649 0.6579391891891891 0.5288288288288289 0.6557995495495494 0.5292792792792792 0.6529279279279279 0.5278716216216216 0.651295045045045 0.5259572072072072 0.6514639639639639 0.5231418918918919
0 0.6507319819819819 0.5301238738738738 0.6536599099099099 0.5293918918918918 0.6572072072072072 0.5302927927927928 0.6583333333333333 0.5323761261261262 0.6580518018018018 0.5360923423423423 0.6558558558558558 0.5386261261261261 0.6523648648648649 0.5387387387387387 0.6496621621621621 0.5376689189189189 0.649099099099099 0.5351914414414414 0.649099099099099 0.5335022522522522 0.6502252252252252 0.5317004504504504
0 0.647455725376031 0.5176340368753032 0.648850679281902 0.5176643619602135 0.6504275836972343 0.5182708636584182 0.651397986414362 0.5199084182435711 0.6510947355652595 0.5220008491023774 0.6503062833575934 0.5235171033478894 0.6480622270742358 0.5240023047064531 0.6462730470645317 0.5234564531780689 0.6450903687530325 0.522455725376031 0.6444535419699174 0.5212123968947113 0.6449084182435711 0.5194535419699174 0.6459394711305191 0.5186347646773412
0 0.6397531538088307 0.5199387433284813 0.6417546094129063 0.5196658175642891 0.6436650897622513 0.5206665453663271 0.6446051673944687 0.5224254002911208 0.6442715914604561 0.5242145803008249 0.6430585880640465 0.5253669335274138 0.6420578602620087 0.5259734352256186 0.6399047792333818 0.5258521348859777 0.6380246239689471 0.5245784813197477 0.6376607229500242 0.5230319019893256 0.6383581999029597 0.5211214216399805
0 0.6413886278195489 0.5275101817042606 0.642641760651629 0.5295073621553884 0.6429550438596491 0.5316220238095238 0.6421326754385964 0.5329926378446115 0.6403704573934837 0.5338541666666666 0.6381383145363408 0.5338933270676691 0.6367285401002506 0.5323660714285714 0.6366502192982456 0.530094768170426 0.6384515977443609 0.5277451441102756 0.6408795426065163 0.5274318609022556
0 0.6438165726817042 0.5259046052631579 0.6453829887218044 0.5247689536340852 0.6478109335839598 0.5248472744360901 0.6491423872180451 0.5261395676691729 0.6491423872180451 0.5284108709273183 0.6485549812030075 0.5303688909774436 0.645343828320802 0.5306430137844611 0.6442864974937343 0.5295856829573935 0.6435816102756892 0.5285283521303258 0.6433858082706767 0.5266486528822055
