0 0.3571296296296297 0.5817592592592592 0.35416666666666663 0.5804629629629631 0.3525925925925926 0.5764814814814815 0.3532407407407407 0.5727777777777777 0.35555555555555557 0.5704629629629631 0.36009259259259263 0.5699074074074074 0.36388888888888893 0.572962962962963 0.36499999999999994 0.5772222222222223 0.3617592592592593 0.5810185185185185
0 0.36092592592592593 0.5868518518518518 0.36416666666666664 0.5900925925925926 0.36407407407407405 0.5941666666666666 0.3608495053272451 0.5972935692541856 0.3574724124809741 0.597911910197869 0.35409531963470325 0.5972935692541856 0.35238299086757996 0.5942494292237442 0.3521927321156773 0.590396689497717 0.35409531963470325 0.5881611491628614 0.35818588280060887 0.58621099695586
0 0.3876360252004582 0.5868771477663229 0.38870990836197017 0.5899556128293242 0.3883519473081328 0.5943943298969071 0.3866337342497136 0.595897766323024 0.38305412371134023 0.5968284650630011 0.3799040664375716 0.5954682130584192 0.37825744558991975 0.5938215922107676 0.37797107674684993 0.5905999427262314 0.378758591065292 0.587020332187858 0.3824813860252005 0.5848725658648338
0 0.38691546762589935 0.5762140287769784 0.3852667865707434 0.5769134692246203 0.3817196243005595 0.5771133093525179 0.3799210631494804 0.5754646282973621 0.37852218225419665 0.5725669464428457 0.3787220223820943 0.5701189048760991 0.38077038369304556 0.5672711830535572 0.38516686650679455 0.5663719024780175 0.38821442845723425 0.5678707034372502 0.38951338928856916 0.5705185851318945 0.38901378896882494 0.5732663868904876
0 0.3883520365752286 0.556473399833749 0.38523482959268496 0.5578241895261846 0.38118246051537824 0.5572527015793849 0.37967581047381543 0.5554343308395677 0.37900041562759773 0.55309642560266 0.37957190357439735 0.5501870324189526 0.3821176226101413 0.5472776392352452 0.38627389858686617 0.5468620116375728 0.3898067331670823 0.5500311720698254 0.39011845386533667 0.5538237738985868
0 0.4006987983281087 0.5855864681295716 0.40461729362591436 0.5862395506792059 0.40768678160919547 0.5889171891327064 0.4075561650992685 0.5943377742946708 0.4042254440961338 0.5976684952978056 0.399980407523511 0.5968847962382445 0.39691091954022995 0.5951214733542319 0.3961272204806688 0.591007053291536 0.3964537617554859 0.588394723092999 0.39841300940438873 0.5860436259143156
0 0.40629183400267743 0.5751338688085676 0.4026941097724231 0.5754685408299867 0.3996820615796519 0.5750502008032129 0.3978413654618474 0.5732095046854083 0.39692101740294516 0.568942436412316 0.39951472556894246 0.5655957161981259 0.40420013386880865 0.5644243641231593 0.4080488621151272 0.5653447121820616 0.409136546184739 0.5701137884872826 0.40779785809906294 0.5732095046854083
0 0.4157463186077644 0.5909471218206158 0.4175870147255689 0.5877677376171352 0.4213520749665328 0.5865963855421688 0.42628848728246327 0.5876004016064258 0.4271251673360108 0.5911144578313253 0.4271251673360108 0.5951305220883535 0.4222724230254351 0.5988119143239625 0.418256358768407 0.5974732262382866 0.41608099062918347 0.595632530120482
0 0.4181726907630523 0.5681057563587685 0.4211847389558233 0.5658467202141902 0.4256191432396252 0.5650937081659974 0.4285475234270416 0.5671017402945114 0.4298025435073629 0.5711178045515395 0.42879852744310587 0.5754685408299867 0.4257028112449799 0.5778112449799198 0.4212684069611781 0.5773092369477912 0.4180053547523427 0.5748828647925034 0.417921686746988 0.5713688085676037
0 0.416248326639893 0.55404953145917 0.4176706827309237 0.550033467202142 0.42327643908969215 0.5480254350736279 0.4277945113788488 0.5502008032128515 0.42871485943775106 0.5551372155287818 0.4265394912985274 0.5589859437751005 0.42294176706827313 0.5599899598393575 0.4186746987951807 0.5589859437751005
0 0.3892873406193078 0.5363729508196721 0.3892873406193078 0.5340960837887068 0.390596539162113 0.5319330601092896 0.39310109289617484 0.5311930783242259 0.39611794171220405 0.5324453551912568 0.39657331511839705 0.5353483606557378 0.3951502732240437 0.5383082877959927 0.3920195810564663 0.5388775045537341 0.3904257741347905 0.5378529143897997
0 0.40448542805100185 0.5356329690346083 0.4053392531876138 0.5327299635701276 0.4079007285974499 0.5315346083788707 0.41103142076502736 0.5329007285974499 0.4119990892531877 0.5347791438979963 0.41154371584699456 0.537568306010929 0.4092668488160292 0.5393328779599271 0.40625 0.5391051912568305 0.4048838797814208 0.5378529143897997
0 0.41858108108108105 0.5217905405405405 0.42167792792792785 0.5199887387387387 0.4248310810810811 0.5206644144144144 0.4271959459459459 0.5217342342342342 0.4286599099099099 0.525 0.42832207207207207 0.5281531531531531 0.42657657657657655 0.5307432432432432 0.42291666666666666 0.5313626126126126 0.41920045045045046 0.5302927927927928 0.41689189189189185 0.527759009009009 0.41689189189189185 0.5252252252252252
0 0.41492117117117117 0.5000563063063063 0.4155405405405405 0.5023085585585585 0.4154279279279279 0.5052364864864864 0.4135698198198198 0.5068130630630631 0.4106418918918918 0.5078265765765766 0.40793918918918914 0.5061373873873873 0.40698198198198193 0.5041666666666667 0.40630630630630626 0.5007882882882883 0.40861486486486487 0.49797297297297294 0.41323198198198197 0.49724099099099095
0 0.4201013513513513 0.4997747747747747 0.4229729729729729 0.4980855855855856 0.42657657657657655 0.49898648648648647 0.4281531531531531 0.5024211711711711 0.42652027027027023 0.5059121621621622 0.4232545045045045 0.5076576576576577 0.420777027027027 0.5067004504504504 0.4191441441441441 0.5045045045045046 0.4189752252252252 0.50259009009009
0 0.39265267175572516 0.48020038167938933 0.39430588942307687 0.4777894631410256 0.39726061698717946 0.47638721955128205 0.4004156650641026 0.47673778044871795 0.40281951121794873 0.47964242788461536 0.40311999198717946 0.4823467548076923 0.40211838942307687 0.48550180288461536 0.39891326121794873 0.4869040464743589 0.3949068509615384 0.4862029246794871 0.39300380608974356 0.48394931891025633
0 0.40702624198717946 0.47954226762820507 0.40862880608974356 0.4778395432692308 0.41163361378205127 0.4765374599358974 0.41488882211538464 0.47703826121794873 0.41719250801282054 0.4790915464743589 0.4179437099358974 0.48219651442307687 0.4166416266025641 0.48485076121794873 0.4149389022435897 0.4866035657051282 0.41153345352564097 0.4868539663461538 0.40872896634615385 0.48545172275641024 0.4071764823717948 0.4829977964743589
0 0.42487623762376237 0.4776402640264027 0.4269389438943894 0.4770627062706271 0.4295792079207921 0.4776402640264027 0.43213696369636967 0.4798267326732673 0.43292079207920797 0.48267326732673266 0.43184818481848186 0.48556105610561057 0.42966171617161714 0.4871287128712872 0.4263613861386139 0.4875412541254125 0.4228960396039604 0.48560231023102307 0.42190594059405945 0.48316831683168315 0.42252475247524757 0.4805693069306931 0.423473597359736 0.4787953795379538
0 0.4687000399680256 0.5992955635491607 0.46645183852917665 0.5998950839328536 0.46360411670663465 0.5991456834532375 0.46115607513988804 0.5967476019184652 0.4608563149480416 0.593150479616307 0.4621053157474021 0.5904526378896882 0.46425359712230213 0.58900379696243 0.4673511191047162 0.5885041966426858 0.46969924060751395 0.5899530375699441 0.4717476019184652 0.5939498401278978 0.47164768185451633 0.5972971622701838
0 0.45110544217687076 0.5714285714285714 0.45216836734693877 0.573937074829932 0.45187074829931967 0.5762329931972789 0.45063775510204085 0.5781037414965986 0.4482568027210885 0.578954081632653 0.445280612244898 0.5777210884353741 0.4441751700680272 0.5758078231292517 0.44396258503401365 0.573469387755102 0.4451530612244898 0.5715561224489796 0.44766156462585033 0.5701530612244897 0.44995748299319727 0.570578231292517
0 0.4477465986394558 0.566624149659864 0.44583333333333336 0.5655612244897958 0.44426020408163264 0.5639455782312924 0.44421768707482995 0.5608418367346939 0.4457057823129252 0.5590136054421769 0.4477465986394558 0.5577380952380951 0.45055272108843536 0.5582482993197279 0.45204081632653065 0.560204081632653 0.45289115646258504 0.5625850340136054 0.4515731292517007 0.5649234693877552 0.4496173469387755 0.5663690476190476
0 0.4519557823129252 0.5346938775510204 0.4531037414965986 0.5365221088435375 0.45365646258503406 0.5391581632653061 0.45250850340136056 0.5415391156462586 0.45029761904761906 0.5428571428571428 0.447406462585034 0.5423044217687074 0.44540816326530613 0.5405187074829931 0.4448979591836735 0.5376275510204082 0.4457057823129252 0.535204081632653 0.44817176870748304 0.5340136054421769 0.45097789115646253 0.5339285714285714
0 0.461734693877551 0.5360969387755102 0.4596513605442177 0.5366921768707483 0.4568877551020409 0.5356292517006802 0.45599489795918363 0.5339710884353741 0.4562074829931973 0.5319302721088436 0.45722789115646256 0.529889455782313 0.458545918367347 0.5298044217687075 0.4616071428571429 0.5301445578231292 0.46313775510204086 0.5321428571428571 0.46330782312925173 0.534608843537415
0 0.46228741496598635 0.5519132653061225 0.4593112244897959 0.5521258503401361 0.4574829931972789 0.5508928571428572 0.4567176870748299 0.5481717687074831 0.45697278911564626 0.5461309523809524 0.45888605442176866 0.5445578231292517 0.46228741496598635 0.5449829931972789 0.46377551020408164 0.546343537414966 0.4641581632653061 0.5485544217687074 0.463265306122449 0.5512755102040816
0 0.46851778131634814 0.5708930467091294 0.4649349787685775 0.5706276539278131 0.46228105095541394 0.5688362526539278 0.4612194798301486 0.5671111995753716 0.4610204352441613 0.5638601380042462 0.4625464437367304 0.5604763800424628 0.46732351380042453 0.5592821125265391 0.470707271762208 0.560609076433121 0.4723659766454352 0.5647890127388535 0.471503450106157 0.5683718152866242
0 0.4878998316498317 0.5519430415263749 0.4855148709315376 0.5516624579124579 0.4837612233445567 0.549908810325477 0.4832702020202021 0.5471731200897868 0.4849537037037037 0.5454896184062851 0.48867143658810325 0.5457702020202021 0.49014450056116726 0.5485058922558922 0.4893728956228956 0.5505401234567902
0 0.4954755892255892 0.5541877104377104 0.49729938271604934 0.5517326038159371 0.49905303030303033 0.550469977553311 0.5029812008978676 0.5515923120089787 0.5048049943883277 0.5547488776655444 0.5038229517396184 0.5583263187429854 0.5010171156004489 0.5600799663299664 0.4986321548821549 0.5591680695847362 0.49673821548821556 0.5579755892255892
0 0.48439253647586983 0.5602202581369249 0.48867143658810325 0.5605008417508418 0.49112654320987653 0.5626052188552189 0.4923190235690236 0.5660423681257015 0.49063552188552195 0.5696899551066218 0.4873386644219978 0.5714436026936027 0.48404180695847365 0.5710227272727273 0.4809553872053872 0.5694795173961841 0.4803942199775533 0.5653409090909091 0.4810956790123457 0.5628858024691358
0 0.4998947811447812 0.5635872615039282 0.5024200336700336 0.5635872615039282 0.5049452861952862 0.5643588664421998 0.5064183501683501 0.5668139730639731 0.5062079124579124 0.569760101010101 0.5029812008978676 0.5722152076318743 0.500105218855219 0.5713734567901234 0.4975799663299663 0.5694795173961841 0.4975098204264871 0.5670244107744108 0.4981411335578002 0.5644991582491583
0 0.33483714788732394 0.21915346244131456 0.3378447769953052 0.21658597417840372 0.3415859741784038 0.21621919014084506 0.34488703051643194 0.21827318075117372 0.34635416666666674 0.2214275234741784 0.34488703051643194 0.2259756455399061 0.3420261150234742 0.22824970657276997 0.3371112089201878 0.22810299295774647 0.3352039319248826 0.22502200704225353 0.3340302230046948 0.2231880868544601
0 0.33505721830985913 0.2501100352112676 0.3388717723004695 0.24944982394366197 0.34217282863849763 0.2515038145539906 0.3433465375586855 0.2553917253521127 0.34217282863849763 0.2581792840375587 0.3390918427230047 0.2603799882629108 0.33425029342723 0.259206279342723 0.33322329812206575 0.25693221830985913 0.33337001173708924 0.25370451877934275
0 0.3659467713787085 0.23156631762652705 0.36856457242582896 0.23053010471204186 0.37161867364746937 0.231511780104712 0.3732547993019197 0.2335296684118673 0.3734729493891797 0.23680191972076783 0.3715641361256544 0.23969240837696332 0.36900087260034903 0.24040139616055844 0.3661649214659685 0.23974694589877837 0.3643106457242582 0.23794720767888303 0.3640924956369982 0.2339659685863874
0 0.3789267015706806 0.22742146596858637 0.3814354275741709 0.22720331588132636 0.3833442408376963 0.22845767888307156 0.3840532286212914 0.23047556719022688 0.38388961605584637 0.23254799301919718 0.38214441535776605 0.23380235602094235 0.3795266143106457 0.23407504363001738 0.3773996509598604 0.2327116055846422 0.3767452006980802 0.23091186736474698 0.3772905759162303 0.22878490401396165
0 0.3825261780104712 0.23892888307155316 0.3856893542757417 0.23903795811518327 0.3886889179755672 0.24089223385689357 0.3892888307155322 0.24334642233856887 0.3889616055846422 0.24629144851657941 0.3862892670157067 0.24798211169284468 0.38154450261780104 0.24760034904013964 0.3800719895287958 0.24552792321116926 0.3795266143106457 0.2429101221640489 0.3805628272251309 0.2408376963350785
0 0.39866928446771377 0.23707460732984287 0.4023232984293193 0.2367473821989529 0.4047229493891797 0.23914703315881325 0.4054319371727748 0.2420920593368237 0.40374127399650955 0.24492801047120413 0.4006326352530541 0.24612783595113435 0.3971967713787085 0.24590968586387438 0.39512434554973813 0.24241928446771377 0.3951788830715532 0.2408376963350785 0.39643324607329833 0.23821989528795806
