0 0.606108757062147 0.3335098870056497 0.5873940677966102 0.3328036723163842 0.5838629943502825 0.35257768361581926 0.6057556497175142 0.3543432203389831
0 0.551024011299435 0.3310381355932204 0.5273740310077518 0.33163759689922484 0.5287782485875706 0.3522245762711864 0.5492584745762712 0.35293079096045193
0 0.4948453608247423 0.32968213058419243 0.4726341807909605 0.3303319209039548 0.47057560137457044 0.350085910652921 0.492053264604811 0.35051546391752575
0 0.493349416606729 0.3776597338767682 0.4700936026532406 0.37620624550467524 0.4701460481099657 0.39690721649484545 0.489905498281787 0.39690721649484545
0 0.5496608527131783 0.3762112403100776 0.5254360465116279 0.37814922480620156 0.5264050387596899 0.3975290697674419 0.5482073643410852 0.4014050387596899
0 0.6068313953488371 0.3762112403100776 0.5830910852713178 0.37814922480620156 0.5842161016949152 0.39812853107344637 0.6046963276836159 0.401659604519774
0 0.6611935028248588 0.4231991525423729 0.6385946327683616 0.42284604519774016 0.63965395480226 0.4436793785310735 0.6604872881355933 0.4450918079096045
0 0.6039901129943502 0.42002118644067804 0.5824505649717514 0.42072740112994356 0.5824505649717514 0.4412076271186441 0.6039901129943502 0.4436793785310735
0 0.5478460451977402 0.42002118644067804 0.5244670542635658 0.41933139534883723 0.5256002824858758 0.44014830508474573 0.5481991525423728 0.44014830508474573
0 0.4903350515463918 0.41945876288659795 0.46831545192999274 0.4178729121713418 0.4695017182130584 0.4383591065292096 0.48947594501718217 0.43921821305841924
0 0.48947594501718217 0.46434707903780076 0.4673539518900344 0.46563573883161513 0.4686426116838488 0.4847508591065292 0.48840206185567014 0.4849656357388317
0 0.546433615819209 0.46733757062146897 0.5241878531073447 0.46521892655367236 0.5220445736434108 0.4861918604651163 0.5453742937853108 0.4867584745762712
0 0.6036370056497176 0.4676906779661017 0.5810381355932204 0.46663135593220334 0.581391242937853 0.4881709039548023 0.6039244186046511 0.4900678294573643
0 0.660840395480226 0.4694562146892655 0.6385946327683616 0.4705155367231638 0.6382415254237288 0.4895833333333333 0.6604872881355933 0.48993644067796616
0 0.2521158854166667 0.38991970486111116 0.23725043402777782 0.3898111979166667 0.2380099826388889 0.40380859375 0.2509223090277778 0.4041341145833333
0 0.2510567632850242 0.4070048309178745 0.23626207729468604 0.40760869565217395 0.23777173913043484 0.4214975845410628 0.25150966183574885 0.42134661835748793
0 0.25135869565217395 0.4257246376811595 0.23611111111111113 0.4252717391304348 0.23641304347826092 0.44006642512077304 0.25000000000000006 0.4394625603864734
0 0.2691727053140097 0.3894927536231884 0.25543478260869573 0.3902475845410628 0.25452898550724645 0.4032306763285025 0.26887077294685996 0.40443840579710144
0 0.26932367149758457 0.40806159420289856 0.2552838164251208 0.40791062801932376 0.2548309178743962 0.42134661835748793 0.2684178743961353 0.422554347826087
0 0.2690217391304348 0.42632850241545894 0.25498188405797106 0.42663043478260876 0.25422705314009664 0.43870772946859904 0.26718213058419243 0.4400773195876289
0 0.7595029239766082 0.8288559941520468 0.7541118421052632 0.8271198830409356 0.7502741228070176 0.8237390350877194 0.7480811403508771 0.8196271929824561 0.7484466374269007 0.8130482456140352 0.7503654970760234 0.8086622807017544 0.7551169590643275 0.8050073099415205 0.761421783625731 0.8041849415204678 0.7665387426900584 0.8054641812865497 0.7704678362573099 0.809484649122807 0.772843567251462 0.8160635964912281 0.772295321637427 0.8210891812865497 0.7692799707602339 0.826297514619883 0.7661732456140351 0.828216374269006 0.7608735380116959 0.8294956140350878
0 0.7833229684908789 0.8188743781094528 0.7828047263681592 0.81617951907131 0.7833229684908789 0.8104788557213931 0.7873652570480929 0.8057110281923715 0.7924440298507462 0.8037417081260365 0.7987665837479271 0.8036380597014926 0.8041563018242122 0.8076803482587064 0.8071621061359868 0.8112043946932007 0.8073694029850745 0.8182524875621892 0.804467247097844 0.8238495024875622 0.8017723880597015 0.8264407131011609 0.7962790215588723 0.8285136815920398 0.7888163349917081 0.8279954394693202 0.784981343283582 0.8233312603648424
0 0.7471496683250414 0.7722325870646766 0.7474606135986732 0.7658063847429519 0.7505700663349917 0.7605203150912107 0.7568926202321724 0.7573072139303483 0.7620750414593698 0.7576181592039801 0.7688121890547264 0.7610385572139303 0.771403399668325 0.7669465174129353 0.771507048092869 0.7737873134328358 0.7685012437810945 0.779280679933665 0.7622823383084577 0.7822864842454395 0.7546123548922056 0.7822864842454395 0.7503627694859037 0.779280679933665
0 0.7819755389718076 0.769641376451078 0.7821828358208955 0.7662209784411277 0.784981343283582 0.7609349087893864 0.791096600331675 0.7566853233830846 0.798662935323383 0.7570999170812605 0.8038453565505803 0.7615567993366501 0.806643864013267 0.7669465174129353 0.8062292703150913 0.7746165008291874 0.8017723880597015 0.7801098673300165 0.7950352404643449 0.7824937810945274 0.78912728026534 0.7816645936981758 0.7839448590381426 0.77731135986733
0 0.7643553067993366 0.7357483416252073 0.7597947761194029 0.7365775290215588 0.7526430348258706 0.7341936152570481 0.7472533167495854 0.7300476782752902 0.746113184079602 0.7234141791044777 0.7484970978441128 0.716677031509121 0.7534722222222222 0.7118055555555555 0.7631115257048092 0.7111836650082919 0.7690194859038143 0.7170916252072969 0.7722325870646766 0.7241397180762852 0.7693304311774462 0.7305659203980099
0 0.7868470149253731 0.7346082089552238 0.7828047263681592 0.7310841625207297 0.7807317578772802 0.726419983416252 0.7814572968490879 0.7203047263681592 0.783219320066335 0.7153296019900498 0.7892309286898839 0.7098362354892206 0.7989738805970148 0.7120128524046435 0.8049854892205639 0.716780679933665 0.8061256218905472 0.7251762023217246 0.8026015754560532 0.7329498341625207 0.7928586235489221 0.7365775290215588
0 0.7510723039215687 0.6884957107843137 0.7481617647058824 0.6853553921568627 0.7457107843137255 0.6818321078431372 0.7447916666666666 0.6771599264705882 0.7464001225490197 0.6719515931372548 0.75 0.6670496323529411 0.7564338235294118 0.6647518382352942 0.7626378676470589 0.6658241421568627 0.7662377450980392 0.6693474264705882 0.7692248774509803 0.6744791666666666 0.7696078431372548 0.6800704656862745 0.7676164215686274 0.6841299019607844 0.7625612745098038 0.6884191176470589 0.7583486519607843 0.6897977941176471
0 0.8405271639042357 0.8195787292817678 0.8398365561694291 0.8143991712707183 0.8421385819521179 0.8081837016574585 0.8465124309392263 0.8032343462246777 0.856065837937385 0.801507826887661 0.8617058011049723 0.805421270718232 0.8656192449355433 0.8124424493554326 0.8637776243093922 0.8215354511970534 0.8614755985267034 0.8245280847145487 0.8553752302025782 0.8274056169429098 0.8483540515653775 0.8274056169429098 0.8443255064456722 0.8247582872928176
0 0.8536487108655617 0.7809046961325967 0.8480087476979741 0.7798687845303868 0.842483885819521 0.7777969613259669 0.840066758747698 0.7716965930018416 0.8398365561694291 0.7658264272559853 0.8415630755064456 0.75972605893186 0.8481238489871086 0.7551220073664825 0.8535336095764273 0.7553522099447513 0.8606698895027626 0.7574240331491712 0.8635474217311234 0.7644452117863719 0.8641229281767956 0.7723872007366481 0.858713167587477 0.7800989871086557
0 0.8386855432780846 0.724274861878453 0.8391459484346223 0.7194406077348066 0.8414479742173111 0.7136855432780846 0.8482389502762431 0.7086210865561694 0.8558356353591161 0.7088512891344382 0.8606698895027626 0.7126496316758747 0.8640078268876611 0.7203614180478821 0.862626611418048 0.7283034069981583 0.8585980662983427 0.7331376611418047 0.8528430018416205 0.7346339779005524 0.8445557090239411 0.7324470534069981 0.84064226519337 0.7304903314917126
0 0.8368439226519335 0.6736302946593001 0.8398365561694291 0.6662638121546961 0.8460520257826887 0.6622352670349907 0.8545695211786373 0.6622352670349907 0.8610151933701657 0.6674148250460405 0.8622813075506446 0.6745511049723756 0.8605547882136281 0.6821477900552486 0.8546846224677717 0.6872122467771639 0.8481238489871086 0.6881330570902393 0.8396063535911601 0.684104511970534 0.8367288213627992 0.6792702578268875
0 0.3126627604166667 0.42974175347222227 0.3138563368055556 0.42616102430555564 0.3191731770833333 0.42138671875 0.32622612847222227 0.42138671875 0.3317599826388889 0.42431640625 0.3338216145833333 0.43212890625 0.33013237847222227 0.43950737847222227 0.3249240451388889 0.44178602430555564 0.3175455729166667 0.4410264756944445 0.3133138020833333 0.4374457465277778
0 0.2851019965277778 0.4318033854166667 0.2860785590277778 0.4263780381944445 0.2902018229166667 0.4220377604166667 0.29519314236111116 0.4207356770833333 0.3019205729166667 0.42290581597222227 0.30517578125 0.4288736979166667 0.3046332465277778 0.4354926215277778 0.3007269965277778 0.44091796875 0.2933485243055556 0.44146050347222227 0.2874891493055556 0.43885633680555564
0 0.22212009803921576 0.4296109068627451 0.22296262254901966 0.4334405637254902 0.22166053921568632 0.4378829656862745 0.21706495098039222 0.4407935049019608 0.21047794117647067 0.4384191176470588 0.20917585784313733 0.4335171568627451 0.21040134803921576 0.428844975490196 0.21400122549019612 0.42654718137254904 0.21928615196078438 0.42639399509803927 0.22097120098039222 0.4273131127450981
0 0.21629901960784317 0.42057291666666674 0.2116268382352942 0.4185049019607844 0.20948223039215697 0.41551776960784326 0.20978860294117652 0.40992647058823534 0.2126991421568628 0.4064797794117648 0.21905637254901966 0.40563725490196084 0.22319240196078438 0.4092371323529412 0.22380514705882362 0.41544117647058826 0.2206648284313726 0.41942401960784326
0 0.267862382629108 0.3700484154929577 0.26661531690140844 0.37371625586854457 0.26478139671361506 0.3767972417840376 0.2582526408450704 0.37745745305164324 0.25421801643192493 0.37422975352112675 0.2534844483568075 0.36909477699530513 0.25627200704225356 0.3648400821596244 0.2603799882629108 0.3635930164319249 0.2652948943661972 0.3638864436619718 0.26771566901408456 0.367480927230047
0 0.28290052816901406 0.374156396713615 0.27893926056338025 0.3745965375586855 0.2757115610328638 0.3728359741784038 0.27336414319248825 0.3701217723004695 0.2734375 0.3656470070422535 0.27527142018779344 0.3620525234741784 0.2791593309859155 0.3608054577464789 0.28312059859154926 0.36124559859154926 0.28502787558685444 0.3637397300469483 0.2856880868544601 0.36704078638497656 0.28458773474178406 0.37019512910798125
0 0.29874559859154926 0.37364289906103293 0.294637617370892 0.372762617370892 0.29287705399061037 0.3692414906103287 0.2936106220657277 0.3655736502347418 0.2961781103286385 0.361612382629108 0.3010196596244132 0.36124559859154926 0.3040272887323944 0.36322623239436624 0.30564113849765256 0.3673342136150235 0.30556778169014087 0.371368838028169 0.2997725938967136 0.37422975352112675
0 0.31979166666666664 0.34340277777777783 0.3193497474747475 0.34719065656565656 0.3160669191919192 0.3500315656565656 0.3130997474747475 0.35066287878787883 0.3101325757575758 0.3495265151515152 0.30811237373737377 0.34668560606060606 0.308554292929293 0.34239267676767676 0.31183712121212126 0.33948863636363635 0.3165719696969697 0.33942550505050506 0.31903409090909096 0.341635101010101
0 0.324084595959596 0.3454229797979798 0.32496843434343436 0.34239267676767676 0.3278724747474747 0.339614898989899 0.33216540404040407 0.33993055555555557 0.3348169191919192 0.3420770202020202 0.33538510101010105 0.34618055555555555 0.3326073232323232 0.350094696969697 0.32831439393939393 0.35104166666666664 0.32522095959595965 0.34933712121212124
