0 0.6064741561181435 0.6006724683544303 0.5989583333333333 0.5953982067510548 0.5930247890295358 0.6017273206751055 0.5946070675105485 0.6091112869198312 0.6046281645569619 0.6097705696202531
0 0.6109572784810127 0.5785205696202531 0.6037051687763713 0.582871835443038 0.6052874472573839 0.591706223628692 0.615176687763713 0.5928929324894514 0.6184731012658227 0.5830036919831223
0 0.620582805907173 0.5609836497890295 0.6145174050632911 0.5666534810126581 0.6163633966244726 0.5745648734177214 0.6267800632911392 0.5749604430379747 0.6283099688473519 0.5652258566978192
0 0.6590849156118143 0.6174182489451476 0.6519646624472574 0.6178138185654007 0.6510416666666665 0.6249340717299577 0.6567114978902953 0.6275712025316456 0.6613264767932489 0.6230880801687764
0 0.6480089662447257 0.6101661392405063 0.6418117088607594 0.6116165611814346 0.6403612869198312 0.6179456751054851 0.6484045358649788 0.6204509493670886 0.651173523206751 0.6149129746835442
0 0.5281513713080168 0.5594013713080168 0.521426687763713 0.5613792194092827 0.5211629746835442 0.5683676160337552 0.5291569314641744 0.5702394859813084 0.5322721962616822 0.5647877725856698
0 0.5389894859813084 0.5653718847352025 0.5319801401869159 0.567513629283489 0.5315907320872274 0.5739388629283488 0.5364583333333334 0.5775408878504673 0.5422021028037384 0.573257398753894
0 0.5498929127725857 0.5725759345794392 0.5430782710280374 0.5743282710280374 0.5417153426791277 0.5801693925233645 0.547751168224299 0.5837714174454828 0.5529108255451713 0.5800720404984423
0 0.5250681464174455 0.573257398753894 0.5195190809968847 0.5700447819314642 0.5132885514018691 0.5739388629283488 0.5164161392405063 0.5802347046413502 0.5236078660436138 0.5796826323987538
0 0.5333430685358256 0.5768594236760125 0.5258469626168224 0.5773461838006231 0.5245813862928349 0.5839661214953271 0.5306566455696202 0.5873549578059072 0.5356795171339565 0.5827978971962616
0 0.5433148734177214 0.5833992616033755 0.536166277258567 0.5850369937694705 0.5349980529595015 0.5905860591900312 0.5416179906542056 0.5944801401869159 0.5463475738396624 0.589332805907173
0 0.448969414893617 0.5092531028368794 0.44132313829787234 0.5112477836879432 0.44054742907801414 0.5197805851063829 0.44985593971631205 0.5222185283687943 0.4535128546099291 0.5154587765957447
0 0.4330119680851064 0.5136857269503546 0.4250332446808511 0.5147938829787234 0.42458998226950345 0.5223293439716312 0.4301307624113475 0.5263187056737589 0.4367796985815603 0.5208887411347518
0 0.44276374113475175 0.5222185283687943 0.43578235815602834 0.5234375 0.43589317375886527 0.5315270390070922 0.444425975177305 0.5319703014184397 0.4454233156028369 0.5264295212765957
0 0.40486725663716816 0.4549225663716814 0.3976769911504426 0.45722713864306785 0.3988753687315635 0.4643252212389381 0.40615781710914456 0.46497050147492625 0.40929203539823017 0.4601769911504425
0 0.39454277286135697 0.44856194690265483 0.38790560471976404 0.450589970501475 0.3885508849557523 0.4569505899705014 0.39380530973451333 0.4599926253687316 0.3993362831858408 0.4543694690265486
0 0.38394174041297946 0.4416482300884956 0.37683823529411775 0.4456188725490196 0.3800551470588236 0.4529718137254902 0.3861541297935103 0.4510508849557522 0.3877212389380532 0.4468104719764012
0 0.25210160818713456 0.3990314327485381 0.24616228070175444 0.40305190058479534 0.24808114035087725 0.40889985380116967 0.2552997076023392 0.40880847953216376 0.2561220760233919 0.4033260233918129
0 0.2624269005847954 0.4054276315789474 0.26681286549707606 0.411732456140351 0.260873538011696 0.41620979532163743 0.2564875730994153 0.4131030701754386 0.25676169590643283 0.406889619883041
0 0.2508223684210527 0.4115497076023393 0.24561403508771937 0.4083516081871345 0.24004020467836265 0.4125548245614036 0.24332967836257316 0.41931652046783635 0.24981725146198835 0.41767178362573104
0 0.2573099415204679 0.41474780701754393 0.2517361111111112 0.41557017543859653 0.25000000000000006 0.42096125730994155 0.25383771929824567 0.42507309941520477 0.25986842105263164 0.422514619883041 0.2592288011695907 0.4184027777777778
0 0.44097222222222227 0.5041035353535354 0.4304924242424243 0.5039772727272727 0.4320075757575758 0.5124368686868688 0.43983585858585866 0.5133207070707071
0 0.31831831831831836 0.45504879879879884 0.3118430930930931 0.45129504504504503 0.3068693693693694 0.45551801801801806 0.30855855855855857 0.4616178678678679 0.3152214714714715 0.462743993993994
0 0.31493993993993996 0.4524211711711712 0.3124061561561562 0.44660285285285295 0.3175675675675676 0.4425675675675676 0.3233858858858859 0.4450075075075075 0.3238551051051051 0.4505442942942943 0.3193506006006006 0.453734984984985
0 0.6337684599156118 0.6008043248945147 0.626681857638889 0.5997721354166666 0.6255967881944445 0.6063910590277778 0.6324327256944445 0.6072591145833334
0 0.637592299578059 0.6043644514767932 0.6334092881944445 0.6060655381944445 0.6339518229166666 0.6099717881944445 0.6369900173611112 0.6124674479166666 0.6397026909722223 0.6109483506944445 0.6410047743055556 0.6074761284722223
0 0.6211487676056339 0.6141065140845071 0.6166271097046413 0.6180775316455697 0.6186049578059072 0.62229694092827 0.6226892605633804 0.62224911971831 0.6251833920187794 0.6192414906103287
0 0.6256235328638499 0.6074310446009391 0.621662265258216 0.6090448943661972 0.621662265258216 0.6127860915492959 0.6245965375586855 0.6154269366197184 0.6283377347417841 0.6135930164319249 0.6293647300469485 0.609411678403756
