0 0.6446428571428572 0.7218537414965986 0.6294849537037037 0.7145543981481481 0.6190476190476191 0.7273809523809525 0.625765306122449 0.7422619047619047 0.6435374149659864 0.7396258503401361
0 0.6494502314814815 0.6902488425925927 0.6379807692307692 0.7 0.6410590277777778 0.7165798611111112 0.6616987179487178 0.7165064102564103 0.6647435897435897 0.698076923076923
0 0.6723090277777778 0.6488715277777778 0.6552884615384615 0.6565705128205128 0.6554487179487178 0.6724358974358974 0.6749999999999999 0.678525641025641 0.6809294871794871 0.6613782051282051
0 0.7028846153846153 0.6594551282051282 0.6868589743589744 0.6634615384615384 0.6839743589743589 0.6802884615384616 0.7028846153846153 0.6883012820512819 0.7110576923076922 0.673076923076923
0 0.7298330527497194 0.6692971380471381 0.7165053310886644 0.6733656004489338 0.7139099326599326 0.6869037598204265 0.7227483164983165 0.6957421436588104 0.7354447250280584 0.6929363075196409 0.7384417808219178 0.6787956621004566
0 0.4803302304964539 0.6317043439716312 0.46725398936170215 0.638353280141844 0.46773726851851855 0.6569733796296298 0.490306712962963 0.6569733796296298 0.49074689716312053 0.6394614361702128
0 0.46038342198581567 0.6573027482269503 0.44985593971631205 0.6674977836879432 0.45473182624113473 0.6793550531914894 0.4696919326241135 0.6790226063829787 0.47257313829787234 0.6639516843971631
0 0.492332175925926 0.6995081018518519 0.48008849557522126 0.7099004424778761 0.48644911504424776 0.7230825958702064 0.5009218289085546 0.7180125368731562 0.5000921828908554 0.7063974926253687
0 0.5067997685185186 0.6650752314814815 0.48974358974358967 0.6761217948717948 0.49464699074074076 0.6925636574074074 0.5129807692307692 0.6931089743589743 0.5185897435897435 0.6778846153846153
0 0.5382558997050148 0.689343657817109 0.5210098870056498 0.6972104519774012 0.526659604519774 0.7155720338983051 0.5421006944444445 0.7171585648148149 0.5503177966101696 0.7014477401129944
0 0.56932918395574 0.7119640387275242 0.5558437067773166 0.7107538035961273 0.5460753803596128 0.7202627939142462 0.5522130013831259 0.7335753803596128 0.566390041493776 0.7345262793914247 0.5727005532503457 0.7249308437067774
0 0.561378205128205 0.6198717948717949 0.5407838983050848 0.6251765536723164 0.5452835648148149 0.6456886574074074 0.5608974358974358 0.6461538461538461 0.5689102564102564 0.6334935897435897
0 0.5524364406779662 0.6537782485875706 0.538436181434599 0.6455036919831223 0.5247231012658227 0.6546017932489451 0.5306566455696202 0.673589135021097 0.5499999999999999 0.672275641025641
0 0.5799054845580405 0.6693623535676252 0.5578740681576145 0.6733559637912673 0.5603367944621939 0.6925918530351438 0.5768437167199149 0.6958533013844516 0.5847643769968052 0.685536474973376
0 0.6005406118143459 0.644712552742616 0.5819688498402555 0.6510583067092651 0.5805045260915868 0.6660343450479234 0.595613684771033 0.6730231629392971 0.6082601171458999 0.663571618743344
0 0.6245385021097046 0.6130669831223627 0.6091112869198312 0.6162315400843881 0.6055511603375527 0.6296809071729957 0.6165064102564102 0.6394230769230769 0.6303401898734177 0.6354825949367089 0.6336511299435028 0.6244703389830509
0 0.6075290084388185 0.6879614978902953 0.5903876582278481 0.6898074894514767 0.5884098101265822 0.7097178270042194 0.6041007383966244 0.7157832278481012 0.6155448717948717 0.7044871794871794
0 0.6580128205128204 0.6017628205128205 0.6431089743589743 0.613301282051282 0.6491987179487179 0.6298076923076923 0.6671474358974359 0.6288461538461537 0.6706730769230769 0.613301282051282
0 0.5588141025641025 0.3176282051282051 0.541826923076923 0.32596153846153847 0.5483974358974358 0.3408653846153846 0.5656906906906907 0.335960960960961
0 0.5780448717948717 0.3386217948717949 0.5604166666666666 0.3432692307692308 0.5653846153846153 0.36217948717948717 0.5830128205128204 0.3573717948717949
0 0.5966346153846153 0.36282051282051286 0.5764423076923076 0.3639423076923077 0.578525641025641 0.3820512820512821 0.597275641025641 0.38092948717948716
0 0.5533653846153845 0.41314102564102567 0.530128205128205 0.4153846153846154 0.5304487179487178 0.4374999999999999 0.554326923076923 0.4363782051282051
0 0.5266025641025641 0.4461538461538461 0.5152243589743589 0.44663461538461535 0.5150150150150151 0.457957957957958 0.5270270270270271 0.45908408408408413
0 0.5173076923076922 0.4624999999999999 0.5054487179487178 0.46185897435897433 0.5039414414414415 0.47334834834834844 0.5165064102564102 0.4743589743589743
0 0.5105105105105106 0.4450075075075075 0.4996246246246247 0.44632132132132135 0.5007507507507508 0.4587087087087087 0.5103228228228228 0.45852102102102105 0.5131381381381381 0.4538288288288288
0 0.6256410256410256 0.4749999999999999 0.6126126126126126 0.47560060060060066 0.6122372372372372 0.4876126126126127 0.6259384384384384 0.487987987987988
0 0.6150525525525525 0.49305555555555564 0.6007882882882882 0.49436936936936937 0.6028528528528528 0.5067567567567568 0.609984984984985 0.5086336336336337 0.6150525525525525 0.5056306306306306
0 0.6080534825870647 0.511867744610282 0.6044257877280266 0.5082400497512438 0.5989324212271974 0.5066853233830846 0.5928171641791045 0.5120750414593698 0.5981032338308458 0.519641376451078 0.605462271973466 0.5185012437810945
0 0.5973776948590381 0.5231654228855722 0.5870128524046435 0.5219216417910448 0.5831778606965174 0.5289697346600332 0.5882566334991708 0.536950663349917 0.5953047263681592 0.533322968490879
0 0.5869092039800995 0.5400601160862355 0.580068407960199 0.5362251243781095 0.5732276119402985 0.5421330845771144 0.5787209784411277 0.5507359038142621 0.5856654228855721 0.5478337479270315
0 0.6134432006633499 0.536950663349917 0.6059805140961857 0.5318718905472637 0.5989324212271974 0.5350849917081261 0.6011090381426202 0.5443097014925373 0.6085717247097844 0.5457607794361525
0 0.6188329187396352 0.5225435323383085 0.6103337479270315 0.5232690713101161 0.6099191542288557 0.53125 0.6173818407960199 0.5344631011608624 0.6224606135986732 0.5296952736318409
0 0.6272284411276949 0.5081364013266998 0.6169672470978441 0.511660447761194 0.6180037313432836 0.5204705638474295 0.6259846600331674 0.5236836650082919 0.6316853233830846 0.5163246268656717
0 0.6394589552238806 0.5197450248756219 0.630959784411277 0.5209888059701493 0.6281612769485905 0.5283478441127695 0.6360385572139303 0.5334266169154229 0.6414282752902156 0.529177031509121
0 0.648476368159204 0.5019174958540631 0.6383188225538972 0.5053378938640133 0.6395626036484245 0.515702736318408 0.6472325870646767 0.5170501658374793 0.6516894693200663 0.5104166666666666
0 0.6401844941956882 0.494351160862355 0.6284722222222222 0.4945584577114428 0.6281612769485905 0.5057524875621892 0.634898424543947 0.5062707296849088 0.6402881426202321 0.5028503316749586
0 0.5298076923076923 0.510576923076923 0.5176164215686274 0.5133272058823528 0.52078227124183 0.5250714869281046 0.5326286764705882 0.5234375
0 0.5427884615384615 0.4934294871794871 0.5344669117647058 0.4934129901960784 0.5318116830065359 0.4984170751633987 0.5345690359477123 0.5056678921568628 0.5440705128205128 0.5024038461538461
0 0.5334935897435897 0.48541666666666655 0.5239481209150326 0.48411968954248363 0.5205780228758169 0.49361723856209155 0.5279309640522875 0.4974979575163398 0.5325265522875817 0.49474060457516333
0 0.5472374847374848 0.46428571428571425 0.5370879120879121 0.45902014652014655 0.5318986568986569 0.4661172161172162 0.536019536019536 0.4727564102564103 0.5433455433455433 0.4723748473748473
0 0.6150435073627845 0.38403614457831325 0.6060073627844713 0.3836178045515395 0.6029116465863454 0.38989290495314594 0.6066767068273093 0.39692101740294516 0.6161311914323963 0.39407630522088355
0 0.5928714859437751 0.3890562248995984 0.5891064257028114 0.3956659973226239 0.5931224899598394 0.4034471218206158 0.603078982597055 0.39951472556894246 0.6015729585006694 0.3913989290495315
0 0.5799866131191433 0.3934906291834003 0.5745481927710844 0.40194109772423026 0.5790662650602411 0.40880187416332003 0.5886880856760376 0.40587349397590367 0.5893574297188756 0.3980087014725569
0 0.587516733601071 0.41365461847389556 0.5843373493975904 0.42068273092369474 0.588855421686747 0.4284638554216868 0.5994812583668006 0.4236111111111111 0.5954651941097725 0.4144912985274431
0 0.6024096385542169 0.4066265060240964 0.5978078982597055 0.41415662650602414 0.6023259705488622 0.4226907630522089 0.6127844712182062 0.4176706827309237 0.6105254350736279 0.410140562248996
0 0.614876171352075 0.4011044176706827 0.6121151271753682 0.40955488621151276 0.6159638554216869 0.4170013386880857 0.6262550200803214 0.41214859437751 0.6237449799196788 0.40403279785809904
0 0.5440857030015799 0.4472255134281201 0.5401362559241706 0.45364336492891 0.5447768562401264 0.4611473143759874 0.5531694312796208 0.45887638230647715 0.5548479462875198 0.4487065560821485
0 0.5613645339652449 0.4539395734597157 0.554946682464455 0.4576915481832544 0.5533669036334914 0.4656891785150079 0.5634379936808847 0.46894747235387046 0.5674861769352291 0.4611473143759874
0 0.5525770142180095 0.4686512638230648 0.5450730647709321 0.4715146129541864 0.5457642180094787 0.48010466034755134 0.5552428909952607 0.4821781200631912 0.5588961295418642 0.4735880726698263
0 0.5900641025641025 0.43701923076923077 0.578525641025641 0.43894230769230763 0.5806180884676145 0.45078001579778837 0.5913803317535545 0.44841034755134285
0 0.5736078199052134 0.44061018957345977 0.5623518957345972 0.44712677725118494 0.5688684834123223 0.4567041864139021 0.5779522116903635 0.4537421011058452 0.5775572669826224 0.44515205371248023
0 0.5929601105845183 0.4597650078988942 0.580815560821485 0.46470181674565564 0.5841725908372828 0.4741804897314376 0.5908866508688784 0.4741804897314376 0.5958234597156399 0.46796011058451825
0 0.5885169826224329 0.47724131121642976 0.5788408372827805 0.4727981832543444 0.5720280410742496 0.4794135071090048 0.5760762243285941 0.48642377567140604 0.5832839652448658 0.48741113744075837
0 0.6029324644549764 0.469144944707741 0.5946386255924171 0.47260071090047395 0.5936512638230648 0.4808945497630332 0.6009577409162717 0.484251579778831 0.6073755924170617 0.4792160347551343
0 0.5964158767772513 0.4843503159557663 0.5866409952606636 0.4848439968404423 0.5844687993680885 0.4926441548183254 0.591577804107425 0.4977784360189574 0.5977981832543444 0.49353278041074256
0 0.57864336492891 0.49027448657188 0.5710406793048974 0.4849427330173776 0.5637342022116903 0.49096563981042657 0.5676836492890996 0.4990620063191154 0.5759774881516587 0.49876579778830965
0 0.5830864928909953 0.4945201421800948 0.5774585308056873 0.4983708530805688 0.5772610584518167 0.5063684834123223 0.5848637440758294 0.5091330963665087 0.5911828593996841 0.5027152448657188 0.5892081358609795 0.4983708530805688
0 0.5658076619273302 0.5093305687203792 0.558797393364929 0.5052823854660348 0.5503060821484993 0.5108116113744077 0.5552428909952607 0.519994075829384 0.56353672985782 0.5189079778830964
0 0.5746939178515008 0.5124901263823065 0.5656101895734598 0.5159458925750395 0.5645240916271722 0.5241409952606636 0.5702507898894156 0.5283866508688784 0.5765699052132702 0.5248321484992101 0.5778534755134281 0.5177231437598737
0 0.5585011848341233 0.523943522906793 0.5502073459715641 0.5172294628751976 0.543295813586098 0.5226599526066351 0.5438882306477094 0.530756319115324 0.5547492101105845 0.5313487361769353
0 0.5642278830963665 0.5261157187993681 0.5571188783570301 0.5299664296998421 0.5571188783570301 0.5392476303317536 0.5684735387045814 0.5400375197472355 0.5702507898894156 0.5306575829383886
0 0.8197303921568627 0.54375 0.8118872549019609 0.5491421568627451 0.8145833333333334 0.560171568627451 0.8275735294117648 0.5589460784313726 0.8290441176470589 0.5481617647058824
0 0.8707107843137254 0.5743872549019607 0.8606617647058823 0.5837009803921569 0.8677696078431372 0.5947303921568629 0.8783088235294118 0.5925245098039217 0.8807598039215685 0.5824754901960785
0 0.8636029411764705 0.5908088235294118 0.8525735294117648 0.5922794117647059 0.8493872549019609 0.6003676470588236 0.8547794117647058 0.6082107843137255 0.864828431372549 0.6072303921568628 0.8685049019607843 0.6006127450980392
0 0.8516002415458938 0.6064311594202899 0.8445048309178744 0.6046195652173914 0.8366545893719807 0.6099033816425121 0.8383152173913043 0.6198671497584541 0.8458635265700484 0.6234903381642513 0.8541666666666666 0.6185084541062802 0.8550724637681161 0.612469806763285
0 0.8908514492753623 0.5910326086956522 0.8826992753623187 0.5905797101449276 0.8768115942028986 0.5958635265700484 0.8780193236714975 0.6047705314009663 0.8872282608695652 0.607638888888889 0.89387077294686 0.6028079710144928 0.8944746376811594 0.597524154589372
0 0.8727723393574297 0.6004329819277109 0.8615399096385543 0.6123556726907631 0.870011295180723 0.6236508534136547 0.8816202309236947 0.6186935240963856 0.8814319779116465 0.609406375502008
0 0.8598045532646048 0.6142074742268041 0.8468105670103093 0.6278457903780068 0.8632409793814433 0.6387993986254296 0.8702212199312714 0.625805412371134
0 0.8139124293785311 0.5718573446327684 0.8054378531073446 0.5815677966101696 0.8135593220338984 0.5907485875706214 0.8231738683127571 0.5814043209876544
0 0.810204802259887 0.5690324858757062 0.8022598870056498 0.5630296610169492 0.7957274011299436 0.5699152542372882 0.800141242937853 0.5773305084745763 0.8072273662551439 0.5757458847736625
0 0.8934722222222221 0.6198611111111112 0.8827777777777777 0.6340277777777779 0.8943055555555555 0.6456944444444445 0.9073611111111111 0.6330555555555556
0 0.9256944444444444 0.6218055555555556 0.91625 0.6236111111111111 0.91125 0.6304166666666666 0.9144444444444444 0.6393055555555556 0.9251388888888887 0.6419444444444444 0.9316666666666666 0.633888888888889
0 0.8811111111111111 0.6356944444444445 0.868611111111111 0.6459722222222223 0.88 0.6591666666666667 0.8926388888888888 0.6484722222222223 0.8890277777777778 0.6411111111111112
0 0.8993055555555555 0.6513888888888889 0.8916666666666667 0.6518055555555556 0.8856944444444443 0.6579166666666667 0.8891666666666667 0.6679166666666667 0.9001388888888887 0.6693055555555556 0.9056944444444444 0.6640277777777778 0.9041666666666667 0.6575
0 0.9094444444444444 0.635 0.9004166666666666 0.6415277777777778 0.898611111111111 0.6481944444444445 0.9052777777777777 0.6561111111111111 0.9152777777777777 0.6543055555555556 0.9193055555555554 0.6458333333333334
0 0.9195833333333333 0.6173611111111111 0.9091666666666667 0.6083333333333333 0.899861111111111 0.6122222222222223 0.8980555555555554 0.6222222222222222 0.9041666666666667 0.6277777777777778 0.9120833333333334 0.6272222222222222
0 0.8116732804232805 0.5147156084656085 0.8036723163841808 0.524364406779661 0.8088624338624338 0.5320767195767195 0.8161375661375662 0.533234126984127 0.8209325396825397 0.527281746031746 0.820271164021164 0.5209986772486773
0 0.8169642857142858 0.5421626984126985 0.8163029100529101 0.5357142857142857 0.8080357142857143 0.5342261904761905 0.8015873015873017 0.5388558201058202 0.8022486772486772 0.5471230158730158 0.808531746031746 0.5500992063492064 0.8159722222222222 0.5461309523809524
0 0.8261378848728246 0.5245147255689425 0.8172690763052209 0.5326305220883535 0.8180220883534137 0.5420013386880858 0.8285642570281125 0.544260374832664 0.8334170013386881 0.5372322623828648 0.8320783132530121 0.5302878179384204
0 0.8431224899598394 0.5423360107095047 0.8328313253012047 0.5527945113788487 0.8424531459170013 0.5632530120481928 0.8514892904953147 0.5527108433734941
0 0.8406961178045517 0.5153112449799198 0.8322456492637216 0.5254350736278448 0.8410307898259707 0.5340528781793843 0.8493975903614459 0.5245147255689425
0 0.8308232931726908 0.5059404283801875 0.8227074966532799 0.5172356091030791 0.8309069611780455 0.5245983935742973 0.8356760374832665 0.5203313253012049 0.8377677376171353 0.5130522088353414
0 0.8085106382978724 0.48648049645390073 0.8000886524822695 0.4951241134751772 0.8094985875706215 0.5038841807909604 0.8176200564971751 0.4947033898305085
0 0.7960992907801419 0.5024379432624113 0.7874556737588652 0.5117464539007093 0.7948446327683616 0.5199505649717514 0.8036723163841808 0.510593220338983
0 0.7757092198581561 0.5028812056737589 0.7664007092198581 0.510195035460993 0.7732712765957447 0.5190602836879431 0.7841312056737589 0.5117464539007093
0 0.785968137254902 0.5134191176470588 0.7798406862745098 0.5163602941176471 0.778125 0.5227328431372549 0.7825367647058823 0.5292279411764707 0.7898897058823529 0.5272671568627452 0.7917279411764705 0.5205269607843137
0 0.779718137254902 0.5414828431372549 0.7722426470588236 0.5511642156862745 0.7806985294117647 0.5591299019607844 0.788296568627451 0.5503063725490196
0 0.7921963276836159 0.5527895480225988 0.7828389830508474 0.561087570621469 0.790747549019608 0.5704044117647059 0.7996936274509805 0.5618259803921568
0 0.8435661764705882 0.5659926470588235 0.8360906862745098 0.5745710784313726 0.8451593137254902 0.5818014705882353 0.8506740196078431 0.5743259803921568
0 0.6751968503937008 0.5460958005249344 0.6689632545931758 0.5396981627296589 0.6614173228346457 0.5406824146981628 0.6583005249343832 0.5488845144356956 0.6650262467191601 0.5554461942257217 0.6720800524934383 0.5529855643044619
0 0.624507874015748 0.5301837270341208 0.6182742782152231 0.5393700787401575 0.6276246719160106 0.5475721784776902 0.6340223097112861 0.538221784776903
0 0.61499343832021 0.5400262467191601 0.6079396325459318 0.5510170603674541 0.6164698162729659 0.5583989501312335 0.624507874015748 0.5490485564304463
0 0.5193813131313131 0.36054292929292936 0.5065025252525253 0.362689393939394 0.5085227272727273 0.37354797979797977 0.5195075757575758 0.3729166666666667
0 0.9464285714285715 0.6425595238095237 0.9385416666666667 0.6514880952380953 0.944047619047619 0.6592261904761905 0.9504464285714285 0.6571428571428571 0.952827380952381 0.65
0 0.9555059523809524 0.6522321428571428 0.9480654761904761 0.6616071428571428 0.9572916666666667 0.6697916666666667 0.9639880952380951 0.6602678571428572
0 0.9675595238095237 0.6622023809523809 0.960267857142857 0.6668154761904762 0.9595238095238094 0.6751488095238095 0.9666666666666667 0.6778273809523809 0.9739583333333334 0.6723214285714286
0 0.7910714285714285 0.46770833333333334 0.7824404761904761 0.47708333333333336 0.7907738095238095 0.48497023809523815 0.7980654761904761 0.47752976190476193
0 0.024166666666666666 0.5208333333333334 0.0035416666666666665 0.5225 0.006875 0.54 0.022708333333333334 0.5395833333333333
0 0.017083333333333332 0.506875 0.0027083333333333334 0.508125 0.0077083333333333335 0.5204166666666666 0.019375 0.52
0 0.03 0.505 0.020833333333333332 0.508125 0.020416666666666666 0.5158333333333334 0.029375 0.518125 0.03125 0.5160416666666666
0 0.01875 0.491875 0.004583333333333333 0.49291666666666667 0.005833333333333334 0.5058333333333334 0.02 0.50625
0 0.031041666666666665 0.4970833333333333 0.023125 0.496875 0.021666666666666667 0.5027083333333333 0.024791666666666667 0.50625 0.03125 0.5020833333333333
0 0.030416666666666668 0.4870833333333333 0.021458333333333333 0.488125 0.022916666666666665 0.495 0.027708333333333335 0.4972916666666667 0.032916666666666664 0.49395833333333333
0 0.017708333333333333 0.47708333333333336 0.004791666666666666 0.48020833333333335 0.008125 0.4925 0.02020833333333333 0.4895833333333333
0 0.026480078563411964 0.47800925925925924 0.021640011223344614 0.48242845117845123 0.023674242424242483 0.48663720538720545 0.02718153759820433 0.4871983726150393 0.030408249158249218 0.4855850168350168 0.030899270482603866 0.4817971380471381
0 0.0543981481481482 0.4904250841750842 0.037142255892255956 0.4938622334455668 0.0406495510662178 0.5102763748597082 0.05566077441077448 0.5065586419753086
0 0.06912878787878793 0.48916245791245794 0.05573092031425372 0.4943532547699215 0.059378507295174014 0.5051557239057239 0.07025112233445573 0.5029812008978676
0 0.08456088664422004 0.48712822671156003 0.07375841750841756 0.49484427609427606 0.07621352413019085 0.5027006172839507 0.08435044893378232 0.5011574074074074
0 0.08673540965207636 0.47148569023569026 0.07474046015712689 0.4733796296296296 0.07530162738496077 0.48453282828282834 0.08680555555555561 0.4848835578002245
0 0.07018097643097648 0.47190656565656564 0.0570636924803592 0.4732393378226712 0.057484567901234615 0.48474326599326595 0.06933922558922564 0.48509399551066223
0 0.052153479236812635 0.4712051066217733 0.03931677890011229 0.47436167227833903 0.04114057239057245 0.4849537037037037 0.05229377104377111 0.48432239057239057
0 0.03125000000000007 0.4498511904761905 0.016517857142857213 0.4532738095238095 0.018154761904761983 0.4650297619047619 0.030208333333333403 0.46443452380952377
0 0.0002976190476191221 0.4529761904761905 0.006101190476190546 0.45059523809523816 0.01190476190476198 0.452827380952381 0.012946428571428647 0.46145833333333336 0.006845238095238173 0.46592261904761906 0.00014880952380959655 0.4635416666666667
0 0.0004464285714286476 0.4339285714285715 0.007589285714285789 0.4319940476190477 0.012053571428571507 0.4358630952380953 0.011755952380952455 0.4441964285714286 0.005208333333333404 0.44672619047619044 0.0002976190476191221 0.4441964285714286
0 0.03065476190476197 0.4316964285714286 0.016071428571428646 0.434077380952381 0.019047619047619122 0.44702380952380955 0.029613095238095303 0.4453869047619048
0 0.0004464285714286476 0.4165178571428571 0.005059523809523879 0.41354166666666664 0.011755952380952455 0.4165178571428571 0.01190476190476198 0.42425595238095243 0.006845238095238173 0.4288690476190477 1.4802973661668755e-18 0.42601686507936504
0 0.028869047619047686 0.4127976190476191 0.01562500000000007 0.4148809523809524 0.01919642857142865 0.4284226190476191 0.028273809523809586 0.4264880952380953 0.029910714285714353 0.4203869047619048
0 0.05535714285714292 0.4363095238095238 0.0389880952380953 0.4373511904761905 0.038244047619047684 0.4526785714285715 0.055059523809523864 0.45550595238095243
0 0.1145833333333334 0.4360119047619048 0.09583333333333341 0.44047619047619047 0.10327380952380959 0.45252976190476196 0.11324404761904769 0.4510416666666667
0 0.1139880952380953 0.45446428571428577 0.10014880952380958 0.4565476190476191 0.10163690476190482 0.4683035714285715 0.11369047619047624 0.4680059523809524
0 0.11383928571428577 0.471875 0.09970238095238101 0.4736607142857144 0.10119047619047625 0.4863095238095238 0.11250000000000007 0.4858630952380953
0 0.16279761904761914 0.4613095238095238 0.14985119047619055 0.46220238095238103 0.15089285714285722 0.47633928571428574 0.16398809523809527 0.47440476190476194
0 0.16190476190476194 0.44523809523809527 0.1482142857142858 0.4473214285714286 0.15044642857142862 0.46041666666666664 0.16339285714285723 0.4596726190476191
0 0.16279761904761914 0.4303571428571429 0.14925595238095246 0.43154761904761907 0.1507440476190477 0.4446428571428571 0.16250000000000006 0.4441964285714286
0 0.1741071428571429 0.4287202380952381 0.1644345238095239 0.42961309523809527 0.16770833333333338 0.4410714285714286 0.17544642857142861 0.4395833333333333
0 0.1733630952380953 0.44136904761904766 0.16875000000000004 0.44389880952380956 0.17023809523809527 0.45 0.17425595238095246 0.4519345238095238 0.17886904761904768 0.4507440476190477 0.17901785714285717 0.44315476190476194
0 0.08169642857142864 0.41622023809523817 0.06875000000000007 0.418452380952381 0.07023809523809531 0.43095238095238103 0.08154761904761912 0.4308035714285715
0 0.06666666666666674 0.4168154761904762 0.05357142857142864 0.41964285714285715 0.05535714285714292 0.43125 0.06681547619047624 0.4305059523809524
0 0.05014880952380958 0.41696428571428573 0.03958333333333341 0.41875 0.04032738095238102 0.43184523809523817 0.05357142857142864 0.43139880952380955
0 0.06815476190476197 0.4389880952380953 0.05639880952380959 0.44047619047619047 0.05803571428571435 0.4532738095238095 0.06875000000000007 0.4519345238095238
0 0.08110119047619054 0.4377976190476191 0.0708333333333334 0.43988095238095243 0.06949404761904769 0.4459821428571429 0.07232142857142863 0.45059523809523816 0.08065476190476197 0.45178571428571435
0 0.01263123359580053 0.39829396325459315 0.0027887139107611605 0.4000984251968504 0.0037729658792650866 0.40912073490813644 0.011646981627296592 0.40813648293963256
0 0.02181758530183727 0.3973097112860892 0.014107611548556432 0.3996062992125984 0.013615485564304457 0.4083005249343832 0.02493438320209974 0.4087926509186351
0 0.03248031496062991 0.3969816272965879 0.024770341207349073 0.400754593175853 0.02706692913385826 0.4096128608923884 0.03526902887139107 0.40715223097112857
0 0.10974409448818899 0.3868110236220473 0.10006561679790026 0.38648293963254593 0.10006561679790026 0.39714566929133854 0.10908792650918638 0.39747375328083984
0 0.12073490813648297 0.38779527559055116 0.11204068241469817 0.3881233595800525 0.11171259842519685 0.3989501312335958 0.12106299212598425 0.3991141732283464
0 0.13156167979002623 0.46259842519685046 0.12253937007874015 0.4635826771653544 0.12319553805774276 0.473753280839895 0.1332020997375328 0.47211286089238846
0 0.13188976377952755 0.4491469816272966 0.12253937007874015 0.45045931758530183 0.12483595800524934 0.4598097112860893 0.13156167979002623 0.4593175853018373
0 0.14140419947506558 0.4496391076115485 0.1343503937007874 0.4511154855643045 0.13418635170603674 0.4588254593175853 0.14370078740157477 0.4601377952755906
0 0.14222440944881887 0.43881233595800523 0.13254593175853016 0.43897637795275596 0.13599081364829393 0.4471784776902888 0.14288057742782154 0.448490813648294
0 0.13057742782152226 0.43832020997375326 0.12319553805774276 0.43897637795275596 0.12286745406824148 0.4483267716535433 0.13270997375328084 0.4471784776902888
0 0.1317257217847769 0.4276574803149607 0.12122703412073492 0.4304461942257218 0.12467191601049867 0.43815616797900264 0.1332020997375328 0.4355314960629922
0 0.14189632545931757 0.42601706036745407 0.13451443569553803 0.4297900262467192 0.13533464566929132 0.4375 0.14156824146981625 0.43667979002624674
0 0.13106955380577426 0.4745734908136483 0.12286745406824148 0.4767060367454068 0.12368766404199477 0.4854002624671916 0.13270997375328084 0.48474409448818906
0 0.10857538035961274 0.40119294605809125 0.10883471645919779 0.40465076071922546 0.10650069156293221 0.40758990318118943 0.10304287690179806 0.40689834024896265 0.10105463347164591 0.40568810511756564 0.10036307053941908 0.40318118948824344 0.10191908713692945 0.40024204702627936 0.10494467496542184 0.39920470262793906 0.1080567081604426 0.400155601659751
0 0.9565153301886793 0.6767393867924528 0.9606426886792451 0.6760514937106918 0.963197720125786 0.6791961477987422 0.9639838836477986 0.6822425314465409 0.9608392295597483 0.6861733490566038 0.9556308962264151 0.6851906446540881 0.9530758647798742 0.6823408018867924 0.9539602987421385 0.678999606918239
0 0.9536654874213836 0.6696639150943395 0.956318789308176 0.671629323899371 0.9569084119496855 0.6747739779874213 0.954255110062893 0.6777220911949685 0.9516018081761005 0.6791961477987422 0.9476709905660375 0.6784099842767296 0.9456073113207545 0.6744791666666666 0.9464917452830188 0.6722189465408805 0.949636399371069 0.6685829402515723
0 0.9366647012578615 0.6814563679245282 0.9346992924528301 0.6850923742138364 0.9296875 0.6847975628930817 0.9268376572327043 0.6816529088050315 0.9278203616352202 0.6767393867924528 0.9318494496855347 0.6745774371069182 0.9362716194968553 0.6764445754716981
0 0.9267393867924526 0.6771324685534591 0.9243808962264151 0.6781151729559748 0.9212362421383647 0.6771324685534591 0.9191725628930817 0.6741843553459119 0.9206466194968553 0.6698604559748428 0.9241843553459118 0.6685829402515723 0.9273290094339625 0.6700569968553459 0.9290978773584906 0.6739878144654088
0 0.6431540464743589 0.3600510817307692 0.6456079727564102 0.361553485576923 0.6470102163461537 0.36345653044871795 0.6475610977564102 0.3658603766025641 0.6455578926282051 0.3687650240384615 0.642753405448718 0.3697666266025641 0.6394981971153846 0.3690655048076923 0.6382461939102564 0.36696213942307687 0.6383463541666666 0.3639573317307692 0.6395482772435896 0.36180388621794873 0.6426031650641025 0.3600010016025641
0 0.6347906650641025 0.36540965544871795 0.6325370592948717 0.36576021634615385 0.6296824919871795 0.3639573317307692 0.6289813701923076 0.3613030849358974 0.6294320913461537 0.35859875801282054 0.6309845753205128 0.35694611378205127 0.6338391426282051 0.3561949118589743 0.6363932291666666 0.3566957131410256 0.6377453926282051 0.3592497996794872 0.6385466746794871 0.3620042067307692 0.6362429887820513 0.36530949519230765
0 0.6276792868589743 0.3600510817307692 0.6252754407051282 0.36105268429487175 0.6225210336538461 0.36015124198717946 0.621269030448718 0.3581480368589743 0.6211187900641025 0.3554437099358974 0.6227714342948717 0.3528896233974359 0.6258764022435896 0.35258914262820507 0.6285807291666666 0.3544921875 0.629131610576923 0.3574469150641026
0 0.6377453926282051 0.35624499198717946 0.6348908253205128 0.35504306891025633 0.6333884214743589 0.35293970352564097 0.6332381810897435 0.35078625801282054 0.6340394631410255 0.3485326522435897 0.636944110576923 0.34652944711538464 0.640850360576923 0.3475310496794872 0.6430538862179487 0.3504857772435897 0.6418018830128205 0.3544921875 0.6392477964743589 0.3563952323717948
0 0.646309094551282 0.3606019631410256 0.6439052483974359 0.3597005208333333 0.6423527644230769 0.3554937900641026 0.6435546875 0.35263922275641024 0.6462590144230769 0.35108673878205127 0.6494140625 0.3516877003205128 0.6517177483974359 0.3548427483974359 0.6514172676282051 0.35824819711538464 0.6487129407051282 0.3599509214743589
0 0.611068663406683 0.3433425020374898 0.6134117766911166 0.3446159331703342 0.6142777098614507 0.3481815403422983 0.6133099022004891 0.35062652811735945 0.6101008557457213 0.351390586797066 0.6068918092909535 0.34996434392828035 0.6065352485737572 0.3467043602281989 0.6076049307253464 0.3450743683781581 0.6093367970660147 0.34364812550937246
0 0.6145323960880196 0.34375 0.6116289731051345 0.3428331295843521 0.6102536674816625 0.3408465770171149 0.6102536674816625 0.3380959657701712 0.6116799103504483 0.3360075387123065 0.6142267726161369 0.3357019152404238 0.6171811328443358 0.3369244091279544 0.6181489405052975 0.3393184596577017 0.617588630806846 0.34191625916870416 0.6161623879380603 0.3434953137734311
0 0.6070955582722086 0.34318969030154844 0.6051599429502853 0.3454309290953545 0.6031224531377344 0.34497249388753054 0.6017980847595762 0.3443612469437653 0.6006774653626732 0.3417125101874491 0.6013396495517523 0.3404900162999185 0.6028168296658517 0.33901283618581907 0.6048033822330888 0.33921658516707415 0.6064843113284434 0.34038814180929094
0 0.6077068052159739 0.33870721271393645 0.6051090057049715 0.337688467807661 0.6039883863080685 0.33672066014669927 0.6040393235533822 0.3348359820700897 0.6048033822330888 0.3332059902200489 0.6067899348003261 0.3321363080684597 0.6102536674816625 0.3336134881825591 0.6100499185004075 0.3362112876935615 0.6090311735941321 0.3379940912795436
0 0.706573275862069 0.381573275862069 0.7088721264367817 0.3841594827586207 0.7087284482758621 0.3901939655172414 0.7029813218390806 0.39263649425287356 0.6988864942528735 0.3911997126436782 0.6970186781609196 0.38789511494252876 0.6988146551724138 0.3826508620689655 0.7017600574712645 0.3804956896551725
