0 0.411679292929293 0.05486111111111115 0.39829545454545456 0.05612373737373743 0.3990530303030303 0.06862373737373743 0.4120580808080808 0.06824494949494954
0 0.3929487179487179 0.051442307692307676 0.378525641025641 0.05336538461538461 0.38023989898989907 0.06710858585858592 0.3938762626262627 0.06635101010101016
0 0.3746794871794872 0.05128205128205128 0.3602904040404041 0.05574494949494954 0.3655934343434344 0.06786616161616167 0.37836538461538455 0.06522435897435896
0 0.38667929292929304 0.07215909090909096 0.37900641025641024 0.0705128205128205 0.3713141025641025 0.07612179487179485 0.37630208333333337 0.08629261363636363 0.3879807692307692 0.08429487179487179
0 0.43983585858585866 0.07998737373737379 0.4299873737373737 0.08453282828282833 0.434775641025641 0.09503205128205128 0.44467787114845936 0.0897233893557423
0 0.4264802631578947 0.08656798245614034 0.41754385964912283 0.09155701754385963 0.42266414141414144 0.10195707070707076 0.4325980392156863 0.09690126050420167 0.4310855263157895 0.09051535087719297
0 0.4347864145658263 0.09917717086834733 0.439709595959596 0.10928030303030307 0.43036616161616165 0.1135732323232324 0.42612044817927175 0.10836834733893558 0.42702850877192977 0.10137061403508772
0 0.36775622605363983 0.08746408045977012 0.3570023148148148 0.0873263888888889 0.35653935185185187 0.09797453703703704 0.36336805555555557 0.1009837962962963 0.3695023148148148 0.09774305555555556
0 0.3499161877394636 0.08231561302681993 0.3408165708812261 0.08590756704980841 0.34237308429118773 0.09488745210727968 0.3519516283524904 0.09488745210727968 0.35398706896551724 0.08746408045977012
0 0.37556818181818186 0.10372474747474754 0.36963383838383845 0.10839646464646469 0.37203282828282835 0.11571969696969703 0.3820075757575758 0.11496212121212125 0.38226010101010105 0.10713383838383843
0 0.38593750000000004 0.11545138888888891 0.37876157407407407 0.11776620370370372 0.3766792611251049 0.1244752308984047 0.3822942905121746 0.1288832913518052 0.3886439966414778 0.12699412258606213 0.38964120370370364 0.12135416666666667
0 0.39103009259259264 0.09890046296296297 0.3845328282828283 0.10145202020202024 0.38350694444444444 0.10931712962962963 0.3889467592592593 0.1126736111111111 0.39496527777777773 0.1100115740740741 0.3964699074074074 0.10387731481481483
0 0.4043187039369344 0.09462884247597725 0.39795296319619367 0.09694365729079206 0.3983001854184159 0.10481402766116243 0.4038557409739715 0.10793902766116242 0.4101057409739715 0.10423532395745871 0.4095298068849706 0.09708228379513015
0 0.4123263888888889 0.10653935185185184 0.4055662805662806 0.10931467181467182 0.40468750000000003 0.11695601851851853 0.41023166023166024 0.12025418275418275 0.41626157407407405 0.1181134259259259 0.41706885456885456 0.11108429858429858
0 0.3980902777777778 0.11140046296296295 0.3901041666666667 0.11394675925925923 0.3910984848484849 0.1214015151515152 0.39589646464646466 0.12493686868686875 0.4015782828282829 0.1227904040404041 0.4031828703703703 0.11545138888888891
0 0.7450086805555556 0.4561631944444445 0.7304687500000001 0.4600694444444445 0.7298177083333335 0.46853298611111116 0.7354600694444445 0.4730902777777778 0.7434895833333335 0.47092013888888895
0 0.7248702983138782 0.45290207522697795 0.712629701686122 0.4564688715953307 0.7183041504539559 0.46716926070038917 0.7243839169909209 0.46652075226977957 0.727302204928664 0.46044098573281456
0 0.7285992217898833 0.470330739299611 0.7190337224383918 0.470736057068742 0.7164396887159533 0.47973411154345 0.7229247730220493 0.4855706874189364 0.7302204928664072 0.48354409857328146 0.7324092088197147 0.47738326848249035
0 0.7571335927367057 0.4678177691309988 0.7456225680933852 0.46952010376134884 0.7428664072632943 0.47786964980544744 0.7492704280155643 0.4851653696498054 0.756485084306096 0.4837062256809338 0.7606193255512321 0.47665369649805445
0 0.7448929961089495 0.4833819714656291 0.7325713359273671 0.48232814526588846 0.7294909208819715 0.49213683527885865 0.734922178988327 0.4989461738002594 0.7444066147859922 0.49756809338521407
0 0.7696984435797667 0.4854896238651103 0.7576199740596629 0.4899481193255512 0.7610246433203631 0.5002431906614786 0.7692120622568094 0.5019455252918289 0.7760214007782102 0.4962710765239948
0 0.7577821011673153 0.4988651102464333 0.7474059662775617 0.5002431906614786 0.7472438391699092 0.5114299610894941 0.7554312581063554 0.5146725032425422 0.7624837872892347 0.5079442282749675
0 0.781614785992218 0.4985408560311284 0.7732652399481195 0.5001621271076524 0.7709143968871596 0.5089980544747083 0.7781290531776913 0.5140239948119326 0.7850194552529183 0.510943579766537 0.7861543450064852 0.5038099870298315
0 0.7717250324254216 0.5127269779507134 0.7642671854734112 0.510943579766537 0.7589980544747083 0.5180771725032425 0.7641050583657589 0.5266699092088197 0.771076523994812 0.5246433203631647 0.7756160830090792 0.519455252918288
0 0.7946660181582361 0.5107814526588845 0.7863975356679638 0.51215953307393 0.7833981841763944 0.5201848249027237 0.7899643320363167 0.5262645914396887 0.7982328145265889 0.5235084306095978 0.7987191958495462 0.5149156939040208
0 0.785262645914397 0.5247243839169908 0.7765077821011673 0.5235894941634242 0.7714007782101169 0.5289396887159533 0.7743190661478601 0.5372892347600519 0.7830739299610896 0.5377756160830092 0.7883430609597925 0.5326686121919585
0 0.8263888888888891 0.46144943019943024 0.8170405982905984 0.4675035612535613 0.8198896011396012 0.4797898860398861 0.83110754985755 0.4785434472934474 0.8355591168091169 0.4691061253561254
0 0.8298611111111112 0.48424145299145305 0.8149038461538464 0.4863782051282052 0.8173076923076924 0.49955484330484334 0.8291488603988606 0.4975071225071226
0 0.8110754985754988 0.4868233618233619 0.7966524216524218 0.4932336182336183 0.8016381766381767 0.5056089743589745 0.8133903133903134 0.5017806267806268
0 0.8220263532763534 0.5017806267806268 0.812232905982906 0.5037393162393163 0.8096509971509972 0.5122863247863249 0.8178418803418804 0.5178952991452992 0.8267450142450143 0.5123753561253562
0 0.8921826323987538 0.5441491433021807 0.8798189252336448 0.5479458722741434 0.884102414330218 0.5609910436137071 0.8963687694704049 0.556804906542056
0 0.9074669003115264 0.5405471183800623 0.8974396417445483 0.542007398753894 0.895589953271028 0.5497955607476636 0.9009443146417444 0.5563181464174455 0.9105821651090341 0.5522293613707165
0 0.9166179906542056 0.5329536604361371 0.9086351246105918 0.5384053738317757 0.9142815420560747 0.5491140965732086 0.9240167445482865 0.5440517912772586 0.9238220404984423 0.5360689252336449
0 0.9321943146417444 0.5430782710280374 0.9217776479750778 0.5458041277258567 0.9197332554517132 0.5523267133956387 0.9243088006230528 0.5581678348909658 0.9331678348909657 0.556804906542056
0 0.9225564641744548 0.5648851246105919 0.9226538161993769 0.5569996105919003 0.915255062305296 0.5527161214953271 0.9087324766355139 0.5581678348909658 0.9110689252336448 0.5672215732087227 0.9172994548286604 0.5680003894080997
0 0.89889992211838 0.5581678348909658 0.8941296728971961 0.5629380841121496 0.8961740654205606 0.5710183021806854 0.904741043613707 0.5726732866043613 0.9080510124610591 0.5670268691588786 0.9063960280373831 0.5587519470404985
0 0.16725852272727276 0.10901988636363635 0.15518465909090912 0.1180160984848485 0.15802556818181818 0.13364109848484848 0.17270359848484848 0.1374289772727273 0.18312026515151517 0.12653882575757577 0.1795691287878788 0.11280776515151515
0 0.08352987421383648 0.22032232704402513 0.07213050314465408 0.2301493710691824 0.07448899371069181 0.2443003144654088 0.08746069182389936 0.2494103773584905 0.09886006289308175 0.24351415094339623 0.09740028490028492 0.22774216524216523
0 0.13580974842767296 0.21049528301886794 0.1255896226415094 0.21875 0.12834119496855345 0.23054245283018862 0.13934748427672955 0.23879716981132076 0.14996069182389937 0.23211477987421383 0.15074685534591195 0.2152122641509434
0 0.16607704402515724 0.18219339622641512 0.1586084905660377 0.19280660377358488 0.16450471698113206 0.20538522012578617 0.1774764150943396 0.20852987421383648 0.18730345911949686 0.19870283018867926 0.18337264150943394 0.18376572327044025
0 0.10470085470085473 0.25035612535612534 0.09330484330484333 0.26014957264957267 0.09971509971509973 0.2799145299145299 0.12232905982905985 0.27154558404558404 0.11574074074074076 0.2532051282051282
0 0.12838319088319092 0.28383190883190884 0.10594729344729346 0.2889957264957265 0.11324786324786326 0.31321225071225073 0.1363960113960114 0.30484330484330485
0 0.00018768768768777496 0.38419669669669676 0.02027027027027035 0.3875750750750751 0.02027027027027035 0.4136636636636637 0.0 0.42079579579579585
0 0.02200155763239875 0.13317757009345793 0.0095404984423676 0.14154984423676012 0.015980113636363633 0.15258049242424246 0.027107007575757566 0.1452414772727273
0 0.03855140186915888 0.125 0.026869158878504665 0.13161993769470404 0.02998442367601246 0.1446651090342679 0.04367897727272728 0.13861268939393942
0 0.08021806853582553 0.10144080996884733 0.07009345794392521 0.10728193146417443 0.07457165109034268 0.11876947040498441 0.08859034267912773 0.11273364485981309
0 0.11137071651090343 0.12519470404984423 0.09871495327102803 0.13025700934579437 0.10377725856697818 0.14057632398753894 0.11604361370716508 0.13746105919003113
0 0.09462616822429906 0.14271806853582555 0.07924454828660436 0.150506230529595 0.08683800623052959 0.16549844236760122 0.10377725856697818 0.15751557632398752
0 0.10669781931464171 0.16179906542056074 0.09221117424242423 0.17057291666666666 0.09978693181818181 0.18667140151515152 0.11545950155763236 0.17990654205607476
0 0.1326941287878788 0.15258049242424246 0.11564867424242423 0.16133996212121213 0.12149532710280374 0.1773753894080997 0.1374289772727273 0.16844223484848483
0 0.12037037037037038 0.13710826210826213 0.1055911680911681 0.14672364672364674 0.11342592592592596 0.16123575498575501 0.12277421652421651 0.15625 0.12838319088319092 0.14992877492877493
0 0.029924242424242423 0.15624999999999997 0.01628787878787879 0.16571969696969696 0.02518939393939393 0.1818181818181818 0.03768939393939393 0.17140151515151514
0 0.05227272727272727 0.14375 0.037878787878787866 0.15227272727272725 0.04488636363636362 0.16818181818181815 0.061363636363636356 0.16041666666666665
0 0.06593276515151514 0.1686789772727273 0.05037878787878786 0.17784090909090908 0.05909090909090909 0.19223484848484845 0.07556818181818183 0.18484848484848482
0 0.044862689393939385 0.1826467803030303 0.02973484848484849 0.19090909090909092 0.038257575757575754 0.20511363636363633 0.05473484848484849 0.19715909090909092
0 0.28625541125541126 0.13717532467532464 0.2747507122507123 0.1378205128205128 0.2743945868945869 0.14886039886039887 0.28721509971509973 0.1492165242165242
0 0.3016381766381766 0.12001424501424504 0.28935185185185186 0.1210826210826211 0.2902421652421653 0.13176638176638178 0.3021723646723647 0.13336894586894588
0 0.3004807692307692 0.13701923076923075 0.28917378917378916 0.13746438746438747 0.2882834757834758 0.1428062678062678 0.2900641025641026 0.14850427350427353 0.29985754985754987 0.14992877492877493
0 0.3148148148148148 0.13710826210826213 0.30306267806267806 0.1378205128205128 0.30235042735042733 0.14992877492877493 0.3128561253561254 0.1502849002849003
0 0.31303418803418803 0.12161680911680914 0.3041310541310541 0.12250712250712249 0.3037749287749288 0.13087606837606838 0.31356837606837606 0.13319088319088318
0 0.32496438746438744 0.12126068376068375 0.3148148148148148 0.1235754985754986 0.3173076923076923 0.13247863247863245 0.3263888888888889 0.13123219373219375
0 0.4520997375328084 0.2887139107611549 0.438484251968504 0.2956036745406824 0.44356955380577434 0.3069225721784777 0.45734908136482944 0.3026574803149606
0 0.45734908136482944 0.30593832020997375 0.4442257217847769 0.3111876640419947 0.4493110236220473 0.3243110236220472 0.46309055118110243 0.3198818897637795
0 0.8827099737532808 0.49622703412073493 0.8679461942257218 0.5029527559055118 0.8748359580052494 0.515748031496063 0.8868110236220472 0.5113188976377953
0 0.8945209973753282 0.5123031496062993 0.8799212598425197 0.5187007874015748 0.8851706036745406 0.531496062992126 0.8986220472440944 0.5285433070866142
0 0.8702427821522309 0.5131233595800525 0.8617125984251969 0.5170603674540682 0.8648293963254594 0.5246062992125984 0.8731955380577429 0.5226377952755906
0 0.8582677165354331 0.5167322834645669 0.8499015748031497 0.5203412073490814 0.8533464566929134 0.5283792650918635 0.8607283464566929 0.5269028871391076
0 0.8459645669291338 0.5221456692913385 0.8394028871391076 0.5250984251968505 0.8415354330708662 0.5333005249343832 0.8502296587926509 0.531496062992126
0 0.8764763779527559 0.5244422572178478 0.8686023622047243 0.5264107611548557 0.8710629921259841 0.5341207349081365 0.8792650918635171 0.5333005249343832
0 0.8648293963254594 0.527230971128609 0.8572834645669292 0.53001968503937 0.8587598425196852 0.5385498687664042 0.8679461942257218 0.5364173228346457
0 0.798720472440945 0.5328083989501312 0.79248687664042 0.536745406824147 0.7949475065616798 0.5429790026246719 0.8018372703412073 0.5433070866141733 0.8018372703412073 0.5380577427821523
0 0.7944553805774277 0.47604986876640426 0.781003937007874 0.47424540682414706 0.78001968503937 0.48392388451443574 0.787237532808399 0.48769685039370086 0.7918307086614172 0.4844160104986877
0 0.7966871584699454 0.4630806010928961 0.7884904371584699 0.4648565573770492 0.7878756830601094 0.472370218579235 0.7930669398907104 0.4746926229508196 0.7996243169398907 0.47257513661202183
0 0.8073428961748632 0.45495218579234975 0.7993510928961749 0.45864071038251364 0.800785519125683 0.4660177595628415 0.8085724043715846 0.4665642076502732 0.8108265027322404 0.46171448087431693
0 0.7761270491803279 0.4534494535519125 0.7671106557377049 0.45604508196721305 0.7695013661202185 0.463422131147541 0.7755122950819672 0.4621243169398907
0 0.7924521857923497 0.4524931693989071 0.7831625683060109 0.45433743169398905 0.7848702185792349 0.45966530054644805 0.7903346994535518 0.46171448087431693 0.7927254098360654 0.45952868852459017
0 0.7861680327868852 0.4636270491803278 0.7824795081967213 0.4593920765027322 0.7763319672131146 0.463353825136612 0.7777663934426229 0.46861338797814206 0.7835040983606557 0.46888661202185794
0 0.8716085271317829 0.5531330749354005 0.8603036175710593 0.5534560723514211 0.8612726098191216 0.564437984496124 0.8708010335917312 0.5637919896640827
0 0.8809754521963824 0.5621770025839793 0.8708010335917312 0.5657299741602068 0.873546511627907 0.5754198966408268 0.8829134366925065 0.5750968992248062
0 0.05186170212765959 0.20434397163120566 0.044862689393939385 0.21152935606060608 0.048758865248226944 0.21963652482269505 0.058289007092198586 0.21520390070921985
0 0.06449468085106382 0.19769503546099293 0.05540780141843972 0.20390070921985815 0.06117021276595745 0.2127659574468085 0.06870567375886526 0.20944148936170212
0 0.07734929078014185 0.19038120567375885 0.0700354609929078 0.19503546099290778 0.07203014184397162 0.205895390070922 0.08345170454545454 0.2001657196969697
0 0.06623931623931624 0.2834757834757835 0.05822649572649573 0.2897079772079772 0.06214387464387465 0.29772079772079774 0.07086894586894589 0.2929131054131054
0 0.05466524216524217 0.2898860398860399 0.0462317397078354 0.2951527224435591 0.05079681274900404 0.3041998671978752 0.060507968127490104 0.29988379814077026
0 0.01478687739463601 0.12039032567049807 0.0048491379310344725 0.12146791187739463 0.005447796934865892 0.1321240421455939 0.015505268199233709 0.13200431034482762
0 0.3450464949928469 0.07278254649499286 0.336552217453505 0.07439198855507867 0.3379828326180257 0.08234978540772532 0.3454935622317597 0.08118741058655221
0 0.3534513590844062 0.06437768240343346 0.34343705293276106 0.06571888412017168 0.3479971387696709 0.07287195994277539 0.35264663805436336 0.07162017167381975
0 0.35890557939914164 0.07349785407725322 0.349964234620887 0.07466022889842633 0.3503218884120171 0.08118741058655221 0.3583690987124463 0.08279685264663805
0 0.4482668067226891 0.0973389355742297 0.439712389380531 0.1010324483775812 0.44303097345132747 0.10840707964601776 0.45169616519174044 0.10647123893805316
0 0.4599926253687315 0.09320619840856705 0.4529867256637167 0.09606386802508622 0.453781512605042 0.10259103641456582 0.45973389355742283 0.10390406162464985 0.46404867256637156 0.09873717185989447
0 0.8773240371845948 0.6122177954847278 0.8785690571049135 0.615952855245684 0.8764940239043824 0.6199369189907039 0.8720949535192563 0.622675962815405 0.8694389110225762 0.6209329349269588 0.8671978751660027 0.6183598937583001 0.8669488711819389 0.6157868525896415 0.8695219123505975 0.6119687915006641 0.8736719787516599 0.6098107569721116
0 0.8671148738379814 0.6101427622841965 0.8641268260292164 0.6120517928286853 0.8602257636122177 0.612300796812749 0.8578187250996014 0.610308764940239 0.856656706507304 0.6055776892430279 0.8584827357237715 0.6025066401062418 0.8632138114209827 0.6007636122177955 0.8665338645418327 0.6026726427622843 0.8678618857901725 0.6064907038512617
0 0.8560756972111553 0.6137948207171315 0.8525066401062417 0.616948871181939 0.8496845949535193 0.6165338645418327 0.8472775564409031 0.6150398406374503 0.8459495351925632 0.6122177954847278 0.8484395750332006 0.6081507304116865 0.8526726427622842 0.6079847277556442
0 0.862964807436919 0.6218459495351926 0.8608897742363877 0.6245849933598938 0.8557436918990703 0.624667994687915 0.8544156706507304 0.6208499335989376 0.8559926958831341 0.6170318725099603 0.8608067729083664 0.6163678618857902 0.8628818061088978 0.6193559096945552
0 0.8722609561752988 0.6289010624169987 0.8681938911022575 0.6327191235059761 0.8628818061088978 0.6313081009296149 0.8627158034528553 0.6267430278884463 0.8663678618857902 0.6234229747675963 0.8697709163346612 0.6249169986719788
0 0.8989974402730375 0.5973762798634813 0.896508816837315 0.6002915244596132 0.8922426052332196 0.5990827645051194 0.890820534698521 0.5973762798634813 0.8905361205915813 0.59375 0.8940912969283276 0.5910480659840729 0.898428612059158 0.5926123435722412
0 0.8930958475540387 0.6051976678043232 0.8881897042093289 0.6085395335608647 0.8846345278725826 0.60818401592719 0.88214590443686 0.605268771331058 0.8833546643913538 0.6010736632536974 0.886127701934016 0.5996515927189988 0.8897539817974971 0.600504835039818
0 0.905325654152446 0.6073307736063709 0.9009172354948806 0.6074729806598407 0.8986419226393629 0.6058375995449374 0.898428612059158 0.6032778725824801 0.9003484072810011 0.6001493174061433 0.9045435153583616 0.6002204209328783 0.907245449374289 0.6022113196814562
0 0.8997084755403868 0.6116680887372014 0.8982153014789533 0.614938850967008 0.8945179180887372 0.6165031285551763 0.8921003981797497 0.6145122298065984 0.8906783276450512 0.6117391922639364 0.891744880546075 0.6091794653014789 0.8952289533560864 0.6076151877133106 0.897717576791809 0.6081129124004551
0 0.9075425790754258 0.6202098540145985 0.9060218978102189 0.6227950121654502 0.9017639902676399 0.6241636253041363 0.898418491484185 0.6224908759124088 0.8999391727493918 0.6160279805352797 0.9034367396593673 0.614507299270073 0.9064020681265206 0.6175486618004866
0 0.9143096107055961 0.6150395377128954 0.9108880778588807 0.6159519464720195 0.907618613138686 0.6148114355231143 0.9061739659367396 0.611389902676399 0.9077706812652069 0.6076642335766423 0.9121046228710461 0.6072080291970803 0.9149939172749392 0.6094130170316302 0.9159063260340632 0.614279197080292
0 0.896677927927928 0.6340402902902902 0.8956143643643644 0.6371684184184184 0.8926113613613612 0.63866991991992 0.8899837337337337 0.6370432932932933 0.8890452952952953 0.6342905405405406 0.890359109109109 0.6314752252252251 0.8949261761761761 0.6309747247247247
0 0.8891078578578577 0.6434872372372372 0.8867304804804805 0.6455518018018018 0.88379004004004 0.6448636136136137 0.8822885385385386 0.6427364864864864 0.8831018518518519 0.6399211711711712 0.8847284784784785 0.6382319819819819 0.8874812312312311 0.6387324824824825 0.8892955455455456 0.640797047047047
0 0.8802239739739739 0.6466153653653653 0.8782845345345345 0.6489927427427428 0.8755317817817818 0.6499311811811811 0.8732169669669669 0.648241991991992 0.8727790290290289 0.6454892392392392 0.8747184684684683 0.643362112112112 0.8775963463463463 0.6441128628628628
0 0.8844156656656657 0.6509321821821822 0.8845407907907908 0.6529967467467467 0.8831644144144144 0.6553115615615616 0.8807244744744746 0.6556869369369369 0.8789101601601601 0.6539351851851851 0.8784722222222223 0.6511198698698699 0.8800362862862863 0.6494932432432432 0.8826013513513514 0.6491804304304304
0 0.89623998998999 0.643362112112112 0.8971158658658658 0.6471158658658659 0.8954266766766767 0.6485548048048048 0.8930492992992992 0.6484296796796797 0.891234984984985 0.6471784284284283 0.8920482982982982 0.6445508008008008 0.8937374874874875 0.6431118618618619
0 0.9016203703703702 0.6381694194194194 0.903246996996997 0.6399211711711712 0.9018706206206207 0.6423611111111112 0.8991804304304304 0.6429241741741741 0.897678928928929 0.6422985485485485 0.8973035535535536 0.6400462962962963 0.8981168668668668 0.6374186686686686 0.9009947447447447 0.6371058558558558
0 0.5046206225680934 0.9562256809338523 0.500810635538262 0.9555771725032427 0.49724383916990916 0.9526588845654995 0.4960278858625162 0.948848897535668 0.4973249027237354 0.943498702983139 0.5007295719844359 0.9412289234760054 0.5076199740596629 0.9409857328145267 0.510132944228275 0.9451199740596629 0.5107003891050584 0.950470168612192 0.507295719844358 0.9557392996108951
0 0.5019455252918289 0.9679798962386511 0.4966763942931258 0.9712224383916993 0.49229896238651105 0.9708171206225683 0.4888132295719845 0.9686284046692608 0.48784046692607014 0.9625486381322957 0.49043450064850846 0.958171206225681 0.49521725032425423 0.9559014267185474 0.5012970168612192 0.9582522697795073 0.5025129701686122 0.9639267185473412
0 0.5148346303501946 0.9792477302204929 0.5088359273670559 0.9796530479896239 0.5039721141374838 0.976896887159533 0.5021076523994812 0.972357328145266 0.5049448767833982 0.9660343709468225 0.5115920881971466 0.9644130998702983 0.5155642023346303 0.9673313878080415 0.5177529182879378 0.9730058365758756 0.5160505836575876 0.9778696498054477
0 0.5219682230869002 0.964250972762646 0.5151588845654993 0.9636024643320363 0.511754215304799 0.9610894941634242 0.5111867704280155 0.9545233463035021 0.5134565499351492 0.9507133592736706 0.519860570687419 0.9493352788586253 0.5256971465629053 0.9530642023346305 0.5261835278858624 0.9579280155642025 0.5230220492866409 0.96416990920882
0 0.541423476005188 0.9734922178988328 0.5372892347600519 0.9743028534370948 0.5327496757457847 0.9736543450064852 0.5295071335927368 0.9702496757457847 0.5301556420233463 0.9640077821011673 0.533236057068742 0.9605220492866409 0.5396400778210118 0.9600356679636836 0.5440985732814528 0.9644130998702983 0.5445038910505837 0.9683852140077821
0 0.5291018158236056 0.9990272373540857 0.5224546044098572 0.9995136186770429 0.5162937743190662 0.997081712062257 0.5152399481193256 0.991001945525292 0.5189688715953308 0.9858949416342413 0.5237516212710766 0.9847600518806746 0.5294260700389105 0.9875972762645915 0.5305609597924772 0.9924610894941636
0 0.5442607003891051 0.9912451361867706 0.5387483787289234 0.9935149156939042 0.5323443579766537 0.9891374837872894 0.5312094682230869 0.9838683527885863 0.5362354085603113 0.9777885862516213 0.5439364461738002 0.9796530479896239 0.5461251621271077 0.9843547341115436 0.5458819714656291 0.9897049286640728
0 0.5580415045395591 0.9855706874189366 0.5527723735408561 0.9851653696498056 0.5469357976653697 0.9812743190661479 0.547908560311284 0.9741407263294425 0.5537451361867705 0.9705739299610896 0.5610408560311284 0.9726815823605709 0.5628242542153049 0.9789234760051883 0.5601491569390401 0.9850843060959793
0 0.4706394192521878 0.9284258154335722 0.46775556881463803 0.9291716388225935 0.46437450278440734 0.9279285998408909 0.46367840095465396 0.9251441925218774 0.46512032617342886 0.9219620127287191 0.468700278440732 0.9211664677804295 0.47098747016706444 0.9229564439140813 0.4715344073190135 0.9264866746221162
0 0.45308770883054894 0.9313593874303899 0.45020385839299926 0.9314091089896579 0.44896081941129673 0.9300666268894194 0.44881165473349244 0.927481105807478 0.4499055290373907 0.9257905727923628 0.452590493237868 0.9254922434367541 0.45517601431980914 0.9273816626889421 0.45462907716786 0.930016905330151
0 0.4587062450278441 0.9244978122513923 0.4553251789976134 0.9235531026252984 0.4540324184566429 0.9208184168655529 0.4547782418456643 0.9176859586316626 0.4574134844868736 0.9160451471758154 0.4613912092283215 0.9173876292760542 0.4622861972951472 0.9204206443914082 0.4610431583134448 0.9232050517104218 0.4592531821797932 0.924448090692124
0 0.44518198090692124 0.9272822195704058 0.44304395385839307 0.92743138424821 0.4414528639618139 0.9269838902147971 0.4404584327764519 0.9248955847255369 0.44006066030230706 0.9235033810660301 0.44120425616547343 0.9215145186953062 0.4437897772474146 0.9202217581543357 0.44662390612569614 0.9221608989657917 0.44712112171837715 0.9254425218774861
0 0.44826471758154335 0.9191776054097056 0.44523170246618937 0.9175367939538585 0.4443864359586317 0.914901551312649 0.4456791964996023 0.911868536197295 0.449060262529833 0.9107746618933971 0.45224244232299127 0.9134596260938743 0.4513971758154336 0.9178351233094671 0.45035302307080355 0.9189787191726331
0 0.4719819013524265 0.9419003579952266 0.46879972155926813 0.9414528639618137 0.46705946698488465 0.9392651153540176 0.46745723945902945 0.9366795942720763 0.47024164677804303 0.9352873906125694 0.4735729912490056 0.9371768098647575 0.4726780031821798 0.9406573190135245
0 0.22393758300132807 0.7870185922974768 0.22476759628154053 0.7927456839309429 0.22202855245683936 0.7959827357237717 0.2170484727755645 0.7952357237715802 0.21472443559096954 0.7922476759628154 0.2167164674634795 0.7881806108897743 0.2197045152722444 0.7866035856573704
0 0.21331341301460827 0.782785524568393 0.2146414342629483 0.7871845949535193 0.20957835325365212 0.7904216467463479 0.2052622841965472 0.7885126162018593 0.20376826029216472 0.7858565737051793 0.20584329349269592 0.7814575033200531 0.2105743691899071 0.7796314741035857
0 0.11679572271386439 0.7967367256637168 0.11790191740412989 0.8010693215339233 0.11412241887905614 0.8039269911504424 0.11098820058997058 0.8030051622418878 0.10951327433628326 0.7997787610619469 0.11098820058997058 0.7959992625368731 0.1158738938053098 0.7958148967551623
0 0.10650510204081634 0.7925363327149041 0.10693027210884355 0.7952806122448979 0.10565476190476192 0.7969039888682746 0.10376082251082253 0.7975610698824985 0.10132575757575758 0.7966334260977118 0.1005913729128015 0.7939664502164503 0.10178957946815088 0.7914154298082869 0.1040700371057514 0.7913767779839208
0 0.11106601731601733 0.806219078540507 0.11199366110080396 0.8085768398268399 0.1113365800865801 0.8108572974644404 0.10975185528756957 0.8121328076685219 0.10669836116264687 0.8118235930735931 0.10538419913419915 0.8098523500309215 0.1056161100803958 0.8067988559059989 0.10774196042053186 0.8056006493506493 0.11044758812615955 0.8057939084724799
0 0.10198283858998146 0.7997255720470007 0.10279452690166976 0.80231524427953 0.10186688311688312 0.8051754792826221 0.09792439703153988 0.8052141311069883 0.0960691094619666 0.8023925479282622 0.09715136054421769 0.8000734384662955 0.09935451453308597 0.7989138837353124
0 0.10580936920222636 0.8142200061842918 0.10735544217687076 0.8160366419294992 0.10735544217687076 0.8189741805813235 0.10476576994434138 0.8203269944341373 0.10236935683364257 0.8197085652442796 0.10171227581941868 0.8175827149041435 0.10206014223871367 0.8156887755102041 0.10325834879406308 0.8141813543599258
0 0.09788574520717377 0.8108959492888065 0.0990839517625232 0.813524273345702 0.09800170068027211 0.8156887755102041 0.09572124304267161 0.8162299010513298 0.09402056277056277 0.8156114718614719 0.09305426716141002 0.8138334879406308 0.09320887445887446 0.8116303339517625 0.09568259121830551 0.8102388682745826
0 0.0960691094619666 0.8194380024737168 0.0971900123685838 0.8222209338280767 0.09479359925788498 0.8250811688311689 0.09170145330859616 0.8249265615337045 0.089884817563389 0.823071273964131 0.08969155844155845 0.820211038961039 0.09119897959183675 0.8180465367965368 0.0937886518243661 0.8180078849721708
0 0.06482543323139654 0.8089003567787972 0.0666730377166157 0.8101745667686036 0.06737385321100917 0.8135512232415902 0.06603593272171253 0.8154625382262998 0.06316896024464831 0.8158448012232417 0.05998343527013252 0.8141883282364935 0.05991972477064221 0.8115124872579 0.061958460754332305 0.8085818042813455
0 0.07769495412844037 0.7901694699286442 0.07954255861365954 0.793737257900102 0.07845948012232415 0.7977510193679918 0.0734263506625892 0.7986429663608563 0.07036824668705402 0.7960945463812437 0.0699222731906218 0.7930364424057085 0.07157874617737003 0.789532364933741 0.07546508664627931 0.7890226809378186
0 0.06711901121304792 0.7851363404689093 0.06826580020387359 0.7881307339449543 0.06622706422018348 0.7915711009174312 0.06176732925586137 0.7919533639143731 0.05947375127420997 0.7904243119266056 0.05902777777777776 0.7866653924566769 0.06030198776758409 0.7840532619775739 0.06386977573904178 0.7830338939857289
0 0.07081422018348624 0.7730313455657493 0.07138761467889906 0.7774273700305812 0.06788353720693169 0.780230632008155 0.06406090723751275 0.7795935270132518 0.06163990825688072 0.7761531600407748 0.0623407237512742 0.7734136085626911 0.06482543323139654 0.7706103465851173 0.06839322120285424 0.7710563200815495
0 0.08094418960244648 0.7806766055045872 0.08037079510703364 0.7839895514780837 0.07622961264016309 0.7855823139653415 0.0731077981651376 0.7833524464831805 0.0731077981651376 0.7799120795107033 0.07457313965341489 0.7767902650356779 0.07833205912334353 0.7769176860346585
0 0.045277777777777764 0.7162962962962964 0.04537037037037036 0.7221296296296297 0.041851851851851855 0.7242592592592593 0.039074074074074074 0.7246296296296297 0.03574074074074074 0.7220370370370369 0.03574074074074074 0.7174074074074074 0.04064814814814814 0.7149074074074074 0.04370370370370369 0.7156481481481481
0 0.46637426900584805 0.29989035087719307 0.47094298245614036 0.30089546783625737 0.47404970760233917 0.3050986842105264 0.47322733918128657 0.31076388888888895 0.46948099415204686 0.31405336257309946 0.46509502923976614 0.31405336257309946 0.4608004385964912 0.31167763157894746 0.4608004385964912 0.3064692982456141 0.4635416666666667 0.3002558479532164
0 0.46555190058479534 0.2838084795321638 0.46865862573099415 0.28993055555555564 0.46701388888888895 0.29513888888888895 0.46244517543859653 0.2978801169590644 0.45741959064327486 0.2969663742690059 0.4557748538011696 0.29340277777777785 0.45531798245614036 0.2869152046783627 0.45824195906432746 0.2845394736842106 0.46244517543859653 0.28353435672514626
