0 0.504176731078905 0.23757045088566828 0.5108192431561998 0.23052536231884058 0.5202797906602254 0.22911634460547503 0.5295390499194848 0.23465177133655396 0.5305454911433173 0.24622584541062803 0.5236010466988728 0.2536735104669887 0.5108192431561998 0.25457930756843805 0.5035728663446055 0.24733293075684382
0 0.4742854267310789 0.2144223027375201 0.47770732689210954 0.20697463768115942 0.48897946859903385 0.20315016103059583 0.4993458132045089 0.20908816425120777 0.49974838969404195 0.22056159420289853 0.49501811594202905 0.227506038647343 0.4852556360708535 0.22982085346215783 0.47660024154589375 0.22629830917874397
0 0.560633429672447 0.24259393063583815 0.5667750481695569 0.23452552986512523 0.5794195568400772 0.2330804431599229 0.588090077071291 0.24259393063583815 0.5836343930635838 0.2554792870905588 0.5691835260115607 0.2598145472061657 0.561837668593449 0.25222784200385356
0 0.5358261078998073 0.22151974951830444 0.5406430635838151 0.21188583815028902 0.5542509633911369 0.20815269749518303 0.5631623314065511 0.21598025048169556 0.5638848747591522 0.22657755298651253 0.5561777456647399 0.23416425818882464 0.5434128131021195 0.2348868015414258 0.5377528901734104 0.22970857418111754
0 0.5344631011608624 0.17086442786069658 0.5381944444444445 0.1651637645107795 0.5466936152570481 0.16277985074626874 0.5557110281923715 0.166096600331675 0.5596496683250415 0.17480306799336656 0.5573694029850746 0.18485696517412942 0.5492848258706468 0.1890029021558873 0.5378834991708126 0.18610074626865677 0.5337375621890547 0.1782234660033168
0 0.4364814814814815 0.2188888888888889 0.44129629629629635 0.21222222222222223 0.4518518518518518 0.20907407407407405 0.46148148148148155 0.21509259259259259 0.4634259259259259 0.2273148148148148 0.4521296296296297 0.23509259259259258 0.44074074074074077 0.23351851851851851 0.4364814814814815 0.22685185185185186
0 0.4819673742138365 0.14391705974842764 0.4870774371069182 0.13684158805031443 0.49680621069182385 0.13477790880503146 0.5054540094339622 0.13939661949685533 0.509188286163522 0.14725825471698112 0.5068297955974843 0.1552181603773585 0.49651139937106914 0.16081957547169812 0.4852102987421384 0.1580680031446541 0.48236045597484273 0.15187696540880505
0 0.4433446455505279 0.16864630467571645 0.4459841628959276 0.1632730015082956 0.45361990950226244 0.15865384615384615 0.46549773755656115 0.16053921568627452 0.4694570135746607 0.16685520361990952 0.4703054298642534 0.1753393665158371 0.46342383107088997 0.18354072398190044 0.45107466063348417 0.18467194570135748 0.44475867269984914 0.17863876319758673
0 0.40494162640901776 0.19670893719806765 0.40896739130434784 0.1892612721417069 0.4172202093397746 0.1857387278582931 0.42678140096618367 0.18755032206119163 0.4315116747181965 0.1929851046698873 0.43131038647343 0.2036533816425121 0.4254730273752013 0.20999396135265702 0.41711956521739135 0.21110104669887278 0.4085648148148149 0.2086855877616747 0.4057467793880838 0.20264694041867956
0 0.3952075971731449 0.1528636631330978 0.39822585394581866 0.1463118374558304 0.4057346878680801 0.14211572438162542 0.4136116018845701 0.14270465253239104 0.42060512367491165 0.14800500588928153 0.4224455241460542 0.1560291519434629 0.419059187279152 0.16375883392226148 0.41221289752650175 0.16707155477031804 0.40315812720848054 0.16743963486454655 0.3978577738515901 0.16228651354534748 0.3955020612485277 0.15838486454652534
0 0.4034158711217184 0.2682726730310263 0.40351531424025466 0.2656871519490852 0.40600139220365955 0.2622563643595864 0.411769093078759 0.2619580350039778 0.41495127287191735 0.2662838106603024 0.4141557279236277 0.2719520684168656 0.40794053301511546 0.27359287987271286 0.40525556881463803 0.2719023468575975
0 0.39073687350835323 0.26941626889419257 0.3924274065234686 0.2660352028639619 0.3965542959427208 0.26404634049323794 0.40043257756563255 0.2659357597454257 0.4019242243436755 0.2703112569610183 0.40043257756563255 0.27468675417661104 0.39690234685759745 0.27602923627684967 0.3923279634049324 0.2749850835322196 0.3908860381861575 0.2720515115354018
0 0.40863663484486884 0.2764767303102626 0.4107249403341289 0.274139817024662 0.4137082338902149 0.27438842482100245 0.41554793158313447 0.2772722752585522 0.41420544948289584 0.2804544550517105 0.4121668655529038 0.28095167064439147 0.40973050914876696 0.28005668257756566 0.4088852426412093 0.27811754176610987
0 0.4051434676434677 0.2335927960927961 0.4072039072039072 0.2277930402930403 0.4126984126984127 0.22443528693528692 0.41971916971916967 0.22603785103785104 0.4233058608058608 0.2326007326007326 0.42132173382173377 0.2403846153846154 0.41498778998779 0.24282661782661782 0.40827228327228327 0.2406135531135531
0 0.38453907203907206 0.23443223443223446 0.3871336996336996 0.23015873015873017 0.39331501831501836 0.22809829059829062 0.39858058608058605 0.2306166056166056 0.4011752136752137 0.23603479853479853 0.3996489621489622 0.2419108669108669 0.39468864468864473 0.24534493284493283 0.38804945054945056 0.24412393162393162 0.38431013431013433 0.24084249084249085
0 0.3609441773504274 0.15314503205128205 0.3646834935897436 0.14900507478632477 0.37296340811965817 0.14813701923076925 0.3781049679487179 0.15227697649572652 0.3780381944444444 0.16022302350427353 0.3724959935897436 0.16409588675213674 0.3630809294871795 0.16349492521367523 0.3606103098290598 0.15808627136752137
0 0.3531113834422658 0.1713303376906318 0.35549428104575165 0.16779003267973855 0.3601239106753813 0.1675177015250545 0.3620983115468409 0.17071759259259256 0.3615536492374727 0.1749387254901961 0.3570601851851851 0.17636846405228757 0.35440495642701525 0.17473447712418302
0 0.33350861378205127 0.16654146634615383 0.3349108573717948 0.16428786057692307 0.33791566506410253 0.16408754006410253 0.34021935096153844 0.16644130608974356 0.3390675080128205 0.16964643429487178 0.33681390224358976 0.17049779647435898 0.3343098958333333 0.16979667467948714
0 0.3330578926282051 0.15943008814102563 0.33375901442307687 0.15682592147435898 0.3369641426282051 0.15592447916666666 0.339267828525641 0.15892928685897437 0.3380659054487179 0.1616336137820513 0.335361578525641 0.16213441506410253 0.3336588541666667 0.16123297275641021
0 0.31092247596153844 0.15807792467948714 0.31227463942307687 0.15537359775641021 0.3154296875 0.15472255608974356 0.3174328926282051 0.15592447916666666 0.3179837740384615 0.1586788862179487 0.3166816907051282 0.16093249198717946 0.3141276041666667 0.16138321314102563 0.3117237580128205 0.16038161057692307
0 0.3140775240384615 0.14670973557692307 0.31492888621794873 0.14435596955128205 0.31748297275641024 0.14300380608974356 0.3202373798076923 0.14420572916666666 0.3209885817307692 0.1479617387820513 0.31818409455128205 0.14946414262820512 0.3153796073717948 0.1495643028846154
0 0.7491554054054054 0.0231794294294295 0.7536599099099099 0.014170420420420509 0.7641704204204205 0.008633633633633717 0.7739301801801802 0.010135135135135217 0.7809684684684683 0.019707207207207287 0.7816253753753754 0.03622372372372381 0.7645457957957957 0.044763513513513604 0.7510322822822824 0.03462837837837847
0 0.5222222222222223 0.1347222222222222 0.5269444444444444 0.12652777777777777 0.53875 0.12319444444444443 0.5480555555555556 0.12916666666666668 0.550138888888889 0.1372222222222222 0.54625 0.1459722222222222 0.5354166666666667 0.15 0.5248611111111111 0.1461111111111111
0 0.39835695876288657 0.11034149484536082 0.4021155498281787 0.10357603092783504 0.4104918384879725 0.10196520618556702 0.4169351374570447 0.10497207903780068 0.41919029209621994 0.11141537800687286 0.4158612542955326 0.12011383161512026 0.4066258591065292 0.12150987972508591 0.4003973367697594 0.1174291237113402
0 0.3954574742268041 0.0820983676975945 0.39771262886597936 0.07511812714776632 0.40877362542955326 0.07189647766323025 0.4154317010309278 0.07683634020618556 0.41489475945017174 0.0857495704467354 0.40791451890034364 0.09144115120274914 0.398034793814433 0.0899377147766323
0 0.367321735395189 0.07801761168384878 0.37247637457044674 0.0709299828178694 0.38300042955326463 0.06931915807560138 0.38761812714776633 0.07694372852233677 0.38557774914089343 0.08671606529209622 0.37730884879725085 0.08907860824742267 0.3706507731958763 0.08768256013745704
0 0.3455235272988506 0.08847431752873565 0.3461072198275862 0.08407417385057472 0.35234823994252873 0.0811108117816092 0.35737697557471265 0.08407417385057472 0.35742187500000006 0.09134788074712644 0.35270743534482757 0.09417654454022988 0.34781339798850575 0.0928295617816092
0 0.3498159303882196 0.043256358768407034 0.3532463186077644 0.03781793842034812 0.36060910307898264 0.036060910307898326 0.3657128514056225 0.04016064257028119 0.3668005354752343 0.047021419009370895 0.3622824631860777 0.051539491298527515 0.35383199464524767 0.05220883534136553 0.35107095046854087 0.048109103078982675
0 0.37433065595716203 0.05095381526104424 0.37633868808567605 0.04677041499330662 0.3835341365461848 0.04568273092369484 0.3867135207496654 0.048527443105756435 0.3859605087014726 0.0550535475234271 0.38077309236947793 0.057563587684069675 0.3756693440428381 0.055639223560910375
0 0.30974264705882354 0.4196963507625272 0.31273828976034856 0.4157475490196078 0.31777641612200436 0.4152709694989106 0.32077205882352944 0.4173134531590414 0.3222698801742919 0.42282815904139437 0.319750816993464 0.4266407952069717 0.3134191176470588 0.4273897058823529 0.31062772331154687 0.42466639433551195
0 0.3071555010893246 0.39865876906318076 0.308244825708061 0.39450571895424835 0.3123297930283224 0.39239515250544665 0.31614242919389973 0.39348447712418294 0.31811683006535946 0.39668436819172115 0.3175721677559913 0.40185866013071897 0.3129425381263617 0.4042415577342048 0.3089256535947712 0.4030160675381263
0 0.33030364923747274 0.3944376361655773 0.33023556644880175 0.39055691721132896 0.333775871459695 0.38803785403050106 0.3377927559912854 0.3889229302832244 0.33990332244008714 0.3925994008714597 0.3380650871459695 0.39729711328976036 0.33425245098039214 0.39818218954248363 0.3311206427015251 0.39695669934640526
0 0.3307121459694989 0.42071759259259256 0.3329588779956427 0.4175857843137255 0.3374523420479303 0.4172453703703704 0.339562908496732 0.4203090958605664 0.33929057734204787 0.42453022875816987 0.3360226034858388 0.42609613289760345 0.3322099673202614 0.4254153050108932
0 0.27798592188919163 0.3606948228882834 0.2796321525885559 0.35700499545867387 0.2834355131698456 0.3541666666666667 0.2888283378746594 0.3549613987284287 0.2915531335149864 0.35768619436875565 0.29206403269754766 0.36279518619436874 0.29075840145322435 0.366825613079019 0.2847411444141689 0.368755676657584 0.2796321525885559 0.36671207992733873
0 0.29579959514170046 0.3523110661268557 0.298836032388664 0.34758771929824567 0.3050775978407558 0.34598515519568157 0.3096322537112011 0.34910593792172745 0.31072874493927133 0.35585357624831315 0.3070175438596492 0.3608299595141701 0.2998481781376519 0.3608299595141701 0.2972334682860999 0.3579622132253712
0 0.2839614967462039 0.34402114967462033 0.2845941793203181 0.3413548445408532 0.28680856832971796 0.3392308387563268 0.2908306218365871 0.3392760303687635 0.29286424439624004 0.3411288864786695 0.2931805856832972 0.34483459869848154 0.2913729211858279 0.34781724511930584 0.28807393347794646 0.3483595444685466 0.28554320318148946 0.3472749457700651
0 0.2751039407086045 0.34311731742588575 0.27645968908170643 0.3410385032537961 0.2795779103398409 0.3402250542299349 0.2809788503253796 0.3417615690527838 0.2813855748373102 0.34483459869848154 0.2788096529284165 0.3470037960954447 0.27560104844540856 0.34609996384671005
0 0.3509548611111111 0.3482638888888889 0.3536458333333333 0.3428819444444445 0.3613715277777778 0.34131944444444445 0.36701388888888886 0.3456597222222222 0.36684027777777783 0.3527777777777778 0.3609375 0.3572916666666667 0.35303819444444445 0.35520833333333335
0 0.3287326388888889 0.3540798611111111 0.3308159722222222 0.35121527777777783 0.3345486111111111 0.3506944444444445 0.3372395833333333 0.3528645833333333 0.3368055555555555 0.3575520833333333 0.3341145833333333 0.35989583333333336 0.32977430555555554 0.3587673611111111
0 0.325642523364486 0.33868769470404986 0.32642133956386293 0.33531282450674976 0.3307697300103842 0.3329114745586708 0.33433930425752856 0.33479361370716515 0.33596183800623053 0.3388823987538941 0.3340147975077882 0.34264667705088264 0.3295366043613707 0.3434254932502597 0.32681074766355145 0.3414135514018692
0 0.3384760705289672 0.3374790092359362 0.33889588581024344 0.33343828715365237 0.34288413098236775 0.33128673383711166 0.3469773299748111 0.33196893366918556 0.3486041141897565 0.3356947942905122 0.34692485306465154 0.34047019311502935 0.3431989924433249 0.34136230058774136 0.33989294710327456 0.33963056255247687
0 0.3510802469135802 0.3329475308641975 0.351929012345679 0.33032407407407405 0.3549382716049383 0.32955246913580244 0.3570216049382716 0.33086419753086416 0.35733024691358023 0.3341049382716049 0.355787037037037 0.3359567901234568 0.35239197530864197 0.3360339506172839
0 0.6162240537240538 0.28357753357753357 0.6190476190476191 0.2799908424908425 0.6240079365079365 0.2793040293040293 0.6279761904761906 0.2815934065934066 0.6286630036630036 0.2872405372405372 0.6260683760683761 0.29143772893772896 0.6191239316239316 0.29189560439560436 0.616529304029304 0.2897588522588523
0 0.5954605800653595 0.27157373366013077 0.5966860702614379 0.26759089052287577 0.6023539624183006 0.2660079656862745 0.6063878676470589 0.2684589460784314 0.6068474264705882 0.27422896241830064 0.6037326388888888 0.27744587418300654 0.5978094362745099 0.2770373774509804 0.595562704248366 0.2744332107843137
0 0.12762978142076506 0.24402322404371588 0.13015710382513665 0.24026639344262302 0.1360314207650274 0.2390368852459017 0.1392418032786886 0.24245218579234978 0.13910519125683066 0.24866803278688532 0.1339822404371585 0.2516051912568307 0.1291325136612022 0.24982923497267762
0 0.8301255518763798 0.41690811258278143 0.8319191501103753 0.4142866997792494 0.835989238410596 0.4131829470198675 0.8390935430463576 0.41476959161147897 0.8388865894039735 0.4204953090507726 0.8373689293598233 0.42249586092715236 0.833919701986755 0.42263383002207505 0.8311603200883003 0.4209092163355408
0 0.8186741169977926 0.41145833333333326 0.8194329470198675 0.4086989514348786 0.8232270971302428 0.4067673841059602 0.8275041390728477 0.4084230132450331 0.8281939845474614 0.4135278697571744 0.8248137417218543 0.41697709713024284 0.8196399006622518 0.41545943708609273
0 0.8222834346504558 0.3982712765957446 0.8238665146909827 0.39504179331306993 0.8284891084093212 0.3943452380952381 0.8310853596757852 0.3973847517730496 0.8304521276595745 0.402830547112462 0.8268427051671733 0.4039070415400203 0.8226633738601823 0.4027672239108409
0 0.8326684397163121 0.4047935663627153 0.8347581053698075 0.4014374366767983 0.8390640830800404 0.4012474670719352 0.8415336879432623 0.40384371833839916 0.8408371327254307 0.4078330800405269 0.8362145390070921 0.409669452887538 0.8334283181357649 0.40827634245187433
0 0.3772843567251462 0.027595029239766155 0.3801169590643276 0.024671052631579034 0.38559941520467844 0.024579678362573187 0.38806652046783635 0.028874269005848028 0.38578216374269014 0.03353435672514627 0.3819444444444445 0.03499634502923983 0.3775584795321638 0.03316885964912289
0 0.43831877729257634 0.023926491994177585 0.4431404657933042 0.018831877729257644 0.4499636098981077 0.020014556040756908 0.45442139737991266 0.027019650655021838 0.4484170305676856 0.034297671033478895 0.4403202328966521 0.03247816593886462 0.43813682678311494 0.02965793304221253
0 0.4594250363901019 0.020196506550218346 0.46415574963609896 0.013191411935953426 0.4737081513828239 0.011735807860262012 0.4808042212518195 0.017285298398835518 0.4812590975254731 0.02629184861717614 0.4729803493449781 0.03147743813682678 0.46306404657933037 0.03074963609898108
0 0.4859898107714702 0.016648471615720528 0.4879002911208152 0.00900655021834061 0.49499636098981076 0.004093886462882092 0.5050036390101892 0.006004366812227069 0.5094614264919942 0.01673944687045124 0.5024563318777293 0.026200873362445424 0.4919032023289665 0.026928675400291126 0.4874454148471616 0.021288209606986897
0 0.4258551673944687 0.011189956331877724 0.42831149927219797 0.005822416302765644 0.43540756914119355 0.003820960698689954 0.43977438136826785 0.005458515283842793 0.44077510917030566 0.01364628820960699 0.43649927219796214 0.018286026200873367 0.42967612809315864 0.018195050946142644 0.4262190684133915 0.014647016011644828
0 0.44377729257641924 0.0006368267831149884 0.44495997088791844 0.004275836972343517 0.4472343522561863 0.008824599708879183 0.451146288209607 0.010462154294032022 0.4564228529839883 0.009188500727802034 0.4606077147016012 0.006186317321688506 0.462245269286754 0.0009097525473071381
0 0.46733988355167394 0.0003639010189228505 0.4681586608442504 0.0026382823871906897 0.4705240174672489 0.004912663755458517 0.47607350800582243 0.006641193595342069 0.48235080058224167 0.0034570596797671035 0.4836079131930661 0.0
0 0.14875440917107582 0.25953483245149905 0.14969135802469136 0.2624007936507936 0.14902998236331566 0.26603835978835977 0.14429012345679007 0.26807760141093473 0.1408179012345679 0.2673611111111111 0.13894400352733682 0.2643849206349206 0.13894400352733682 0.2614638447971781 0.14109347442680772 0.25766093474426804 0.14616402116402114 0.2573853615520282
0 0.16092185264663803 0.26602736051502146 0.16119009298998568 0.26848623032904145 0.15958065092989984 0.27067685979971384 0.15779238197424894 0.270855686695279 0.15573587267525033 0.27098980686695273 0.15417113733905577 0.2699168454935622 0.15332170958512162 0.26750268240343344 0.15354524320457794 0.26522263948497854 0.15555704577968527 0.26365790414878393 0.15949123748211727 0.26347907725321884
0 0.16624195278969955 0.259902539341917 0.1646325107296137 0.2607519670958512 0.1626654148783977 0.26106491416309013 0.16074302575107297 0.25994724606580827 0.1600277181688126 0.25789073676680974 0.16043007868383402 0.25578952074391986 0.16190540057224603 0.2544483190271817 0.16467721745350497 0.2542247854077253 0.1666890200286123 0.2553424535050071 0.16722550071530756 0.2573542560801144
0 0.15638312034078808 0.25009984025559107 0.1569821618743344 0.2516972843450479 0.15625 0.2534944089456869 0.15458599574014906 0.25422657082002126 0.15245607028753994 0.25422657082002126 0.15119142705005326 0.25356096911608095 0.15059238551650694 0.2514310436634718 0.15225638977635783 0.24850239616613418 0.15485223642172524 0.24823615548455805
0 0.14686501597444088 0.22400825346112888 0.14786341853035145 0.22480697550585732 0.14879526091586792 0.22746938232161876 0.14812965921192756 0.2291999467518637 0.14526757188498404 0.22999866879659214 0.1436035676251331 0.2293996272630458 0.14253860489882852 0.22733626198083068 0.14313764643237487 0.22487353567625135 0.14500133120340786 0.22360889243876467
0 0.15185702875399362 0.2160210330138445 0.15372071352502664 0.21868343982960595 0.1531216719914803 0.2210130457933972 0.15032614483493079 0.22201144834930778 0.14879526091586792 0.22167864749733757 0.14759717784877527 0.21954872204472844 0.14773029818956337 0.21768503727369543 0.14939430244941423 0.2161541533546326
0 0.1746406109613657 0.2679694519317161 0.1761567834681042 0.26864330637915546 0.17705525606469005 0.27088948787061995 0.17660601976639712 0.272911051212938 0.17447214734950584 0.2739779874213837 0.17194519317160825 0.27369721473495057 0.17110287511230907 0.27167565139263256 0.17143980233602873 0.26926100628930816 0.17273135669362086 0.26785714285714285
0 0.22440972222222225 0.17586805555555557 0.22704861111111113 0.17802083333333332 0.2278125 0.18267361111111113 0.22413194444444448 0.1860069444444445 0.22065972222222224 0.1862152777777778 0.21767361111111114 0.1843402777777778 0.21607638888888892 0.18072916666666666 0.21760416666666665 0.1773263888888889 0.22149305555555557 0.17517361111111115
0 0.22836805555555556 0.17739583333333334 0.22600694444444447 0.17635416666666667 0.2246875 0.1743402777777778 0.22440972222222225 0.17225694444444448 0.22586805555555556 0.1691319444444445 0.2285763888888889 0.16822916666666668 0.2312152777777778 0.16822916666666668 0.2337152777777778 0.1712152777777778 0.23427083333333334 0.17399305555555558 0.23211805555555556 0.1768402777777778
0 0.23260416666666667 0.16822916666666668 0.2303819444444445 0.1674652777777778 0.2293402777777778 0.16586805555555556 0.22961805555555556 0.1635763888888889 0.23114583333333333 0.1615625 0.23461805555555557 0.16197916666666667 0.23565972222222223 0.16427083333333334 0.2346875 0.16690972222222225
0 0.21732638888888892 0.17399305555555558 0.21510416666666668 0.17489583333333333 0.2121875 0.1742013888888889 0.2098263888888889 0.17142361111111115 0.21079861111111114 0.16878472222222224 0.2130902777777778 0.16677083333333334 0.21663194444444447 0.1668402777777778 0.21829861111111115 0.16885416666666667
0 0.20118220899470898 0.15066964285714282 0.20242228835978834 0.1520750661375661 0.20279431216931215 0.15397652116402114 0.2017609126984127 0.15649801587301587 0.20068617724867727 0.15740740740740738 0.19775132275132273 0.15753141534391532 0.19543650793650794 0.156208664021164 0.19477513227513227 0.15434854497354497 0.1946924603174603 0.1517443783068783 0.19692460317460317 0.1498015873015873 0.20064484126984128 0.15000826719576718
0 0.2028891763691246 0.1554549374730487 0.2052608883139284 0.15494286330314788 0.20800991806813282 0.15623652436394997 0.20844113842173348 0.15798835705045278 0.20790211297973263 0.16030616645105647 0.20641979301423025 0.16189629150495904 0.20426369124622681 0.16173458387235878 0.2019189305735231 0.16038702026735657 0.2014338076757223 0.1582039672272531 0.20213454075032342 0.15664079344545062
0 0.21490147783251232 0.16016694033935414 0.21596195949644226 0.1622536945812808 0.21538040503557748 0.16447728516694038 0.21414887794198142 0.16601669403393543 0.21213054187192118 0.16635878489326766 0.21014641488779423 0.16560618500273672 0.20884646962233172 0.16423782156540775 0.20850437876299946 0.16218527640941435 0.20891488779419817 0.16044061302681992 0.21093322386425833 0.15903804050355774 0.21305418719211824 0.1588327859879584
0 0.21181328878990346 0.14049740163325908 0.2103981069042316 0.13915181885671862 0.20986451373422416 0.13724944320712695 0.21053730512249438 0.1359270601336303 0.21185968819599107 0.13492947290274682 0.21376206384558272 0.13483667409057162 0.2150380475129918 0.13588066072754268 0.21550204157386782 0.13799183370452855 0.21496844840386042 0.13949981440237566 0.21362286562731994 0.14054380103934666
0 0.20893652561247214 0.144464550853749 0.20766054194506306 0.14441815144766143 0.2064773570898292 0.14383815887156642 0.2059437639198218 0.14228377876763176 0.2057117668893838 0.14107739420935408 0.20689495174461764 0.13963901262063844 0.2087973273942093 0.1391982182628062 0.2103981069042316 0.14010300668151443 0.21121009651076464 0.14130939123979214 0.210699703043801 0.14284057164068295 0.20993411284335556 0.14409335560504824
0 0.21756892812887235 0.1465497211895911 0.21946638785625774 0.1488731412639405 0.21803361214374226 0.15212592936802974 0.21578763940520446 0.15247444237918217 0.21385145600991326 0.15169996902106567 0.21284464064436184 0.15034464064436184 0.21284464064436184 0.14879569392812889 0.21369656133828996 0.14658844485749686 0.2157101920693928 0.14604631350681535
0 0.22144129491945477 0.1520484820322181 0.2195825588599752 0.1512740086741016 0.21931149318463444 0.15042208798017345 0.21931149318463444 0.14953144361833953 0.21923404584882278 0.1482148389095415 0.22082171623296157 0.14716929987608424 0.22333875464684014 0.14701440520446094 0.22477153035935563 0.1491829306071871 0.22403578066914495 0.15092549566294922 0.22353237298636927 0.15193231102850063
0 0.21916823504809704 0.1685095148473442 0.21759985361773318 0.16767304475115016 0.21655426599749059 0.1661046633207863 0.21697250104558763 0.16390892931827689 0.21817492680886658 0.16262808448347973 0.22052749895441237 0.1624189669594312 0.22238341698034295 0.16403962777080722 0.22285393140945212 0.16652289836888334 0.22118099121706397 0.16819583856127143
0 0.21992628607277293 0.16187003345880385 0.21864544123797577 0.16223598912588874 0.2164758469259724 0.16121654119615225 0.21613603094939354 0.15996183605186112 0.21613603094939354 0.15873327059807613 0.21699864073609368 0.1572171685487244 0.21901139690506066 0.15638069845253033 0.22120713090757008 0.15768768297783353 0.22220043914680052 0.15990955667084905 0.22031838143036386 0.1616086365537432
0 0.2243438937682978 0.16458856127143454 0.22248797574236723 0.16349069427017984 0.22193904224173985 0.1621052906733584 0.22230499790882477 0.16030165202844 0.22337672521957339 0.1592560644081974 0.22518036386449186 0.15902080719364284 0.2266964659138436 0.16019709326641574 0.227271539104977 0.16173933500627352 0.22677488498536177 0.1635168339606859 0.22528492262651612 0.16479767879548304
0 0.2171554788791301 0.15648525721455456 0.21605761187787537 0.1571126097867001 0.21459378920953578 0.15622386030949395 0.21373117942283565 0.15486459640317862 0.2140448557089084 0.15337463404433294 0.21579621497281476 0.1523551861145964 0.2172338979506483 0.1523813258051025 0.2183840443329151 0.1532177959012965 0.21888069845253033 0.1541065453785027 0.21827948557089083 0.15570106649937263
0 0.2271803736050461 0.15524927219796217 0.22505761766132945 0.15503699660359047 0.22393558951965067 0.15397561863173215 0.2238749393498302 0.15230773896166908 0.2247846918971373 0.1508218098010674 0.2264525715672004 0.1503062833575934 0.22802947598253273 0.15118571081999027 0.22906052886948083 0.15282326540514315 0.2284843522561863 0.15461244541484717
0 0.2245420912178554 0.15891860747210088 0.22314713731198446 0.15925218340611352 0.22208575934012614 0.15876698204754974 0.22144893255701115 0.15797852983988353 0.22132763221737017 0.15709910237748664 0.22129730713245996 0.15637130033964095 0.2233290878214459 0.15497634643377003 0.2247846918971373 0.1560377244056283 0.22530021834061137 0.15715975254730713
0 0.6611280487804879 0.20533536585365855 0.6579776422764229 0.21072154471544716 0.6523882113821139 0.21163617886178865 0.648628048780488 0.2084857723577236 0.6476117886178863 0.2036077235772358 0.6492378048780489 0.20076219512195123 0.6553353658536586 0.1974085365853659 0.6603150406504066 0.2003556910569106
0 0.6680386178861789 0.21864837398373987 0.6634654471544716 0.21875 0.6589939024390243 0.2164126016260163 0.6585873983739838 0.21224593495934962 0.6605182926829269 0.20716463414634148 0.6663109756097563 0.20594512195121956 0.6701727642276423 0.2089939024390244 0.6723069105691056 0.21316056910569106
0 0.655640243902439 0.21976626016260165 0.6498475609756099 0.2190548780487805 0.6492378048780489 0.21610772357723582 0.6501524390243903 0.21295731707317075 0.6532012195121952 0.21153455284552847 0.6577743902439026 0.21285569105691057 0.6578760162601627 0.21671747967479674
0 0.639278455284553 0.25015243902439027 0.6358231707317074 0.25005081300813015 0.6332825203252033 0.2477134146341464 0.6331808943089432 0.24375000000000005 0.6357215447154473 0.2411077235772358 0.6408028455284553 0.23988821138211383 0.6429369918699187 0.24314024390243905 0.6420223577235773 0.24801829268292683
0 0.6665142276422765 0.23673780487804882 0.6639735772357723 0.23785569105691057 0.6594004065040651 0.23714430894308947 0.6585873983739838 0.23501016260162605 0.6585873983739838 0.2315548780487805 0.6623475609756099 0.22901422764227647 0.666819105691057 0.23003048780487806 0.6677337398373984 0.23409552845528456
0 0.5503556910569106 0.3152947154471545 0.551880081300813 0.32057926829268296 0.551270325203252 0.3244410569105691 0.546189024390244 0.32535569105691065 0.5428353658536587 0.32322154471544723 0.5414126016260163 0.3204776422764228 0.541819105691057 0.3166158536585366 0.546290650406504 0.3144817073170732
0 0.5980247641509433 0.8416371855345912 0.598810927672956 0.8456662735849055 0.598123034591195 0.8484178459119497 0.5949783805031447 0.8500884433962264 0.5926198899371069 0.848810927672956 0.5903596698113208 0.8456662735849055 0.5914406446540881 0.8425216194968553 0.59468356918239 0.8413423742138365
0 0.5895735062893082 0.8209021226415093 0.5909492924528301 0.8244398584905661 0.5896717767295597 0.8269948899371069 0.5860357704402516 0.8292551100628931 0.5829893867924528 0.8267000786163522 0.5818101415094339 0.8240467767295597 0.5835790094339622 0.8199194182389937 0.5880994496855345 0.8200176886792452
0 0.6019555817610063 0.8323014937106917 0.6030365566037736 0.8357409591194969 0.6013659591194969 0.8382959905660377 0.5964524371069182 0.838001179245283 0.5955680031446541 0.8343651729559748 0.5974351415094339 0.8317118710691823
0 0.6106033805031447 0.8385908018867924 0.6122739779874213 0.8437991352201257 0.6077535377358491 0.8459610849056605 0.6055915880503144 0.843700864779874 0.6049036949685535 0.8405562106918238 0.6079500786163521 0.838001179245283
0 0.6700148809523809 0.7796688988095237 0.6715959821428571 0.7845982142857143 0.6707589285714285 0.788783482142857 0.6670386904761905 0.7900855654761904 0.6631324404761905 0.7889694940476191 0.6617373511904762 0.7842261904761904 0.6635044642857143 0.7803199404761904 0.6686197916666666 0.7786458333333334
0 0.6650855654761905 0.7925967261904762 0.6676897321428571 0.796875 0.6648995535714285 0.8008742559523809 0.6578311011904762 0.8002232142857143 0.6564360119047619 0.7962239583333334 0.6584821428571429 0.7918526785714285 0.6635044642857143 0.7919456845238094
0 0.6559709821428571 0.7884114583333334 0.6563430059523809 0.7943638392857143 0.6524367559523809 0.7957589285714285 0.6483444940476191 0.7948288690476191 0.6469494047619048 0.7905505952380952 0.6489025297619048 0.7873883928571428 0.6538318452380952 0.7861793154761904
0 0.6587611607142857 0.7771577380952381 0.659970238095238 0.7802269345238094 0.6588541666666666 0.7842261904761904 0.654110863095238 0.7845982142857143 0.6517857142857143 0.7825520833333334 0.6526227678571429 0.7785528273809524 0.6555059523809524 0.7762276785714285
0 0.673642113095238 0.7688802083333334 0.6759672619047619 0.7712983630952381 0.6763392857142857 0.7744605654761904 0.6743861607142857 0.7767857142857143 0.6711309523809524 0.7776227678571428 0.6682477678571429 0.7765997023809524 0.6673177083333334 0.7739025297619048 0.6671316964285714 0.7705543154761904 0.6696428571428571 0.7686011904761905
0 0.6632254464285714 0.7689732142857143 0.6629464285714285 0.7729724702380952 0.6602492559523809 0.7740885416666666 0.6569940476190476 0.7728794642857143 0.6566220238095238 0.7700892857142857 0.6588541666666666 0.7678571428571429
0 0.6667596726190476 0.7599516369047619 0.6668526785714285 0.7642299107142857 0.6635044642857143 0.7658110119047619 0.6609933035714285 0.7643229166666666 0.6603422619047619 0.7618117559523809 0.6625744047619048 0.7590215773809523
0 0.6798735119047619 0.7580915178571429 0.6817336309523809 0.7624627976190476 0.6776413690476191 0.7665550595238095 0.6724330357142857 0.7644159226190476 0.671688988095238 0.7614397321428571 0.6731770833333334 0.7578125 0.677548363095238 0.7569754464285714
0 0.6673177083333334 0.7515811011904762 0.6692708333333334 0.7531622023809523 0.6690848214285714 0.7563244047619048 0.6674107142857143 0.7569754464285714 0.6640625 0.7568824404761905 0.6626674107142857 0.7551153273809523 0.6633184523809524 0.7527901785714285 0.6661086309523809 0.7513020833333334
0 0.6823846726190476 0.7454427083333334 0.6854538690476191 0.7468377976190476 0.6860119047619048 0.7510230654761905 0.6847098214285714 0.7540922619047619 0.6796875 0.7541852678571429 0.6776413690476191 0.7526041666666666 0.6772693452380952 0.7486049107142857 0.6795944940476191 0.7448846726190476
0 0.6713169642857143 0.7418154761904762 0.673828125 0.7462797619047619 0.6717819940476191 0.7493489583333334 0.6684337797619048 0.75 0.6653645833333334 0.7462797619047619 0.667782738095238 0.7434895833333334
0 0.9834357923497267 0.4118283242258652 0.9854849726775956 0.4158128415300547 0.9845742258652094 0.4188866120218579 0.9794512750455372 0.4204804189435337 0.9758082877959926 0.417634335154827 0.9767190346083788 0.41205601092896177 0.9799066484517304 0.4106898907103825
0 0.9741006375227685 0.40636384335154824 0.9741006375227685 0.4101206739526412 0.9711407103825136 0.41387750455373407 0.9678392531876138 0.41387750455373407 0.9653346994535518 0.41285291438979965 0.963740892531876 0.4090960837887067 0.9657900728597449 0.4060223132969035 0.9697745901639343 0.4042008196721311
0 0.8264465669988926 0.4326896456256921 0.8283153377630121 0.4364271871539313 0.8254775747508305 0.4401647286821705 0.8215323920265781 0.4401647286821705 0.8202865448504982 0.4375346068660022 0.8202173311184938 0.43352021040974525 0.8231935215946844 0.43234357696567005
0 0.855530303030303 0.4426515151515152 0.8565151515151515 0.4453030303030302 0.8563636363636362 0.4482575757575758 0.8530303030303029 0.4495454545454546 0.850530303030303 0.4477272727272727 0.8500757575757575 0.4440151515151515 0.8523484848484848 0.4421212121212121
0 0.865 0.43833333333333335 0.8671969696969696 0.4399242424242425 0.8675757575757576 0.4422727272727273 0.8660606060606061 0.44424242424242416 0.8632575757575757 0.44409090909090915 0.8613636363636362 0.4425 0.8612878787878787 0.4406060606060606 0.8624242424242423 0.43901515151515147
0 0.857651515151515 0.43424242424242415 0.859090909090909 0.43636363636363645 0.8592424242424241 0.4387878787878787 0.8568939393939394 0.4406060606060606 0.853560606060606 0.4393181818181819 0.8528787878787879 0.4362121212121213 0.8544696969696969 0.43424242424242415
0 0.8698484848484848 0.42954545454545456 0.8720454545454546 0.4318939393939394 0.8725757575757576 0.4356060606060606 0.8684848484848483 0.43643939393939396 0.8659848484848484 0.4350757575757575 0.8653787878787879 0.4328030303030302 0.866439393939394 0.4299242424242425
0 0.8612121212121212 0.42295454545454547 0.8632575757575757 0.4258333333333333 0.8622727272727273 0.4287878787878788 0.8592424242424241 0.4293939393939394 0.8569696969696969 0.4275 0.856439393939394 0.42522727272727273 0.8578787878787879 0.4234090909090909
0 0.8731818181818182 0.4193181818181818 0.8767424242424242 0.4213636363636364 0.8777272727272727 0.42515151515151517 0.8753787878787879 0.4275 0.8718939393939393 0.4276515151515152 0.8693939393939394 0.4257575757575758 0.8696969696969696 0.4227272727272728 0.8716666666666667 0.42007575757575755
0 0.8659090909090909 0.4159090909090909 0.8668181818181817 0.4187878787878788 0.8647727272727272 0.4215909090909091 0.8611363636363636 0.4209090909090909 0.8603030303030302 0.41787878787878785 0.8622727272727273 0.4146212121212121
