0 0.9078233506944445 0.8250325520833334 0.9115125868055556 0.8177625868055556 0.9192165798611113 0.8140733506944445 0.927463107638889 0.8147243923611113 0.9335394965277779 0.8185221354166666 0.9364691840277779 0.82763671875 0.932345920138889 0.8355577256944445 0.92431640625 0.83935546875 0.9144422743055556 0.8389214409722223 0.90966796875 0.8345811631944445
0 0.9306098090277779 0.8010525173611113 0.931369357638889 0.7912868923611113 0.9369032118055556 0.7853190104166666 0.947970920138889 0.7840169270833334 0.9566514756944445 0.788791232638889 0.9586046006944445 0.7987738715277779 0.9539388020833334 0.8064778645833334 0.94384765625 0.8101671006944445 0.9348415798611113 0.8074544270833334
0 0.8792459239130436 0.7988564311594203 0.8826426630434784 0.7897984601449274 0.8914741847826088 0.7852694746376812 0.9018908514492754 0.787307518115942 0.9072124094202898 0.7925158514492753 0.9073256340579711 0.8020267210144926 0.903023097826087 0.8089334239130435 0.8901154891304348 0.8118772644927537 0.8830955615942029 0.8083673007246376
0 0.9058537137681161 0.7739470108695651 0.9073256340579711 0.7663609601449275 0.9134397644927538 0.7600203804347825 0.9248754528985508 0.7592278079710144 0.9317821557971014 0.7639832427536232 0.9337069746376813 0.7721354166666665 0.9305366847826088 0.7810801630434783 0.9201200181159421 0.7851562499999999 0.9093636775362319 0.7826653079710145
0 0.9389814814814815 0.7120370370370369 0.9421296296296298 0.7022222222222223 0.9519444444444446 0.6973148148148148 0.9619444444444446 0.699537037037037 0.9668518518518519 0.706111111111111 0.9670370370370371 0.7153703703703703 0.9607407407407408 0.7228703703703703 0.9475925925925925 0.7238888888888889 0.9417592592592592 0.7197222222222223
0 0.9059259259259259 0.7062962962962964 0.9077777777777779 0.6977777777777777 0.9158333333333334 0.6922222222222223 0.9273148148148148 0.6928703703703702 0.9325925925925925 0.6989814814814815 0.9337962962962963 0.7086111111111111 0.9275925925925925 0.716111111111111 0.9157407407407407 0.7182407407407407 0.908888888888889 0.7143518518518518
0 0.8748864668483196 0.7210490463215259 0.8801089918256131 0.7153156221616712 0.8866371480472298 0.7138964577656676 0.8927111716621253 0.717586285195277 0.8948115349682108 0.7243982742960945 0.8904405086285195 0.7325726612170753 0.8830040871934605 0.7340485921889192 0.8763056312443234 0.7301884650317892
0 0.8597587719298244 0.706140350877193 0.8633223684210524 0.7008771929824561 0.8691337719298244 0.6987390350877193 0.875657894736842 0.7004934210526315 0.8785087719298245 0.7050438596491228 0.8783991228070174 0.7120065789473684 0.8742872807017543 0.7171052631578947 0.866063596491228 0.7175438596491227 0.8611293859649122 0.7134320175438597
0 0.8570498511904763 0.7395523313492063 0.8607080853174602 0.7342199900793651 0.8694506448412699 0.732421875 0.8755890376984127 0.7381882440476191 0.8755270337301588 0.7456907242063492 0.8705047123015873 0.7514570932539683 0.8630022321428572 0.7520151289682541 0.8577318948412699 0.7478608630952381
0 0.8412388392857143 0.7261594742063492 0.8444630456349207 0.7198970734126984 0.8514694940476191 0.7166108630952381 0.8586619543650793 0.7198970734126984 0.8612041170634922 0.7275235615079365 0.8581039186507936 0.7339099702380952 0.8514694940476191 0.736514136904762 0.8444630456349207 0.7339099702380952 0.841920882936508 0.7309957837301587
0 0.8376426091269842 0.7610057043650794 0.8405567956349207 0.7546812996031746 0.8465091765873016 0.7509610615079365 0.8541976686507936 0.7512710813492063 0.8585999503968255 0.7541852678571429 0.8606460813492064 0.757781498015873 0.8602120535714285 0.7642299107142857 0.8562437996031746 0.7685701884920636 0.8503534226190476 0.7712363591269842 0.8404947916666666 0.767764136904762
0 0.8228847137014315 0.7451751022494887 0.8258243865030674 0.7387206032719837 0.8331096625766872 0.7355892126789366 0.8395641615541923 0.737122955010225 0.8429511758691206 0.7449833844580778 0.8406505623721882 0.7520130368098159 0.8357937116564418 0.7548248977505113 0.8265912576687117 0.7542497443762781 0.8238433026584868 0.7496485173824131
0 0.8104093309859155 0.7870085093896715 0.8148840962441316 0.780993251173709 0.8231734154929579 0.7797461854460094 0.8280883215962442 0.7841475938967136 0.8298488849765259 0.7917033450704226 0.8252274061032864 0.7977919600938967 0.8180384389671362 0.799405809859155 0.8120231807511737 0.7960313967136151 0.8103359741784039 0.7914832746478874
0 0.7950044014084507 0.7738042840375589 0.7977186032863851 0.7671288145539907 0.8037338615023475 0.7643412558685446 0.8109961854460094 0.7664686032863851 0.8141505281690141 0.772337147887324 0.8130501760563381 0.7796728286384977 0.8068148474178404 0.783780809859155 0.7984521713615025 0.7824603873239436 0.7956646126760564 0.7778389084507042
0 0.7939774061032864 0.8065947769953051 0.7947843309859155 0.800799589201878 0.8003594483568076 0.7965448943661974 0.8087221244131456 0.7972051056338029 0.8138571009389672 0.803293720657277 0.8134169600938967 0.809455692488263 0.8072549882629109 0.8151775234741785 0.7987455985915495 0.8144439553990611 0.7947843309859155 0.8100425469483569
0 0.7782790492957747 0.7891358568075119 0.7831205985915495 0.7818001760563381 0.790456279342723 0.7808465375586855 0.7963981807511737 0.785174589201878 0.7981587441314556 0.7917767018779343 0.7940507629107982 0.7990390258215964 0.784881161971831 0.8003594483568076 0.779892899061033 0.7960313967136151
0 0.7780589788732395 0.8187720070422536 0.7825337441314556 0.8137837441314556 0.7900894953051644 0.8126833920187795 0.7958113262910799 0.8174515845070424 0.7968383215962442 0.8244204812206573 0.7919967723004695 0.8313160211267607 0.785174589201878 0.8319762323943662 0.7791593309859155 0.828161678403756 0.7779856220657277 0.823980340375587
0 0.7620671948356809 0.8049809272300469 0.7663952464788732 0.7988923122065728 0.7728506455399061 0.7970583920187795 0.7793060446009391 0.8001393779342724 0.7818001760563381 0.805861208920188 0.7802596830985916 0.812536678403756 0.774611208920188 0.8165713028169015 0.7664686032863851 0.8156176643192489 0.7628007629107981 0.8114363262910799
0 0.7620671948356809 0.8352772887323945 0.7652948943661972 0.8312426643192489 0.7702831572769954 0.8294821009389672 0.7758582746478874 0.8305090962441316 0.7791593309859155 0.8340302230046949 0.7806998239436621 0.8390918427230047 0.7776921948356809 0.846280809859155 0.7719703638497654 0.8489950117370892 0.7639011150234742 0.8462074530516432 0.7615536971830986 0.8415126173708921
0 0.7456845238095238 0.8225694444444445 0.7479662698412698 0.8169146825396825 0.7544146825396826 0.8134424603174604 0.7618551587301586 0.8157242063492063 0.7656249999999999 0.8217757936507937 0.7637400793650794 0.8293154761904762 0.7572916666666666 0.8335813492063491 0.7485615079365079 0.8311011904761905 0.7466765873015873 0.8267361111111111
0 0.8517055860805861 0.8328182234432233 0.8578869047619048 0.8282394688644689 0.8661286630036631 0.8286973443223443 0.8705929487179488 0.8353365384615384 0.8693337912087913 0.8432348901098901 0.8631524725274725 0.8479281135531136 0.8528502747252747 0.845867673992674 0.8507898351648352 0.8402586996336997
0 0.8348786630036631 0.8197687728937728 0.8409455128205129 0.8126717032967032 0.8504464285714285 0.8118704212454213 0.8565132783882784 0.815418956043956 0.8580013736263737 0.8225160256410255 0.8573145604395604 0.826407967032967 0.8511332417582418 0.8312156593406592 0.8417467948717948 0.8327037545787547 0.8360233516483517 0.8276671245421245
0 0.8305272108843537 0.8556972789115647 0.8347789115646259 0.8499149659863946 0.8421768707482992 0.847704081632653 0.8495748299319726 0.8491496598639455 0.8532312925170068 0.8542517006802721 0.852891156462585 0.8612244897959183 0.8490646258503401 0.8658163265306122 0.841156462585034 0.8686224489795917 0.832312925170068 0.864625850340136
0 0.8152210884353741 0.8409013605442177 0.8182823129251701 0.8354591836734693 0.8255102040816326 0.8318877551020407 0.8335034013605441 0.834013605442177 0.8372448979591838 0.8386904761904761 0.8380952380952381 0.8447278911564626 0.8327380952380952 0.8512755102040815 0.8237244897959183 0.8532312925170068 0.8164115646258504 0.8491496598639455
0 0.820260761589404 0.875310430463576 0.825296633554084 0.8716542494481236 0.8320571192052981 0.8719991721854304 0.8346095474613687 0.8754483995584988 0.8346095474613687 0.8800703642384107 0.8319881346578367 0.8829677152317881 0.8257795253863135 0.8848992825607064 0.8206746688741723 0.8823468543046357
0 0.8102546296296296 0.8665509259259261 0.8129398148148148 0.8633564814814815 0.8171527777777778 0.8623842592592594 0.8204861111111111 0.8632638888888889 0.8221064814814815 0.8674305555555556 0.8217361111111111 0.8713657407407408 0.8184953703703703 0.8742824074074075 0.8130787037037037 0.8739120370370371 0.8103472222222222 0.8705787037037038
0 0.8131363879957126 0.8862540192926046 0.8145766345123258 0.8836414790996785 0.8176580921757771 0.8823017148981779 0.8206390675241159 0.8828041264737406 0.8220793140407288 0.8853161843515541 0.8219453376205788 0.8889335476956055 0.819667738478028 0.8912111468381564 0.8155144694533762 0.8912111468381564 0.8135048231511254 0.8891010182207931
0 0.8033561093247589 0.877679528403001 0.803959003215434 0.8744640943193996 0.8065380493033226 0.8727558949624866 0.809753483386924 0.8724879421221865 0.8120310825294748 0.8745645766345123 0.8120645766345123 0.8793207395498391 0.8091840836012861 0.88146436227224 0.8052652733118971 0.8808614683815648
0 0.8054656862745098 0.8940441176470587 0.8076225490196077 0.8901715686274511 0.8117401960784313 0.8897794117647059 0.8145833333333333 0.8921323529411764 0.8143382352941176 0.8968382352941177 0.8105147058823529 0.8994362745098039 0.8065931372549019 0.8974264705882352
0 0.7961029411764705 0.885906862745098 0.7962009803921569 0.8823774509803921 0.7990931372549018 0.879828431372549 0.8027696078431372 0.8802205882352941 0.8056127450980393 0.8839460784313725 0.8028676470588235 0.8886029411764705 0.798406862745098 0.8886519607843136
0 0.7985539215686275 0.9006127450980392 0.7997303921568628 0.8985049019607844 0.8025245098039215 0.8971813725490195 0.8057598039215685 0.897671568627451 0.8074264705882351 0.8996813725490195 0.8069362745098039 0.904485294117647 0.8032598039215685 0.9061029411764705 0.7994362745098038 0.9050245098039216
0 0.7888970588235295 0.8933088235294118 0.7886519607843137 0.8900735294117647 0.79125 0.8874754901960784 0.7945833333333333 0.8875245098039215 0.7971323529411765 0.8890931372549018 0.7971323529411765 0.8939950980392156 0.7941911764705882 0.8964950980392157 0.7904166666666667 0.8958088235294118
0 0.7913970588235295 0.9096813725490195 0.7916911764705882 0.9066911764705882 0.7946323529411764 0.9045343137254902 0.7983088235294118 0.905220588235294 0.8000735294117647 0.9071323529411764 0.7998774509803921 0.9106127450980392 0.7979166666666667 0.9136519607843137 0.793406862745098 0.9136519607843137
0 0.7807953826691967 0.8992330803289059 0.7830091714104997 0.8958728652751423 0.7858950031625553 0.8945287792536369 0.7885041113219481 0.8952798861480077 0.7903621125869702 0.8983633776091081 0.7899272612270715 0.9026328273244782 0.786448450347881 0.9039373814041746 0.7826138519924098 0.9027514231499053
0 0.7816717273954116 0.9179318488529017 0.7837381916329286 0.9163292847503374 0.7865637651821863 0.9161184210526316 0.7889254385964912 0.918269230769231 0.7889676113360323 0.9216008771929822 0.7869433198380568 0.9236673414304994 0.7834851551956815 0.9237095141700403 0.7811656545209177 0.9220647773279351
0 0.774707683741648 0.92559855233853 0.7767956570155903 0.9231857832219746 0.7794868225686712 0.9221649962880474 0.7818995916852264 0.9243457683741646 0.7823171863400149 0.928289717891611 0.7790692279138827 0.9308880846325167 0.7754500742390498 0.9291249072011878
0 0.7748724489795918 0.912627551020408 0.776525888133031 0.9104072184429327 0.779880007558579 0.9097930839002267 0.7821948223733939 0.911871693121693 0.7821003401360546 0.9155092592592592 0.7795020786092214 0.9173989040060468 0.7753921012849585 0.9165013227513227
0 0.7682586923658352 0.9202806122448978 0.7692507558578987 0.9173044217687074 0.773030045351474 0.9160761526832953 0.7756755479969766 0.9179657974300831 0.775770030234316 0.9217450869236582 0.7731245275888133 0.9243433484504912 0.7694869614512472 0.9229261148904006
0 0.7622947645600991 0.9128523853779431 0.7636113692688972 0.9108000309789344 0.7664381970260223 0.9099481102850061 0.7692263011152416 0.9117293990086741 0.7694586431226765 0.9150209107806692 0.7675224597273853 0.917228159851301 0.7638049876084263 0.9169570941759603 0.7623722118959109 0.915059634448575
0 0.7688777881040892 0.9061144671623297 0.7710850371747212 0.9039459417596034 0.7741054832713754 0.9041008364312267 0.7757318773234202 0.9064629801734819 0.7750735749690211 0.9098706629491945 0.7718207868649318 0.9107225836431228 0.7692263011152416 0.9092123605947955
0 0.7558666356877324 0.9068502168525403 0.7566798327137547 0.9044106257744734 0.7609007125154895 0.9037910470879802 0.7633790272614622 0.9056110594795539 0.7623722118959109 0.9101804522924412 0.7586547397769517 0.911342162329616 0.755944083023544 0.9086315055762083
0 0.7619849752168526 0.901157837670384 0.7631854089219331 0.8982148389095416 0.7653926579925651 0.8969369578686492 0.7684131040892194 0.8980212205700123 0.7697297087980173 0.900964219330855 0.7681420384138785 0.9036748760842627 0.7658186183395291 0.9048365861214374 0.7633790272614622 0.9040233890954151
0 0.7626640419947506 0.9382874015748032 0.7646981627296587 0.9362204724409448 0.767749343832021 0.9359251968503937 0.7710629921259842 0.9375656167979003 0.7717847769028872 0.9415682414698163 0.769520997375328 0.9451443569553806 0.7654527559055118 0.9453083989501312 0.7623687664041994 0.9432742782152231 0.7622047244094488 0.9401246719160105
0 0.7525550314465409 0.9493460548885077 0.7533054602630074 0.9470590337335619 0.7577722984562607 0.9451293596340766 0.7604166666666666 0.9460227272727273 0.76227487135506 0.9488100343053173 0.7615601772441395 0.9531696683819325 0.7584155231560892 0.955420954831332 0.7539129502572899 0.9540273013150371 0.752697970268725 0.9520618925100056
0 0.7521172086720866 0.9308519647696477 0.7537262872628726 0.9277184959349594 0.7571561653116531 0.9258130081300813 0.7618563685636857 0.9265328590785907 0.7639312330623306 0.930005081300813 0.7634654471544715 0.9350440379403794 0.7601626016260162 0.9376693766937669 0.7552930216802168 0.9374576558265583 0.7528794037940378 0.9344935636856367
0 0.742443219772879 0.9415080160320641 0.744321977287909 0.937249498997996 0.7479124916499665 0.9354124916499665 0.7521710086840347 0.9364144956579827 0.7548012692050768 0.9394622578490315 0.7539245156980627 0.9441382765531062 0.751377755511022 0.9471442885771544 0.7467434869739479 0.9472695390781564 0.7439462257849031 0.9449732798931196
0 0.7406479625918504 0.9204659318637276 0.742067468269873 0.9162491649966601 0.7462424849699398 0.9144121576486306 0.7497494989979959 0.9148296593186374 0.752379759519038 0.9166666666666666 0.752379759519038 0.9225534402137608 0.7489979959919839 0.9258517034068138 0.7436122244488977 0.9256012024048097 0.7415247160988644 0.9238894455577823
0 0.7313396799116998 0.9283250551876379 0.7334092163355408 0.9254966887417218 0.7372033664459161 0.9240480132450329 0.7409630242825607 0.9254277041942605 0.7431015452538632 0.9296012693156732 0.7418943156732892 0.9336368653421634 0.738755518763797 0.9358788631346577 0.7340645695364238 0.9352924944812361 0.7316156181015452 0.9321881898454746
0 0.7286184210526315 0.8385964912280702 0.731359649122807 0.8353070175438596 0.7360197368421052 0.8343749999999999 0.7391447368421052 0.8362390350877191 0.7410087719298246 0.8398574561403508 0.7399122807017543 0.844298245614035 0.7355811403508772 0.8463267543859648 0.7302631578947368 0.8450109649122807 0.7286184210526315 0.8422697368421053
0 0.7392543859649122 0.8491228070175438 0.7421052631578947 0.8461074561403508 0.7463267543859649 0.8455043859649123 0.7499451754385964 0.8472587719298246 0.7509868421052631 0.8514802631578947 0.7489035087719298 0.8556469298245613 0.7449013157894736 0.8571820175438596 0.740515350877193 0.8550438596491228 0.7391447368421052 0.8516995614035088
0 0.71875 0.84797149122807 0.7206140350877193 0.8460526315789473 0.7249451754385965 0.8447368421052631 0.728125 0.8460526315789473 0.7301535087719297 0.8499451754385965 0.7289473684210526 0.8548245614035087 0.7249451754385965 0.8569627192982455 0.7200657894736842 0.8557565789473682 0.7182565789473684 0.8517543859649123
0 0.7290943287037036 0.8593991126543208 0.7312644675925926 0.8568913966049382 0.7348331404320987 0.8555893132716049 0.7391251929012345 0.8569396219135803 0.7410542052469135 0.8609905478395061 0.7393663194444444 0.8655237268518519 0.7359423225308641 0.8675491898148147 0.7310715663580246 0.867066936728395 0.7289496527777777 0.8636429398148147
0 0.707977207977208 0.8583808167141499 0.7108262108262108 0.8556505223171889 0.7155745489078822 0.8549382716049382 0.719551282051282 0.8573717948717948 0.7205603038936372 0.8623575498575496 0.7187796771130104 0.8667497625830959 0.7117165242165242 0.8673433048433047 0.7076804368471036 0.863307217473884
0 0.7197861160449971 0.8686907933688575 0.7218583481349912 0.8665075488454708 0.7254847542924808 0.8660634991119006 0.7290001480165779 0.8670256068679694 0.7304433096506809 0.8705780047365306 0.7303693013617525 0.8748704854943755 0.7282230609828302 0.8770167258732978 0.72326450562463 0.8774977797513321 0.7201931616341031 0.8754255476613382 0.7190090290112493 0.8710590586145649
0 0.6983043837882547 0.869727047146402 0.7006823821339949 0.8668320926385441 0.7047146401985112 0.8652812241521919 0.709212158808933 0.8674007444168734 0.7103494623655914 0.8715880893300247 0.7078680727874276 0.8761889991728701 0.7038358147229115 0.8775330851943756 0.6992349048800661 0.875206782464847
0 0.7089005775577558 0.8794863861386139 0.7121493399339933 0.8765470297029703 0.7174092409240923 0.876753300330033 0.7209674092409241 0.8806724422442244 0.7196782178217821 0.8860870462046205 0.7150371287128712 0.8884075907590759 0.710447607260726 0.8870668316831682 0.7081786303630363 0.8843337458745875
0 0.6878472222222222 0.8794560185185185 0.6909143518518518 0.8760416666666667 0.695486111111111 0.8758680555555556 0.6987847222222222 0.8787615740740741 0.6987268518518518 0.884375 0.694849537037037 0.8876157407407408 0.6891782407407406 0.8859953703703705 0.6875578703703703 0.8829282407407407
0 0.6988175675675675 0.8899774774774775 0.7019144144144144 0.8868806306306305 0.7061936936936937 0.8867680180180181 0.7099662162162161 0.8906531531531531 0.7094594594594594 0.8961148648648648 0.7044481981981981 0.8989301801801802 0.6988175675675675 0.8957770270270269
0 0.7471382783882784 0.8697916666666666 0.7501144688644689 0.867845695970696 0.7544642857142857 0.8685325091575091 0.75555173992674 0.8731684981684981 0.753033424908425 0.8763163919413919 0.749198717948718 0.8766597985347985 0.7464514652014652 0.8740270146520146
0 0.738968253968254 0.8784920634920634 0.7405555555555556 0.8765079365079366 0.7437698412698412 0.8757539682539682 0.7466666666666667 0.8769444444444445 0.7473015873015874 0.8809126984126984 0.7454761904761905 0.8840873015873016 0.7432142857142857 0.8848015873015873 0.7392857142857143 0.8827380952380952 0.7386111111111111 0.8801984126984127
0 0.7308333333333333 0.8874206349206349 0.7330952380952381 0.8842460317460318 0.7371031746031746 0.8842460317460318 0.7393253968253969 0.8871031746031747 0.7387698412698412 0.8905555555555557 0.7363095238095239 0.8926587301587301 0.7324603174603175 0.8920238095238097 0.731031746031746 0.8897619047619049
0 0.7225396825396825 0.8959126984126984 0.7242857142857143 0.893015873015873 0.7267857142857144 0.8917063492063492 0.7305158730158731 0.8925396825396825 0.7317857142857144 0.8961904761904763 0.7297619047619048 0.9001984126984126 0.7266269841269841 0.900952380952381 0.723968253968254 0.8994444444444446
0 0.7146031746031746 0.9039285714285715 0.7161904761904762 0.9011507936507938 0.7191269841269842 0.8998809523809524 0.7217460317460318 0.900357142857143 0.7237301587301588 0.9023809523809524 0.7236507936507937 0.905952380952381 0.7215079365079365 0.9085714285714285 0.7168650793650794 0.9086507936507938 0.7151190476190477 0.9067063492063492
0 0.7067460317460318 0.9121031746031747 0.7088492063492065 0.9086507936507938 0.7123412698412699 0.9081746031746032 0.7151190476190477 0.9095238095238096 0.7155555555555556 0.9136904761904763 0.7127777777777778 0.9166666666666666 0.7091666666666666 0.9161111111111112 0.7070238095238095 0.9142460317460317
0 0.7554336939102564 0.8796824919871795 0.7571364182692307 0.8772786458333334 0.7600410657051282 0.8764773637820514 0.7624949919871795 0.877478966346154 0.7635967548076923 0.8806840945512822 0.7628956330128205 0.8838391426282052 0.7604417067307692 0.8850911458333334 0.7572866586538461 0.8846905048076924 0.7555839342948717 0.8826372195512822
0 0.7476211939102564 0.8876452323717948 0.7491736778846154 0.8853415464743591 0.7514773637820513 0.8842898637820514 0.7542317708333334 0.8850911458333334 0.7558844150641025 0.8870442708333334 0.755684094551282 0.8908002804487181 0.7535306490384616 0.8926031650641025 0.7507261618589743 0.8930538862179488 0.7483223157051282 0.8917017227564104 0.747470953525641 0.8899489182692307
0 0.7391785957736878 0.8964297886843898 0.7407549420586231 0.8934049079754601 0.7438224267211998 0.8922546012269937 0.7467194955691889 0.893447511929107 0.7480828220858895 0.8967706203135651 0.7472733469665985 0.8999233128834356 0.744205862304022 0.901797886843899 0.7404141104294478 0.9006475800954329 0.7396046353101569 0.8986877982276756
0 0.7314672801635993 0.9037576687116564 0.7331288343558282 0.9013718473074303 0.736196319018405 0.9004771642808452 0.738709952283572 0.901457055214724 0.7400306748466259 0.9042263122017723 0.7395194274028629 0.9078050443081118 0.7365797546012269 0.9094239945466939 0.7327027948193593 0.9084867075664622 0.7312542603953648 0.906058282208589
0 0.7236707566462168 0.9117672119972734 0.7259287661895024 0.9091257668711656 0.7287832310838447 0.9085719154737559 0.7309134287661895 0.9094239945466939 0.7325323790047716 0.9124914792092707 0.7316376959781867 0.9155589638718474 0.729464894342195 0.9171779141104295 0.7252044989775052 0.9167092706203135 0.7238411724608043 0.9143234492160872
0 0.7153629856850716 0.9202880027266531 0.7171949556918882 0.9173483299250171 0.7203476482617587 0.9163258350374915 0.7233725289706886 0.9179021813224267 0.7243950238582141 0.9218217450579413 0.72239263803681 0.9247614178595773 0.7192825494205863 0.9254430811179278 0.7165985003408317 0.9236537150647581
0 0.9432270916334661 0.6487383798140771 0.9470451527224435 0.6441733067729084 0.9542662682602921 0.6431772908366534 0.959910358565737 0.6455013280212484 0.9624003984063745 0.650066401062417 0.9612383798140769 0.6567895086321381 0.9537682602921645 0.6601925630810093 0.9462981407702523 0.6591965471447544 0.9430610889774236 0.6545484727755645
0 0.9218957503320052 0.6574535192563081 0.924551792828685 0.6531374501992032 0.9291168658698539 0.6504814077025233 0.9364209827357236 0.6518924302788844 0.9406540504648073 0.6545484727755645 0.9409860557768923 0.6625996015936255 0.9355909694555112 0.6674136786188579 0.9282868525896413 0.6686586985391766 0.9228917662682602 0.664757636122178
0 0.8992363877822044 0.6642596281540505 0.9018094289508631 0.6597775564409031 0.9063745019920317 0.6577855245683931 0.910773572377158 0.6591965471447544 0.9132636122177954 0.6655046480743693 0.9099435590969455 0.6706507304116865 0.9039674634794157 0.671148738379814 0.9008134130146082 0.669073705179283
0 0.8864544172932332 0.6698190789473684 0.8866110588972431 0.6671170112781954 0.8888823621553884 0.6650806704260651 0.8923284774436089 0.6644149436090225 0.895813753132832 0.6656289160401002 0.8969102443609022 0.6695841165413534 0.8955396303258146 0.6730302318295739 0.893346647869674 0.6747141290726817 0.8881774749373433 0.6745574874686717 0.8868068609022555 0.6723253446115288
0 0.8732397762345677 0.6746479552469135 0.8738184799382716 0.6715615354938271 0.8770495756172839 0.6691020447530863 0.8823061342592592 0.6693913966049382 0.884476273148148 0.6739728009259259 0.8823061342592592 0.6792293595679012 0.8774353780864197 0.6799045138888888 0.8744454089506172 0.6782648533950617
0 0.9352558949624866 0.6222199892818865 0.9380693997856377 0.6181337084673099 0.9430935155412646 0.6155881564844586 0.9507971596998929 0.6167269560557341 0.9542135584137192 0.6218850482315113 0.9546154876741694 0.6266412111468381 0.9501272775991426 0.6320672561629154 0.9433614683815648 0.6330720793140407 0.9375334941050375 0.6308614683815648 0.9357248124330119 0.6282489281886388
0 0.9059919294294294 0.6345955330330331 0.9088541666666666 0.6307479354354354 0.9129363738738739 0.6293871996996997 0.9174408783783785 0.6312640765765767 0.9186608483483483 0.6377862237237238 0.9152355480480481 0.6420091966966968 0.9090418543543545 0.6420091966966968 0.906836524024024 0.639475412912913
0 0.8909883720930232 0.6414405684754523 0.8921834625322999 0.6380490956072351 0.8953488372093023 0.6351421188630492 0.8998385012919897 0.6358527131782946 0.9025839793281654 0.6375322997416021 0.9033914728682171 0.6418604651162791 0.9017764857881136 0.6459625322997415 0.8985142118863049 0.6479651162790697 0.8935400516795865 0.647125322997416 0.8916020671834626 0.6444767441860465
0 0.8759369488536154 0.6467702821869489 0.8767085537918871 0.6428571428571429 0.880566578483245 0.64048721340388 0.8853064373897707 0.6409832451499118 0.8880070546737212 0.6439043209876544 0.8881172839506172 0.6501322751322751 0.8841490299823632 0.6529982363315696 0.8784171075837741 0.6525573192239859 0.8763778659611992 0.6500220458553791
0 0.8822846283783785 0.6178561373873874 0.8840442004504503 0.6130701013513514 0.89037865990991 0.6106770833333334 0.8968538851351351 0.6129997184684685 0.8978392454954954 0.6221494932432432 0.8916455518018017 0.6255982545045046 0.8848184121621622 0.6245425112612613
0 0.873546511627907 0.5957687338501292 0.8757267441860465 0.5910045219638244 0.8822674418604651 0.5882590439276486 0.8892118863049095 0.5904392764857881 0.8918766149870802 0.5965762273901809 0.889938630490956 0.6040859173126615 0.8834786821705427 0.6061046511627908 0.8776647286821706 0.6044896640826873 0.8751614987080103 0.6018249354005168
0 0.9037467700258399 0.587047803617571 0.9045542635658915 0.5831718346253231 0.9090762273901809 0.5801033591731266 0.9147286821705427 0.5808301033591732 0.9178779069767442 0.584625322997416 0.9174741602067183 0.5901970284237726 0.9123062015503877 0.5940729974160207 0.9076227390180879 0.5939114987080104 0.904796511627907 0.5910852713178295
0 0.9263888888888889 0.5785628019323671 0.9280797101449275 0.5754830917874396 0.9321256038647344 0.5740338164251207 0.9357487922705314 0.5756642512077293 0.9369565217391305 0.5797705314009661 0.9355676328502415 0.5834541062801931 0.9305555555555556 0.5851449275362318 0.9277777777777777 0.5831521739130434
0 0.8655806737588654 0.5760564420803782 0.8663194444444445 0.5697768912529552 0.8724512411347518 0.5654920212765957 0.881464243498818 0.5669695626477541 0.884271572104019 0.5750960401891253 0.8806515957446809 0.582705378250591 0.8718602245862884 0.5832225177304965 0.866688829787234 0.5806368203309694
0 0.89412513397642 0.5663518220793141 0.8942591103965702 0.561327706323687 0.8980104501607716 0.5569064844587354 0.9046422829581993 0.5559016613076099 0.9088625401929261 0.5569064844587354 0.9114750803858521 0.566217845659164 0.9083266345123258 0.571241961414791 0.9023646838156484 0.5727826902465167 0.8970056270096463 0.5719118435155414
0 0.9152934083601286 0.5581792604501609 0.9156953376205788 0.553959003215434 0.918843783494105 0.5492698285101821 0.926078510182208 0.5479300643086816 0.931504555198285 0.5505426045016076 0.9325763665594855 0.5573084137191855 0.9290259914255091 0.5642081993569132 0.9232650053590569 0.5657489281886388 0.9179059485530547 0.5640072347266882
0 0.9116016819571865 0.5283193170234455 0.9135767074413864 0.5245603975535168 0.9182912844036698 0.5227765035677879 0.9239615188583078 0.5249426605504588 0.9252357288481141 0.530230632008155 0.923388124362895 0.5345629459734963 0.9193743628950051 0.5365379714576962 0.9141501019367992 0.5352637614678899 0.9123024974515801 0.5332250254841998
0 0.8928070846075434 0.5369839449541284 0.8933804791029563 0.5328427624872578 0.8966297145769623 0.5295298165137615 0.9024273700305812 0.5285741590214066 0.9070145259938839 0.5313774209989807 0.9079701834862385 0.5378758919469929 0.904020132517839 0.5430364424057085 0.8974579510703364 0.5435461264016309 0.8948458205912334 0.5413162589194699
0 0.8718463302752294 0.544756625891947 0.8721648827726809 0.5402331804281346 0.8777076962283384 0.5364742609582058 0.8852255351681958 0.5376210499490316 0.8873279816513762 0.5459034148827726 0.8819125891946993 0.5506817023445463 0.8763697757390417 0.551000254841998 0.8735028032619776 0.5488978083588175
0 0.8538162589194699 0.5527204383282365 0.8534977064220184 0.5480058613659531 0.8573840468909276 0.5432275739041794 0.8648381753312947 0.5429090214067277 0.8696164627930684 0.5488978083588175 0.8680874108053007 0.554249490316004 0.864710754332314 0.5578172782874617 0.8578937308868501 0.5577535677879714
0 0.9070060483870968 0.5130208333333334 0.908182123655914 0.508820564516129 0.9125504032258065 0.5073924731182796 0.9168346774193549 0.5092405913978494 0.9173387096774193 0.5143649193548387 0.9151545698924731 0.5173051075268817 0.9109543010752688 0.5179771505376344 0.908182123655914 0.516549059139785
0 0.9020497311827957 0.49605174731182794 0.9045698924731183 0.49277553763440857 0.9105342741935484 0.49269153225806445 0.9119623655913978 0.49672379032258057 0.9107862903225807 0.5017641129032259 0.9065860215053763 0.5034442204301075 0.9019657258064516 0.500924059139785
0 0.8811597007223942 0.508546181630547 0.8816111971104231 0.5031927244582044 0.8850941692466461 0.4990647574819402 0.8919311145510836 0.496936274509804 0.8978005675954593 0.5011932404540764 0.8978005675954593 0.5095136738906089 0.893092105263158 0.5138996388028896 0.8884481424148606 0.5148026315789473 0.8838686790505677 0.5130611455108359
0 0.8612891737891736 0.5156695156695157 0.861111111111111 0.5125830959164293 0.8628917378917377 0.5078347578347578 0.8697174738841404 0.5060541310541311 0.8752967711301043 0.5090218423551757 0.8760683760683758 0.514897910731244 0.8723290598290596 0.5204178537511871 0.8678774928774927 0.5214862298195632 0.8634259259259257 0.5201210826210827
0 0.8428136704119851 0.5205407303370786 0.8452130149812734 0.5150397940074907 0.8498361423220974 0.5128745318352059 0.855805243445693 0.5150397940074907 0.8579119850187266 0.5203651685393258 0.855746722846442 0.5261587078651685 0.851065074906367 0.5281484082397003 0.8448618913857677 0.5263927902621722
0 0.8329034391534392 0.5006944444444444 0.8330357142857143 0.4970568783068784 0.8362764550264551 0.4934854497354498 0.8423611111111111 0.49275793650793653 0.8459325396825397 0.49580026455026455 0.8463293650793652 0.5021494708994709 0.8434193121693121 0.5060515873015874 0.8383928571428572 0.5069113756613757 0.8344907407407408 0.5047949735449736
0 0.8510034904013961 0.4951461605584641 0.850785340314136 0.49165575916230364 0.8526396160558464 0.488165357766143 0.856675392670157 0.4866383071553228 0.8613110820244327 0.487565445026178 0.863274432809773 0.4913285340314135 0.8637652705061082 0.49623691099476436 0.8603839441535777 0.4989637870855148 0.856511780104712 0.500163612565445 0.8526941535776613 0.4984729493891797
0 0.8671141431924884 0.48837294600938974 0.8676276408450705 0.4832379694835681 0.8721024061032864 0.48008362676056343 0.8776775234741785 0.4805237676056339 0.8810519366197184 0.4844850352112676 0.8809785798122067 0.4903535798122066 0.8778975938967136 0.4930677816901409 0.8717356220657277 0.49409477699530524 0.8685812793427232 0.4913072183098592
0 0.8126843657817109 0.4658001474926254 0.8141592920353982 0.46054572271386435 0.8188606194690264 0.4566740412979351 0.8263274336283186 0.45731932153392324 0.8299225663716814 0.46211283185840707 0.8300147492625368 0.46939528023598814 0.8261430678466076 0.47391224188790565 0.8203355457227137 0.474188790560472 0.8152654867256637 0.4718842182890855
0 0.8373689293598233 0.45940259381898463 0.8375758830022076 0.45422875275938196 0.841576986754967 0.4508485099337749 0.8475096578366446 0.4504346026490067 0.8501310706401767 0.45374586092715236 0.8510968543046358 0.45754001103752767 0.8498551324503313 0.4618860375275939 0.8465438741721855 0.46402455849889623 0.8420598785871964 0.46388658940397354 0.8388865894039735 0.46236892935982343
0 0.8545733233233233 0.4520457957957958 0.8550738238238239 0.44804179179179177 0.8577640140140139 0.4449762262262262 0.8633946446446447 0.44428803803803807 0.8668355855855856 0.44666541541541543 0.8679617117117117 0.45154529529529525 0.8665853353353353 0.4554867367367368 0.8642079579579579 0.45717592592592593 0.8597034534534534 0.4581143643643643 0.8560748248248248 0.4564877377377377
0 0.8716207837301588 0.44658358134920634 0.8718067956349207 0.4426153273809524 0.8750310019841269 0.439391121031746 0.8798673115079365 0.4393291170634921 0.8834015376984127 0.4421812996031746 0.883029513888889 0.4486297123015873 0.8786272321428572 0.45185391865079366 0.8740389384920635 0.4507378472222222
0 0.8778831845238096 0.46456473214285715 0.8793092757936508 0.45954241071428575 0.8845176091269842 0.45731026785714285 0.8896019345238096 0.46003844246031744 0.8903459821428572 0.4660528273809524 0.8867497519841269 0.47002108134920634 0.8805493551587301 0.4692770337301587
0 0.8955543154761906 0.4577442956349207 0.8974144345238096 0.455078125 0.9015066964285715 0.45445808531746035 0.9038008432539683 0.4585503472222222 0.9011966765873016 0.46220858134920634 0.8972284226190476 0.4615265376984127
0 0.8914620535714285 0.4486297123015873 0.8921440972222223 0.4458395337301587 0.8954923115079365 0.4434833829365079 0.8991505456349207 0.4448474702380953 0.9006386408730158 0.4484437003968254 0.8995845734126984 0.4513578869047619 0.8964223710317459 0.45315600198412703 0.892578125 0.45179191468253965
0 0.8868737599206349 0.4370969742063492 0.8871217757936508 0.43381076388888884 0.8902219742063492 0.43095858134920634 0.8960503472222223 0.43188864087301587 0.8971664186507936 0.43734499007936506 0.8950582837301588 0.4406312003968254 0.8910900297619048 0.44137524801587297 0.8878658234126984 0.44001116071428575
0 0.803562801932367 0.44637681159420284 0.8056159420289853 0.4439613526570048 0.808635265700483 0.443719806763285 0.8109299516908212 0.44547101449275356 0.8106884057971013 0.44867149758454106 0.8091787439613526 0.4503019323671497 0.806340579710145 0.4506642512077294 0.8044082125603864 0.4496376811594202
0 0.7939613526570047 0.4427536231884057 0.7951690821256039 0.4403985507246376 0.7981280193236714 0.43955314009661833 0.8003623188405797 0.4409420289855072 0.8003019323671497 0.4446859903381642 0.7977657004830918 0.446074879227053 0.7954710144927535 0.4455917874396134
0 0.7902173913043478 0.4315821256038647 0.7909420289855071 0.42958937198067626 0.7943236714975845 0.4283816425120772 0.796014492753623 0.4309782608695651 0.7962560386473428 0.4342391304347825 0.7934782608695651 0.43562801932367146 0.7907608695652174 0.4342995169082125
0 0.8014492753623187 0.4368961352657004 0.8035024154589372 0.4350241545893719 0.8062198067632849 0.4347222222222222 0.807427536231884 0.43743961352657 0.8068840579710145 0.4400966183574878 0.8050120772946859 0.4408816425120772 0.802475845410628 0.4403381642512077
0 0.7936594202898549 0.42016908212560383 0.7963768115942028 0.4169685990338164 0.8002415458937197 0.4173309178743961 0.8015700483091787 0.4209541062801932 0.7997584541062801 0.4235507246376811 0.7965579710144927 0.42391304347826086 0.7946256038647342 0.42264492753623184
0 0.7984903381642512 0.4283212560386473 0.800966183574879 0.42638888888888893 0.8035024154589372 0.4270531400966183 0.8046497584541061 0.4303743961352656 0.8031400966183574 0.4323067632850241 0.8001207729468599 0.4326690821256038 0.7990338164251207 0.431099033816425
0 0.8198599240265907 0.439161918328585 0.8219373219373218 0.4351851851851851 0.8262108262108261 0.4339981006647673 0.8294159544159545 0.43571937321937315 0.8302469135802468 0.4403490028490029 0.8281695156695157 0.44379154795821457 0.8237773029439694 0.44414767331433996 0.820809591642925 0.44254510921177587
0 0.814102564102564 0.4243827160493827 0.815289648622982 0.42141500474833804 0.81914767331434 0.4195750237416904 0.8225308641975309 0.42177113010446343 0.8225902184235516 0.42634140550807215 0.8200973409306743 0.4287749287749288 0.8168922127255461 0.42895299145299143 0.814636752136752 0.4268755935422602
0 0.8094729344729344 0.4119183285849953 0.8117877492877493 0.4084164292497626 0.8165360873694206 0.408179012345679 0.819088319088319 0.411502849002849 0.8177825261158594 0.4156576448243115 0.8150522317188983 0.4172602089268756 0.8112535612535613 0.415895061728395
0 0.8186728395061728 0.4024216524216524 0.8203941120607787 0.39891975308641975 0.824667616334283 0.39755460588793917 0.82911918328585 0.3999881291547958 0.8294159544159545 0.4052706552706553 0.8261514719848053 0.40770417853751184 0.8209876543209876 0.4075854700854701
0 0.8235398860398859 0.4150641025641026 0.8255579297245963 0.4119183285849953 0.8293566001899335 0.4107312440645774 0.8331552706552707 0.41263057929724595 0.833570750237417 0.4168447293447293 0.8311372269705604 0.4199311490978157 0.8267450142450141 0.4205840455840456 0.8244301994301995 0.41886277302943964
0 0.8356597222222222 0.3903819444444444 0.8364930555555555 0.3879513888888889 0.8395486111111111 0.3860763888888889 0.8435069444444445 0.38621527777777775 0.8453124999999999 0.39142361111111107 0.8425347222222221 0.3948263888888889 0.8382291666666666 0.3951041666666667 0.8364236111111112 0.3929513888888889
0 0.8486458333333332 0.3816319444444444 0.8496874999999999 0.3786458333333334 0.8522569444444444 0.37628472222222226 0.8558680555555557 0.3766319444444444 0.8589236111111113 0.3798263888888889 0.8580902777777779 0.3842013888888889 0.8551736111111112 0.3864236111111111 0.8514236111111111 0.38628472222222227 0.8496180555555555 0.38461805555555556
0 0.8594791666666667 0.3729513888888889 0.8605208333333333 0.37065972222222227 0.8630902777777779 0.36906250000000007 0.8653819444444446 0.36968750000000006 0.8669791666666666 0.3723263888888889 0.8663541666666666 0.3752430555555556 0.8644097222222222 0.3767013888888889 0.8610763888888889 0.3758680555555556
0 0.862951388888889 0.38461805555555556 0.8651041666666667 0.38149305555555557 0.8685069444444445 0.3811458333333334 0.8702430555555556 0.38288194444444446 0.8699652777777779 0.3874652777777778 0.8675347222222223 0.3887847222222222 0.8644791666666667 0.38781250000000006
0 0.8522569444444444 0.3970486111111111 0.8525347222222222 0.3933680555555556 0.8560069444444446 0.3906597222222222 0.8611458333333334 0.3912847222222222 0.8622569444444446 0.3971875 0.8595486111111112 0.4010763888888889 0.8543402777777779 0.4005902777777778
0 0.8573263888888889 0.4089930555555556 0.8589930555555556 0.4057291666666667 0.8640625 0.40475694444444443 0.8665625 0.4087152777777778 0.864826388888889 0.41309027777777774 0.861215277777778 0.41447916666666673 0.8588541666666667 0.4128819444444444
0 0.8398263888888888 0.40135416666666673 0.8419097222222222 0.39871527777777777 0.8457986111111111 0.39746527777777774 0.8486458333333332 0.4001736111111111 0.8486458333333332 0.40496527777777774 0.8456597222222222 0.40718750000000004 0.8422569444444444 0.4064930555555556 0.8403819444444445 0.4051736111111111
0 0.8722105997210599 0.3972716178521618 0.873518131101813 0.39522315202231517 0.8756973500697349 0.3949180613668061 0.8774407252440726 0.3960512552301256 0.8780073221757321 0.39827405857740583 0.8771792189679217 0.400278940027894 0.8746949093444908 0.40088912133891214 0.8727336122733611 0.39997384937238495
0 0.8745205718270571 0.40455020920502094 0.8759152719665271 0.4028940027894003 0.878399581589958 0.4024581589958159 0.8803172942817294 0.4040707810320781 0.8802737099023709 0.4067294281729428 0.8786610878661087 0.4080805439330544 0.8761767782426777 0.40799337517433754 0.8750871687587168 0.40690376569037656
0 0.7014000535905681 0.2310088424437299 0.7020699356913184 0.2285302786709539 0.7044815112540194 0.226252679528403 0.7078309217577706 0.22598472668810288 0.7103764737406216 0.22759244372990353 0.7117162379421222 0.23033896034297963 0.7107784030010718 0.23429126473740625 0.708567792068596 0.2367028403001072 0.7050844051446946 0.23656886387995713 0.7022039121114684 0.23482717041800646
0 0.7107784030010718 0.21982181136120044 0.7126540728831727 0.2164054126473741 0.7176781886387996 0.21533360128617365 0.7205586816720259 0.21727625937834943 0.721496516613076 0.22223338692390138 0.718415058949625 0.22598472668810288 0.7132569667738479 0.22558279742765275 0.7113143086816721 0.2233051982851018
0 0.7212285637727761 0.20917068595927119 0.7241760450160772 0.2064911575562701 0.7282623258306539 0.2067591103965702 0.7302719721329045 0.2101755091103966 0.7294011254019294 0.2147307073954984 0.7258507502679529 0.21613745980707397 0.7220324222936764 0.21486468381564844 0.7208936227224009 0.21118033226152197
0 0.7357456140350876 0.19309210526315787 0.738048245614035 0.19046052631578947 0.7413377192982455 0.18947368421052627 0.7449561403508772 0.1913925438596491 0.7458881578947368 0.19594298245614034 0.7432565789473684 0.19967105263157892 0.7387609649122806 0.20010964912280702 0.7361842105263158 0.19797149122807015 0.7355263157894736 0.19550438596491226
0 0.7450657894736842 0.18283991228070176 0.7476973684210526 0.17993421052631578 0.7512061403508772 0.1790570175438596 0.7548245614035087 0.1819627192982456 0.7550438596491227 0.1862390350877193 0.7525219298245613 0.18930921052631577 0.7490131578947368 0.18952850877192978 0.7457236842105263 0.18793859649122807
0 0.7590804178814382 0.17404640427599613 0.7590196793002916 0.17131316812439262 0.7605988824101069 0.16894436345966957 0.764364674441205 0.1687014091350826 0.766976433430515 0.17125242954324585 0.7657009232264333 0.17471452866861029 0.7622995626822157 0.17677964042759964
0 0.6890066500415628 0.21991895261845384 0.6897859517871987 0.21674979218620113 0.692539484621779 0.21467165419783873 0.6965399002493765 0.2144638403990025 0.6997610141313384 0.21737323358270988 0.6993973399833748 0.22246467165419784 0.6961242726517041 0.2250623441396509 0.691760182876143 0.22495843724023273 0.6893703241895263 0.22251662510390688
0 0.6987219451371571 0.20708645054031588 0.7009559434746467 0.20490440565253532 0.7039692435577724 0.20391729010806314 0.7073981712385702 0.20485245220282627 0.7090606816292603 0.20833333333333334 0.7081774729842061 0.21222984206151285 0.7060993349958438 0.2144638403990025 0.7017352452202826 0.21451579384871158 0.6990336658354115 0.21254156275976727 0.6983063175394847 0.20963216957605985
0 0.7075540315876975 0.1979426433915212 0.7096841230257689 0.1948773898586866 0.7136325852036576 0.19440980881130504 0.7171654197838737 0.19664380714879465 0.7172173732335827 0.20100789692435578 0.7152950955943475 0.2034497090606816 0.7109310058187863 0.20391729010806314 0.7082813798836244 0.20173524522028263
0 0.7227763923524523 0.18220074812967582 0.725945552784705 0.17866791354945968 0.7305694098088114 0.17814837905236908 0.7339463840399003 0.18214879467996675 0.7331151288445553 0.18666874480465503 0.7291147132169576 0.18911055694098086 0.7239713216957606 0.1876039068994181
0 0.7326995012468828 0.17160224438902744 0.7360764754779718 0.1679655029093932 0.7417394014962594 0.16858894430590193 0.7430382377389858 0.17419991687448047 0.739765170407315 0.1785120532003325 0.7343100581878637 0.1775768911055694 0.7324916874480466 0.17508312551953448
0 0.7448283450704226 0.15885416666666666 0.746955692488263 0.1559198943661972 0.7520173122065728 0.15577318075117372 0.7532643779342724 0.16156836854460097 0.7502567488262912 0.1640625 0.7463688380281691 0.16340228873239435
0 0.674194936086529 0.20627458210422814 0.6772062438544739 0.2033861848574238 0.6809550147492626 0.20400073746312683 0.6831674041297935 0.20830260570304818 0.679234267453294 0.21174410029498525 0.6759771386430679 0.21119100294985252 0.6745636676499509 0.209470255653884
0 0.6809550147492626 0.19933013765978366 0.6833517699115045 0.19644174041297932 0.6874078171091446 0.1960730088495575 0.6893129301868239 0.20012905604719763 0.687100540806293 0.2036934611602753 0.6837205014749262 0.20406219272369713 0.6815081120943952 0.20258726647000982
0 0.6882067354965585 0.19134095378564403 0.6906034906588003 0.18851401179941005 0.695151179941003 0.18863692232055065 0.6964417404129793 0.19324606686332346 0.6934304326450345 0.19631882989183871 0.6899274827925271 0.1960730088495575 0.6883296460176991 0.1947209931170108
0 0.6942293510324484 0.18218411996066866 0.6966261061946902 0.17929572271386432 0.7013581612586037 0.17923426745329402 0.703632005899705 0.1832903146509341 0.7025258112094396 0.18697763028515244 0.6991457718780727 0.18900565388397247 0.6952126352015733 0.18753072763028514
0 0.7019642857142857 0.17392857142857143 0.7041666666666667 0.17107142857142857 0.7086309523809524 0.17047619047619048 0.7115476190476191 0.1738690476190476 0.7108928571428572 0.1786904761904762 0.70625 0.18041666666666667 0.7021428571428572 0.1781547619047619
0 0.7183928571428573 0.15851190476190477 0.7219642857142857 0.15505952380952379 0.7282738095238095 0.1563095238095238 0.7291666666666666 0.16315476190476189 0.725297619047619 0.16577380952380955 0.7195833333333334 0.16476190476190478
0 0.7310119047619048 0.14529761904761904 0.7341071428571428 0.1418452380952381 0.7389285714285715 0.1425595238095238 0.7417857142857144 0.14732142857142858 0.73875 0.15202380952380953 0.7330952380952381 0.15214285714285714 0.7313095238095239 0.1494047619047619
0 0.7408795248868778 0.13581730769230768 0.7438489819004525 0.1326593137254902 0.7484210030165912 0.13331919306184015 0.7506363122171945 0.13685426093514327 0.7492222850678733 0.14114347662141782 0.7465827677224737 0.14279317496229263 0.7420107466063349 0.14128487933634995
0 0.6611680327868852 0.1934767759562842 0.6646516393442622 0.18944672131147547 0.670389344262295 0.1897199453551913 0.6727800546448087 0.19511612021857927 0.6697745901639344 0.19948770491803283 0.6654030054644808 0.1999658469945356 0.6623292349726775 0.1981215846994536
0 0.6712773224043715 0.1819330601092897 0.6742827868852459 0.1786543715846995 0.6796789617486338 0.1790642076502733 0.6824112021857923 0.18391393442622955 0.6805669398907103 0.18869535519125685 0.675922131147541 0.18999316939890715 0.6714139344262294 0.18746584699453558
0 0.683094262295082 0.1691598360655738 0.6858948087431693 0.16629098360655742 0.690129781420765 0.16683743169398912 0.6923838797814207 0.17011612021857928 0.6903346994535519 0.17476092896174866 0.6853483606557377 0.17448770491803284 0.6834357923497267 0.1720969945355192
0 0.6899931693989071 0.16185109289617491 0.6932718579234972 0.1585040983606558 0.6986680327868852 0.15973360655737712 0.6985314207650273 0.1665642076502733 0.6953210382513662 0.16745218579234977 0.6914275956284153 0.16622267759562845
0 0.707957650273224 0.14982923497267767 0.7119193989071038 0.14559426229508204 0.7179303278688524 0.1458674863387979 0.7192281420765027 0.1531762295081968 0.7165642076502732 0.15618169398907109 0.71150956284153 0.15659153005464485 0.7085040983606558 0.15433743169398914
0 0.7199795081967213 0.13650956284153012 0.7235314207650273 0.13261612021857927 0.7291325136612021 0.1327527322404372 0.7317964480874317 0.13821721311475416 0.7287909836065574 0.14306693989071045 0.7227800546448088 0.14293032786885254 0.7210724043715846 0.14006147540983616
0 0.7295423497267759 0.12626366120218582 0.7322062841530055 0.12284836065573776 0.7371926229508197 0.12257513661202192 0.7406079234972677 0.12803961748633885 0.7369193989071038 0.13268442622950824 0.7307035519125682 0.13090846994535524
0 0.6461437637969095 0.17994619205298013 0.6487651766004415 0.17580711920529798 0.6547668322295805 0.17546219646799116 0.6582850441501105 0.17973923841059603 0.6553876931567328 0.18560292494481237 0.6504208057395143 0.18677566225165562 0.64717853200883 0.184223233995585
0 0.6557326158940397 0.16863272626931566 0.6585609823399559 0.1652524834437086 0.6640107615894041 0.16497654525386315 0.6672530353200884 0.17015038631346574 0.6642177152317881 0.17629001103752756 0.6581470750551877 0.1755311810154525 0.6562155077262694 0.1727028145695364
0 0.6704263245033113 0.15821605960264898 0.6732546909492274 0.1546978476821192 0.677117825607064 0.1549048013245033 0.6798772075055187 0.1594577814569536 0.6764969646799117 0.1633209161147903 0.6723578918322296 0.1633209161147903
0 0.6969357249626308 0.12939088191330342 0.7013266068759343 0.12537369207772794 0.7075859491778774 0.12612107623318386 0.710482062780269 0.13312780269058294 0.7045029895366218 0.13920029895366218 0.6981502242152466 0.13667787742899848
0 0.7075859491778774 0.11808669656203288 0.711322869955157 0.11360239162929744 0.718423019431988 0.11444319880418533 0.7205717488789237 0.12173019431988043 0.7158071748878924 0.1273355754857997 0.7090807174887893 0.12528026905829595 0.7072122571001495 0.12144992526158446
0 0.6352401129943502 0.16887358757062146 0.6390360169491526 0.1653425141242938 0.6439795197740114 0.16551906779661016 0.6472457627118644 0.17046257062146894 0.6445091807909604 0.17567090395480225 0.6390360169491526 0.17628884180790963 0.636034604519774 0.17469985875706215
0 0.6454802259887006 0.15775070621468928 0.6487464689265537 0.1552789548022599 0.6527189265536724 0.15580861581920905 0.654396186440678 0.16013418079096045 0.6517478813559322 0.16331214689265536 0.6475988700564972 0.16340042372881355 0.6459216101694916 0.16084039548022597
0 0.6566103249475891 0.14501441299790355 0.6592308700209644 0.14193527253668764 0.663620283018868 0.14239386792452832 0.6653236373165619 0.14737290356394128 0.6623100104821803 0.14992793501048218 0.6587067610062893 0.14973139412997902 0.6571344339622642 0.14789701257861634
0 0.6855117565698479 0.11782503457814661 0.6897475795297372 0.11436721991701243 0.6967496542185339 0.11566390041493775 0.6973547717842323 0.12361687413554634 0.6938969571230982 0.12724757952973717 0.6868948824343015 0.12638312586445366 0.6850795297372061 0.12249308437067773
0 0.696058091286307 0.10606846473029045 0.7004668049792531 0.1029564315352697 0.7068637621023514 0.1040802213001383 0.7079011065006915 0.1104771784232365 0.7052213001383126 0.11488589211618257 0.6998616874135546 0.115231673582296 0.6962309820193637 0.11298409405255877
0 0.6192129629629629 0.1548611111111111 0.6233796296296296 0.15030864197530866 0.6290123456790123 0.15084876543209877 0.6324845679012345 0.1556327160493827 0.6286265432098764 0.1623456790123457 0.6217592592592591 0.1615740740740741
0 0.6294753086419753 0.14382716049382718 0.6341049382716049 0.1390432098765432 0.6401234567901234 0.13996913580246917 0.641898148148148 0.14637345679012345 0.6377314814814814 0.15123456790123455 0.6311728395061728 0.14953703703703705
0 0.64429012345679 0.13194444444444442 0.6479938271604937 0.12924382716049385 0.6525462962962962 0.1310956790123457 0.6525462962962962 0.13626543209876543 0.6492283950617284 0.13865740740740742 0.6452160493827159 0.13719135802469135
0 0.6560185185185184 0.11751543209876544 0.6610339506172839 0.11265432098765431 0.6669753086419753 0.11350308641975308 0.6695216049382715 0.11867283950617283 0.6665123456790122 0.12445987654320988 0.6624999999999999 0.12584876543209877 0.657253086419753 0.12299382716049384
0 0.6670745481927711 0.10570406626506029 0.6706513554216867 0.10168800200803217 0.676738202811245 0.10181350401606429 0.6800640060240963 0.10708458835341371 0.6771147088353413 0.11292043172690767 0.6730358935742972 0.11404994979919683 0.6676393072289156 0.11072414658634543
0 0.679861111111111 0.09737654320987653 0.6827160493827159 0.0945216049382716 0.6866512345679012 0.09467592592592591 0.6889660493827159 0.09907407407407406 0.6868055555555556 0.10246913580246912 0.6831018518518518 0.1033179012345679 0.6806327160493826 0.10146604938271604
0 0.6078947368421052 0.1440241228070175 0.6112938596491228 0.14024122807017542 0.6167763157894737 0.13963815789473683 0.6198464912280701 0.1432017543859649 0.6201206140350877 0.14819078947368416 0.6158991228070175 0.15169956140350874 0.6091557017543859 0.15021929824561403
0 0.618530701754386 0.13223684210526312 0.6216557017543859 0.12861842105263158 0.6274671052631579 0.12927631578947368 0.6302083333333334 0.13338815789473682 0.6290570175438597 0.13887061403508769 0.6242324561403508 0.1406798245614035 0.6185855263157894 0.13760964912280702
0 0.6302927927927928 0.12055180180180178 0.6328265765765766 0.11666666666666667 0.6374436936936937 0.11717342342342343 0.6391891891891891 0.1224099099099099 0.636204954954955 0.12545045045045045 0.6317567567567567 0.1243243243243243
0 0.6450394981412639 0.1063158302354399 0.6479437732342007 0.1029081474597274 0.653829770755886 0.10224984510532838 0.6575859665427509 0.10674179058240398 0.6564242565055762 0.11204693308550186 0.653171468401487 0.11421545848822802 0.6478663258983891 0.11398311648079305 0.6455429058240397 0.1111562887236679
0 0.6560165229885058 0.0940912356321839 0.6593929597701149 0.09110991379310346 0.664709051724138 0.09114583333333334 0.6679058908045977 0.09498922413793104 0.666864224137931 0.10019755747126438 0.66409841954023 0.102819683908046 0.6587464080459771 0.10249640804597702 0.6558010057471264 0.09865301724137933
0 0.665486360911271 0.08406399880095929 0.6680717925659473 0.08114133693045571 0.6731677158273381 0.08215302757793772 0.6739920563549161 0.08717401079136695 0.6704324040767387 0.08953462230215833 0.6667603417266187 0.08852293165467633
0 0.5948150457190358 0.12822111388196178 0.5979322527015795 0.12453241895261845 0.6032315045719036 0.1251558603491272 0.6060369908561929 0.12889650872817957 0.6045822942643392 0.13445552784704906 0.6005299251870324 0.1358063175394846 0.5956463009143808 0.13378013300083125
0 0.605257689110557 0.11668744804655029 0.6085307564422278 0.11408977556109728 0.6136221945137157 0.11450540315876974 0.6160120532003326 0.11944098088113052 0.6133624272651704 0.1244804655029094 0.6068682460515379 0.12427265170407314 0.604426433915212 0.12048004987531172
0 0.6152737752161382 0.1081292026897214 0.6181556195965417 0.1053073967339097 0.6221181556195965 0.10566762728146013 0.6243996157540825 0.11053073967339098 0.6199567723342938 0.11437319884726227 0.6159942363112392 0.11221181556195962
0 0.6292855355355355 0.092748998998999 0.6322885385385385 0.08861986986986987 0.637230980980981 0.08780655655655654 0.6409847347347347 0.09105980980980981 0.6416103603603603 0.09700325325325326 0.6365427927927928 0.10081956956956956 0.6304116616616616 0.09837962962962962
0 0.6397334834834835 0.08067442442442442 0.6429241741741741 0.07648273273273273 0.6493055555555555 0.07623248248248247 0.6527464964964965 0.08167542542542541 0.6500563063063063 0.08768143143143142 0.645802052052052 0.08924549549549549 0.6407344844844846 0.086742992992993
0 0.6528087797619048 0.07226562499999999 0.6549789186507937 0.06941344246031746 0.658389136904762 0.06910342261904763 0.6617993551587301 0.07226562499999999 0.6604972718253967 0.07691592261904763 0.6567770337301587 0.07784598214285714 0.6528707837301587 0.07579985119047619
0 0.6175925925925925 0.08171296296296296 0.6209876543209876 0.07746913580246913 0.6266975308641974 0.07708333333333332 0.6292438271604938 0.07978395061728395 0.6304783950617283 0.08433641975308642 0.6281635802469135 0.08912037037037036 0.6223765432098765 0.09050925925925925 0.6185185185185185 0.08680555555555557
0 0.6280092592592591 0.07029320987654322 0.6317129629629629 0.06628086419753085 0.6375 0.06550925925925925 0.640895061728395 0.06990740740740739 0.6405092592592592 0.07569444444444444 0.6347222222222222 0.07878086419753086 0.628858024691358 0.07584876543209877
0 0.6383487654320987 0.059027777777777776 0.6406635802469135 0.05655864197530864 0.6446759259259258 0.05609567901234569 0.6469135802469135 0.05964506172839505 0.6456018518518518 0.0635030864197531 0.6413580246913579 0.06442901234567902 0.6382716049382715 0.06280864197530864
0 0.3646492616033755 0.8774393459915611 0.36952795358649787 0.884559599156118 0.37005537974683544 0.8932621308016877 0.36557225738396626 0.9005142405063291 0.3567378691983122 0.9026239451476793 0.3473760548523206 0.9013053797468353 0.3431566455696202 0.8953718354430379 0.34183808016877637 0.8889108649789028 0.34421149789029526 0.8795490506329112 0.34974947257383965 0.8759889240506328 0.36122099156118137 0.875329641350211
0 0.4036787974683544 0.8531777426160336 0.4068433544303797 0.8630669831223627 0.40288765822784806 0.876384493670886 0.39576740506329106 0.8803401898734177 0.3846914556962025 0.87770305907173 0.37981276371308015 0.8744066455696202 0.37717563291139233 0.865835970464135 0.3788897679324894 0.8571334388185653 0.38666930379746833 0.8518591772151899 0.3981408227848101 0.8505406118143459
0 0.39405327004219404 0.9075026371308017 0.39866824894514763 0.9150184599156118 0.39945938818565396 0.9254351265822784 0.3955036919831223 0.932423523206751 0.389965717299578 0.9342695147679325 0.3794171940928269 0.9336102320675104 0.3725606540084388 0.9275448312236286 0.3703190928270042 0.9187104430379746 0.37546149789029526 0.9101397679324894 0.3890427215189873 0.9059203586497889
0 0.3316145833333333 0.8952604166666667 0.33453125 0.9030729166666667 0.33536458333333335 0.9105729166666666 0.33036458333333335 0.9171354166666666 0.32244791666666667 0.92015625 0.3165104166666667 0.91984375 0.31078125 0.91484375 0.30807291666666664 0.90796875 0.30921875 0.90140625 0.31213541666666667 0.8965104166666666 0.31692708333333336 0.8931770833333333 0.32359375 0.8927604166666666
0 0.8525910364145658 0.4102766106442577 0.8544292717086835 0.41421568627450983 0.8518032212885154 0.41797969187675077 0.8462885154061623 0.4189425770308124 0.8444502801120449 0.4161414565826331 0.8443627450980391 0.41228991596638653 0.847076330532213 0.40940126050420167
0 0.14609505862646566 0.2134108040201005 0.14871231155778894 0.21958752093802342 0.1442106365159129 0.22586892797319932 0.13834798994974873 0.22691582914572866 0.13478852596314905 0.22429857621440533 0.13248534338358461 0.21927345058626466 0.1338463149078727 0.21382956448911225 0.14065117252931322 0.21027010050251257
0 0.1619032663316583 0.20095268006700168 0.1652533500837521 0.20660594639865998 0.16274078726968172 0.2123639028475712 0.15656407035175882 0.21466708542713567 0.1519577051926298 0.21330611390284757 0.1489216917922948 0.20744346733668345 0.1519577051926298 0.2012667504187605 0.15802973199329987 0.19864949748743718
0 0.14787479061976547 0.18252721943048578 0.1518530150753769 0.18702889447236182 0.14975921273031828 0.19404313232830822 0.14777010050251257 0.19645100502512564 0.14232621440536014 0.19676507537688445 0.13929020100502515 0.19404313232830822 0.13667294807370187 0.18954145728643215 0.13845268006700168 0.18472571189279732 0.14483877721943048 0.18085217755443886
0 0.19100609756097564 0.17748983739837398 0.19395325203252034 0.18257113821138216 0.19364837398373982 0.18958333333333333 0.18612804878048783 0.19435975609756098 0.18084349593495938 0.19151422764227646 0.1779979674796748 0.18470528455284557 0.18135162601626018 0.17881097560975615 0.18795731707317073 0.17677845528455288
0 0.17767857142857144 0.16053571428571425 0.1819911858974359 0.16563167735042736 0.18105635683760687 0.17097355769230768 0.1776509081196581 0.1745125534188034 0.17284321581196585 0.17538060897435898 0.16950454059829062 0.1746461004273504 0.1664997329059829 0.17030582264957264 0.16563167735042736 0.16556490384615385 0.16917067307692307 0.1616252670940171 0.17357772435897437 0.1598223824786325
0 0.18559695512820512 0.1509415064102564 0.18913595085470086 0.14933894230769232 0.1932091346153846 0.14980635683760687 0.19601362179487178 0.15301148504273504 0.19588007478632477 0.15728498931623933 0.1942107371794872 0.16022302350427353 0.18926949786324787 0.16256009615384617 0.18579727564102563 0.16062366452991456 0.18379407051282054 0.15788595085470086 0.18406116452991456 0.15261084401709402
0 0.19948584401709402 0.16676682692307693 0.20476095085470086 0.1663661858974359 0.2080328525641026 0.1695713141025641 0.20809962606837606 0.17444577991452992 0.2057625534188034 0.17805154914529916 0.20162259615384617 0.1787192841880342 0.19768295940170938 0.1767828525641026 0.19661458333333334 0.17244257478632477
0 0.23484316479400746 0.14624297752808987 0.23841292134831463 0.14893492509363296 0.238003277153558 0.15484550561797752 0.23648174157303373 0.1583567415730337 0.23261938202247193 0.1604634831460674 0.22817181647940069 0.16099016853932585 0.225187265917603 0.15929307116104868 0.2226123595505618 0.15525514981273406 0.2235486891385768 0.1490519662921348 0.22694288389513104 0.14624297752808987 0.23197565543071164 0.14442883895131087
0 0.22290496254681652 0.1293305243445693 0.22583099250936328 0.13389513108614232 0.22606507490636707 0.13758192883895132 0.22278792134831463 0.14214653558052434 0.21687734082397006 0.14314138576779029 0.2138342696629213 0.14179541198501874 0.21125936329588013 0.13869382022471907 0.21003043071161048 0.1327832397003745 0.21336610486891383 0.12874531835205993 0.21997893258426965 0.12652153558052434
0 0.23525280898876408 0.11862125468164794 0.23829588014981273 0.12236657303370786 0.23771067415730338 0.1266385767790262 0.23402387640449432 0.12816011235955055 0.23086376404494377 0.12833567415730335 0.22799625468164797 0.12482443820224719 0.22828885767790258 0.12061095505617977 0.2322097378277153 0.11803604868913858
0 0.24923923220973782 0.13617743445692884 0.2510533707865168 0.13980571161048688 0.25093632958801493 0.14366807116104868 0.24801029962546817 0.1457748127340824 0.24350421348314608 0.14583333333333331 0.24204119850187264 0.14431179775280897 0.24092930711610488 0.14091760299625467 0.24151451310861424 0.13769897003745316 0.24479166666666666 0.13623595505617977 0.24865402621722846 0.13582631086142322
0 0.1157953354297694 0.1612617924528302 0.11874344863731655 0.1647340146750524 0.11867793501048218 0.16925445492662475 0.11520571278825995 0.17377489517819705 0.10950602725366876 0.17351284067085954 0.10636137316561846 0.17141640461215932 0.104395964360587 0.16676493710691823 0.10629585953878407 0.1628996331236897 0.10996462264150943 0.16041011530398325 0.11448506289308175 0.1601480607966457
0 0.12653957023060797 0.1642754192872117 0.12339491614255765 0.16355476939203353 0.11893998951781969 0.16080319706498952 0.11821933962264151 0.1570034067085954 0.12057783018867925 0.15222091194968554 0.1257534067085954 0.15025550314465408 0.13099449685534592 0.1512382075471698 0.13263233752620543 0.15680686582809222 0.13151860587002098 0.1609342243186583
0 0.14486014994232987 0.13318194925028834 0.14478806228373703 0.1381559976931949 0.14248125720876587 0.14204873125720877 0.1380118223760092 0.14248125720876587 0.13397491349480967 0.1416162053056517 0.13267733564013842 0.13786764705882354 0.1331098615916955 0.13361447520184547 0.13700259515570934 0.13073096885813149 0.13988610149942332 0.13073096885813149
0 0.14428344867358708 0.1453647635524798 0.14586937716262977 0.14925749711649364 0.14435553633217993 0.1530060553633218 0.14096741637831603 0.153871107266436 0.13830017301038064 0.1522851787773933 0.13729094579008072 0.1499062860438293 0.1375072087658593 0.1475994809688581 0.13974192618223757 0.1454368512110727
0 0.14572520184544407 0.1412557670126874 0.1490412341407151 0.13844434832756633 0.15278979238754326 0.13808391003460205 0.15581747404844287 0.14219290657439443 0.15401528258362168 0.14565311418685123 0.14954584775086507 0.14745530565167242 0.1466623414071511 0.14586937716262977
0 0.15453235815602834 0.1166334219858156 0.1596298758865248 0.11319813829787231 0.1661679964539007 0.11541445035460991 0.1661679964539007 0.12017952127659574 0.1643949468085106 0.12350398936170214 0.15874335106382978 0.12472296099290778 0.15586214539007087 0.12217420212765959
0 0.16361923758865246 0.12705008865248227 0.1666112588652482 0.12383643617021278 0.17037898936170212 0.12416888297872337 0.17337101063829788 0.12660682624113476 0.17337101063829788 0.13092863475177302 0.16805186170212763 0.13403147163120566 0.16483820921985815 0.13236923758865246
0 0.16745049504950496 0.11571782178217824 0.16613036303630366 0.11357260726072607 0.16592409240924094 0.11097359735973597 0.16761551155115512 0.10771452145214523 0.1705858085808581 0.107013201320132 0.1738036303630363 0.10775577557755776 0.17508250825082508 0.10961221122112211 0.1757838283828383 0.11212871287128713 0.175 0.11522277227722773 0.17240099009900992 0.11695544554455448 0.17000825082508253 0.11658415841584159
0 0.1790016501650165 0.10998349834983501 0.17566006600660064 0.10746699669966998 0.17479372937293733 0.10313531353135315 0.176980198019802 0.10028877887788781 0.18094059405940593 0.09950495049504951 0.18424092409240928 0.10144389438943895 0.18605610561056105 0.10573432343234325 0.18399339933993397 0.1087871287128713 0.18081683168316834 0.10977722772277228
0 0.17966171617161716 0.1266914191419142 0.1773102310231023 0.12685643564356439 0.17355610561056106 0.12425742574257427 0.17322607260726072 0.12103960396039606 0.175 0.1170792079207921 0.17908415841584158 0.11641914191419142 0.18172442244224424 0.11761551155115513 0.1829620462046205 0.12066831683168316 0.18320957095709572 0.12400990099009902 0.18044554455445544 0.12665016501650167
0 0.18638613861386139 0.11976072607260728 0.18386963696369638 0.11839933993399342 0.18184818481848186 0.1141914191419142 0.18395214521452147 0.11014851485148516 0.18840759075907593 0.1091996699669967 0.1922854785478548 0.11080858085808581 0.1931105610561056 0.11357260726072607 0.1926980198019802 0.1176980198019802
0 0.197438524590164 0.08883196721311482 0.2001024590163935 0.09094945355191263 0.20058060109289622 0.09552595628415306 0.19538934426229512 0.09791666666666672 0.19258879781420768 0.09593579234972684 0.19163251366120226 0.09340846994535523 0.19238387978142082 0.08978825136612027 0.19497950819672136 0.0890368852459017
0 0.20631830601092901 0.08288934426229513 0.2093237704918033 0.08637295081967218 0.2083674863387979 0.09047131147540989 0.20447404371584704 0.09101775956284158 0.2018784153005465 0.09019808743169402 0.20037568306010936 0.08842213114754104 0.20003415300546454 0.08555327868852465 0.20317622950819678 0.08302595628415305
0 0.208094262295082 0.07906420765027326 0.21089480874316943 0.07660519125683066 0.2159494535519126 0.07592213114754104 0.2191598360655738 0.07831284153005469 0.21827185792349732 0.08329918032786891 0.21485655737704923 0.08521174863387983 0.21075819672131152 0.08521174863387983 0.20864071038251372 0.0824112021857924
0 0.20604508196721316 0.09887295081967218 0.2085040983606558 0.10174180327868858 0.20816256830601096 0.1059767759562842 0.20549863387978148 0.10727459016393448 0.20051229508196727 0.10638661202185798 0.1986680327868853 0.10249316939890715 0.20064890710382519 0.0990095628415301
0 0.21287568306010934 0.09299863387978148 0.21642759562841532 0.09525273224043722 0.2162909836065574 0.09914617486338802 0.2140368852459017 0.1015368852459017 0.21068989071038255 0.1015368852459017 0.2083674863387979 0.09969262295081972 0.20727459016393449 0.09696038251366125 0.2090505464480875 0.09375000000000006
0 0.22066256830601097 0.09661885245901645 0.21683743169398914 0.09422814207650278 0.21540300546448093 0.09033469945355196 0.21820355191256838 0.08664617486338802 0.2225751366120219 0.08644125683060114 0.22523907103825144 0.08883196721311482 0.22592213114754103 0.09334016393442628
0 0.08339389534883719 0.11373546511627908 0.08660368217054262 0.11409883720930232 0.08799660852713179 0.11585513565891473 0.08757267441860465 0.11858042635658914 0.08557412790697673 0.12063953488372092 0.08296996124031007 0.12003391472868216 0.08133478682170543 0.1182170542635659 0.08127422480620154 0.11579457364341086
0 0.08085029069767441 0.10683139534883719 0.08248546511627908 0.10943556201550386 0.08206153100775194 0.11131298449612402 0.08066860465116278 0.11246366279069768 0.07836724806201549 0.11234253875968991 0.07679263565891473 0.110343992248062 0.07691375968992248 0.10798207364341084
0 0.08799660852713179 0.10174418604651163 0.09017684108527133 0.1038032945736434 0.08987403100775194 0.10555959302325581 0.08799660852713179 0.10725532945736435 0.08575581395348837 0.10683139534883719 0.0841206395348837 0.10537790697674417 0.08508963178294573 0.10241036821705427
0 0.09029796511627908 0.10701308139534883 0.0917514534883721 0.10604408914728682 0.09381056201550386 0.10792151162790697 0.09405281007751938 0.11064680232558138 0.09229651162790697 0.11234253875968991 0.08896560077519379 0.11197916666666667 0.08811773255813954 0.10985949612403102
0 0.11097359735973597 0.09014026402640264 0.11291254125412543 0.0889026402640264 0.11555280528052807 0.08939768976897691 0.11646039603960397 0.09162541254125413 0.11534653465346535 0.09397689768976898 0.11278877887788781 0.09451320132013201 0.1113861386138614 0.09372937293729375 0.11064356435643564 0.09146039603960396
0 0.10610561056105612 0.09344059405940595 0.10820957095709571 0.0932755775577558 0.11010726072607263 0.09471947194719474 0.11031353135313533 0.09768976897689771 0.10750825082508252 0.09921617161716173 0.10548679867986799 0.09834983498349835 0.1042079207920792 0.09612211221122115 0.10552805280528053 0.09372937293729375
0 0.10090759075907592 0.09735973597359736 0.1033828382838284 0.09793729372937295 0.10449669966996701 0.09950495049504951 0.10297029702970299 0.10247524752475248 0.10041254125412542 0.10185643564356438 0.09925742574257428 0.10045379537953797 0.1 0.0985973597359736
