0 0.7405151757188498 0.8317691693290735 0.74084797657082 0.8286408413205538 0.7447084664536742 0.8259784345047924 0.7492345580404686 0.8267771565495209 0.7511648029818956 0.8303714057507987 0.7510982428115016 0.8342984558040469 0.7477036741214058 0.8368943024494143 0.7435103833865815 0.8371605431309905 0.7413138977635783 0.8350306176783812
0 0.7528288072417465 0.8236488285410011 0.7536275292864749 0.8199880191693291 0.7570886581469649 0.8176584132055378 0.761015708200213 0.8181243343982961 0.7633453141640043 0.8207867412140576 0.762812832800852 0.8262446751863686 0.7587526624068157 0.8290402023429181 0.7541600106496272 0.826976837060703
0 0.7661569675376089 0.8145536421219319 0.7670971892319873 0.8124257719714965 0.7691755740300871 0.8110401821060966 0.7724416072842438 0.8110896674584324 0.7744210213776721 0.8121288598574822 0.7754107284243864 0.8150979809976248 0.7745199920823436 0.818759897070467 0.7715508709422012 0.8203929136975456 0.7681363816310371 0.8199970308788599 0.7660579968329374 0.8180671021377673
0 0.7772056057185854 0.8171792701279158 0.7783813017306246 0.8148278781038374 0.7812970278404816 0.8131819036869827 0.7861408954100828 0.8142635440180588 0.7879749811888638 0.8184960496613997 0.7861408954100828 0.822869638826185 0.7828019187358916 0.8247977802859293 0.7780050790067721 0.8230107223476297 0.776923438675696 0.8203771632806621
0 0.76994610935857 0.8293572555205049 0.7702089905362777 0.8262684016824395 0.7732978443743428 0.8239681913774975 0.7771096214511041 0.8243625131440588 0.7793441114616193 0.8273199263932703 0.7788840694006309 0.8308688222923238 0.7765838590956887 0.8334319137749738 0.7729035226077813 0.8334976340694006 0.770669032597266 0.8317231861198738
0 0.7575249737118823 0.8343519978969507 0.758510778128286 0.8314603049421662 0.7623225552050473 0.829948738170347 0.7660686119873817 0.832380389064143 0.7657400105152471 0.8363236067297581 0.7633740799158781 0.8384923764458464 0.7598251840168244 0.8384923764458464
0 0.7464182439537329 0.8449329652996846 0.7475354889589906 0.8419755520504733 0.7508872239747635 0.8396096214511041 0.7554219242902208 0.8406611461619349 0.7574592534174553 0.8442757623554153 0.75693349106204 0.848547581493165 0.7539103575184017 0.850979232386961 0.7498356992639327 0.8512421135646688 0.7470754468980022 0.8482847003154574
0 0.783119658119658 0.8334859584859583 0.7845695970695971 0.8299755799755799 0.7886141636141635 0.8279151404151405 0.792887667887668 0.8295940170940171 0.7947954822954822 0.8337912087912087 0.7924297924297923 0.8381410256410255 0.7889194139194139 0.8400488400488401 0.7852564102564101 0.8388278388278388
0 0.7736568986568987 0.8395909645909645 0.7744963369963369 0.8372252747252747 0.776633089133089 0.8356227106227107 0.779141363022942 0.8359480431848852 0.7812078272604588 0.8378879892037786 0.7812500000000001 0.8409665991902835 0.7796896086369771 0.8431595816464237 0.77652665317139 0.8433704453441295 0.774418016194332 0.8419365721997301
0 0.7612764550264551 0.846064814814815 0.7610780423280423 0.8424272486772487 0.7633928571428572 0.8403769841269842 0.7668320105820107 0.8398478835978836 0.769675925925926 0.8422949735449736 0.76875 0.8464616402116403 0.7664351851851853 0.8486441798941801 0.7629960317460318 0.8481150793650795
0 0.7872061293031066 0.8548488664987406 0.7873635600335852 0.8524874055415618 0.789620067170445 0.8496536523929471 0.7938706968933669 0.8489714525608731 0.7973866498740555 0.8513853904282115 0.798436188077246 0.8556360201511334 0.7969668345927791 0.859151973131822 0.7920864819479428 0.8607787573467676 0.7888853904282115 0.8597292191435768
0 0.7755037783375315 0.8584697732997482 0.7758186397984888 0.8562132661628884 0.7773929471032747 0.8543240973971452 0.7809089000839631 0.85379932829555 0.7828505457598656 0.8555310663308144 0.7833228379513014 0.8590994962216625 0.7815910999160369 0.8616708648194795 0.778127623845508 0.8617758186397985
0 0.7530436607892527 0.864294710327456 0.7545130142737196 0.8615659109991604 0.7582913518052057 0.8598866498740555 0.7606528127623845 0.8613035264483627 0.7619122586062133 0.865396725440806 0.7602329974811083 0.8682829554995802 0.7570319059613769 0.8690176322418136 0.7545130142737196 0.8676007556675063
0 0.7570723684210526 0.8749999999999998 0.7582236842105263 0.8733552631578946 0.7606907894736842 0.8718201754385964 0.7630482456140351 0.8722587719298245 0.7643640350877192 0.8736293859649121 0.7648574561403508 0.8769188596491228 0.7636513157894737 0.8793859649122805 0.7607456140350877 0.8800986842105262 0.7581140350877192 0.8786732456140349
0 0.7680372807017544 0.8716008771929823 0.7701754385964912 0.8688048245614033 0.7731907894736841 0.8683114035087719 0.775548245614035 0.8704495614035087 0.7757127192982456 0.8735197368421052 0.7734100877192982 0.876315789473684 0.7706688596491228 0.8765350877192981 0.7685855263157894 0.8747258771929822
0 0.7114188938381589 0.8255150334075723 0.7122076837416481 0.8221278767631776 0.7145276540460282 0.8199471046770601 0.7186572011878248 0.8191583147735708 0.7225083518930957 0.8206430957683741 0.724225129918337 0.8250510393466964 0.7234827394209353 0.8290877876763176 0.7208843726800297 0.8313613585746102 0.7169404231625836 0.8316861544172234 0.7133212694877505 0.8300157757980697
0 0.6418535437430786 0.530142580287929 0.644968161683278 0.5264050387596899 0.6500207641196013 0.5250207641196013 0.6534122369878184 0.5273740310077519 0.6550733665559246 0.531734496124031 0.654312015503876 0.535264396456257 0.6509205426356589 0.5381713732004431 0.6468369324473975 0.5383098006644519 0.6430301771871539 0.5356104651162791
0 0.656734496124031 0.5215600775193798 0.6573574197120708 0.5176841085271318 0.6600567552602437 0.5142234219269103 0.6654554263565892 0.5135312846068659 0.6688468992248062 0.5163690476190476 0.6702311738648947 0.5207295127353267 0.6669781284606866 0.5254360465116279 0.6608873200442967 0.5271663898117386 0.6574958471760798 0.5240517718715393
0 0.6299487818383167 0.5127007198228128 0.6338247508305648 0.5098629568106312 0.6397079180509413 0.5093784606866002 0.6439299557032114 0.514015780730897 0.6439991694352158 0.5207295127353267 0.6381852159468437 0.5249515503875969 0.6305024916943521 0.5228059246954596 0.6291182170542636 0.5169919712070875
0 0.6203972868217055 0.5023878737541528 0.622750553709856 0.49906561461794025 0.6286337209302326 0.49830426356589147 0.6317483388704319 0.5030800110741971 0.6310562015503876 0.5079249723145072 0.6260728128460686 0.509655315614618 0.6215739202657807 0.5078557585825028
0 0.6446913067552602 0.501280454042082 0.6486364894795128 0.49747369878183834 0.6549349390919158 0.49823504983388706 0.6587416943521595 0.5038413621262459 0.6561115725359911 0.511108803986711 0.6507821151716501 0.5132544296788483 0.6453142303433002 0.5102090254706533 0.6432378183831673 0.5057793466223699
0 0.635631443298969 0.4900128865979381 0.6389246849942726 0.48671964490263464 0.6436497709049256 0.48650486827033224 0.6470146048109965 0.4912299541809851 0.6450816151202748 0.49616981672394045 0.6415020045819015 0.4977448453608247 0.6364905498281785 0.4952391179839634
0 0.6653208440999139 0.4737295434969854 0.662952196382429 0.47308354866494406 0.6616063738156761 0.47076873385012924 0.6621447028423773 0.46872308354866493 0.663006029285099 0.4670004306632214 0.6656438415159346 0.46635443583117997 0.6677433247200689 0.4675387596899225 0.6683893195521102 0.47012273901808793 0.6675818260120585 0.4727067183462533
0 0.6597222222222223 0.4784130060292851 0.6570844099913867 0.4795434969853575 0.655254091300603 0.4776055124892334 0.6547157622739018 0.47426787252368646 0.6574074074074074 0.4721683893195521 0.6604220499569337 0.47222222222222227 0.6622523686477175 0.47555986218776924 0.6607450473729544 0.477874677002584
