0 0.7114613702623906 0.794551749271137 0.7119472789115645 0.7912718658892128 0.7154701166180757 0.7876275510204082 0.7201469873663752 0.7876882896015548 0.7235483479105927 0.7913326044703595 0.7236698250728864 0.7975279397473275 0.7196003401360545 0.8011722546161321 0.7144375607385811 0.8004433916423711 0.711825801749271 0.7975279397473275
0 0.7090925655976676 0.7776056851311952 0.7100036443148688 0.7741435860058309 0.7129798347910593 0.7715318270165209 0.7179603984450923 0.7703777939747328 0.722758746355685 0.7748724489795918 0.7226372691933916 0.7812499999999999 0.7192966472303207 0.7844691448007775 0.7146805150631681 0.7853194849368319 0.7100643828960155 0.7827077259475219
0 0.6952441690962099 0.7940051020408163 0.6968233722060252 0.7901785714285714 0.7002854713313897 0.7878097667638484 0.7064200680272108 0.788599368318756 0.7090318270165209 0.7928510689990282 0.7092747813411078 0.7984997570456754 0.704962342079689 0.8022655490767735 0.6997995626822157 0.8021440719144801 0.695912293488824 0.7998360058309036
0 0.6929968415937804 0.7773627308066084 0.6939686588921283 0.7742650631681245 0.6974307580174927 0.7712888726919339 0.7030794460641399 0.7714710884353742 0.7065415451895043 0.7748724489795918 0.7070274538386783 0.7799137512147717 0.7055089893100097 0.7844691448007775 0.7006499028182701 0.7856839164237123 0.6957300777453839 0.7839224975704567 0.6936042274052477 0.7812499999999999
0 0.6806289123630674 0.806460289514867 0.6813135758998436 0.8040639671361502 0.6832208528951487 0.8019121674491393 0.686106220657277 0.8008851721439749 0.6897251564945228 0.8017654538341159 0.6915346244131456 0.8047486306729266 0.6915346244131456 0.8087098982785603 0.6888937793427231 0.8112040297339593 0.6854704616588421 0.8121332159624415 0.6825361893583725 0.8113018388106416
0 0.6798464397496088 0.7929137323943661 0.6808734350547732 0.7901750782472613 0.6833675665101723 0.7876809467918623 0.6873777386541472 0.7872897104851331 0.6906543427230047 0.7901261737089202 0.6912411971830986 0.7944297730829422 0.6888937793427231 0.7978530907668232 0.6851770344287951 0.7989289906103286 0.6819982394366199 0.7976085680751175 0.6801398669796558 0.7955056729264477
0 0.678672730829421 0.779807316118936 0.6789661580594679 0.7763839984350548 0.6818026212832552 0.77364534428795 0.6848836071987482 0.7735475352112677 0.688258020344288 0.7750635758998435 0.6894317292644758 0.7805408841940532 0.6866441705790297 0.7848444835680752 0.6816070031298905 0.7848933881064163 0.6791617762128326 0.7822036384976526
0 0.6638546557120502 0.7833773474178405 0.6643437010954617 0.7797095070422535 0.6660064553990611 0.7772642801251957 0.6700655320813772 0.7753080985915494 0.674026799687011 0.7766774256651018 0.6773034037558686 0.7807365023474179 0.6771566901408451 0.7858714788732396 0.6742224178403756 0.7892458920187794 0.6705545774647887 0.7902728873239437 0.6666911189358373 0.7892458920187794
0 0.6651750782472614 0.7999070813771518 0.6653217918622849 0.7964837636932707 0.6669845461658842 0.7936962050078248 0.671532668231612 0.7915444053208137 0.6766676447574336 0.7928159233176839 0.6787705399061034 0.7986355633802817 0.6766187402190924 0.8038194444444445 0.6711414319248826 0.8054332942097027 0.6665444053208138 0.8029880672926448
0 0.6652199074074074 0.8091517857142858 0.6660879629629629 0.8072089947089947 0.6680307539682541 0.8056382275132276 0.6709656084656085 0.8059689153439153 0.6726190476190477 0.8075810185185186 0.6730324074074074 0.8109292328042328 0.6702628968253969 0.8131613756613756 0.6662946428571429 0.812417328042328
0 0.6512666112956811 0.8106658361018827 0.652235603543743 0.807828073089701 0.6555578626799556 0.8063745847176078 0.658672480620155 0.8081741417497231 0.6593646179401993 0.8110119047619048 0.6573574197120708 0.813295957918051 0.6542428017718716 0.8137804540420819 0.6521663898117386 0.8126038205980066
0 0.6502976190476191 0.7982765780730897 0.6511973975636767 0.7952311738648947 0.6529969545957918 0.7941929678848283 0.6558347176079734 0.7943313953488371 0.6584648394241417 0.7959233111849391 0.6597106866002215 0.798484219269103 0.6583264119601329 0.8016680509413068 0.6541735880398671 0.8025678294573644 0.6511281838316723 0.8011835548172757
0 0.6492594130675525 0.7892787929125138 0.6496746954595791 0.7863718161683279 0.6520279623477298 0.7847106866002216 0.6560423588039866 0.7848491140642304 0.658672480620155 0.7876176633444075 0.6574958471760798 0.7916320598006644 0.6550733665559246 0.7932931893687708 0.6521663898117386 0.792531838316722 0.6502284053156145 0.7921165559246953
0 0.6483469665985003 0.7790132924335378 0.6487304021813225 0.7770109066121336 0.6507327880027266 0.7749659168370825 0.6542689161554194 0.7750937286980231 0.6565269256987049 0.7765422631220177 0.6575494205862304 0.7790132924335378 0.657762440354465 0.7818251533742332 0.6552914110429449 0.7834867075664622 0.6509032038173143 0.7836997273346966 0.6486877982276756 0.7816121336059987
0 0.6373397435897435 0.7982371794871794 0.638301282051282 0.7950320512820513 0.6420673076923077 0.7938301282051281 0.6448717948717948 0.7952724358974358 0.6459134615384615 0.7981570512820513 0.6456730769230768 0.8012820512820513 0.6435897435897435 0.8024038461538461 0.6399839743589744 0.8019230769230768 0.6380608974358974 0.8007211538461538
0 0.520604035639413 0.7491155660377358 0.5236176624737946 0.7464950209643606 0.52728642557652 0.7468225890985325 0.5303000524109015 0.7493776205450734 0.5293828616352201 0.7537015199161425 0.5259761530398323 0.7554048742138365 0.5213901991614256 0.7540290880503144 0.5204074947589099 0.752063679245283
0 0.5071082285115304 0.7481983752620545 0.5088770964360587 0.7457743710691824 0.512873427672956 0.7450537211740043 0.5152319182389937 0.7463639937106918 0.5166732180293501 0.748787997903564 0.5152974318658281 0.7528498427672955 0.5118252096436059 0.7545531970649896 0.5079599056603773 0.7532429245283019 0.5069772012578616 0.7513430293501048
0 0.4620748299319728 0.7764455782312926 0.46309523809523806 0.7726190476190475 0.4663265306122449 0.7700680272108843 0.4716836734693878 0.7704931972789114 0.47406462585034015 0.7748299319727892 0.47159863945578234 0.7806972789115647 0.4679421768707483 0.7819727891156462 0.4636904761904762 0.780952380952381
0 0.4745748299319728 0.780952380952381 0.4768707482993197 0.7775510204081633 0.4817176870748299 0.7763605442176872 0.48724489795918363 0.7789965986394558 0.4869897959183674 0.7857993197278912 0.48367346938775513 0.7886054421768707 0.4784863945578231 0.7878401360544217 0.4754251700680272 0.7856292517006803
0 0.4667517006802721 0.7872448979591837 0.4684523809523809 0.7847789115646259 0.4716836734693878 0.7846088435374149 0.4726190476190476 0.7869897959183673 0.4722789115646258 0.7892857142857143 0.4697278911564626 0.7901360544217687 0.46734693877551026 0.7901360544217687
0 0.5018707482993197 0.7720238095238094 0.5039965986394558 0.7686224489795918 0.5072278911564626 0.7693877551020407 0.5083333333333333 0.7719387755102041 0.5073129251700681 0.7739795918367347 0.5052721088435375 0.7746598639455781 0.5024659863945579 0.7744897959183673
0 0.31125 0.8125 0.3177083333333333 0.81375 0.32145833333333335 0.8202083333333333 0.3177083333333333 0.82625 0.3129166666666667 0.826875 0.3072916666666667 0.8235416666666666 0.30583333333333335 0.8183333333333334 0.3075 0.8154166666666667
0 0.30354166666666665 0.8152083333333333 0.30270833333333336 0.8204166666666667 0.30083333333333334 0.8227083333333334 0.2972916666666667 0.8241666666666667 0.2939583333333333 0.8239583333333333 0.29041666666666666 0.8214583333333333 0.28854166666666664 0.8170833333333334 0.289375 0.8122916666666666 0.29291666666666666 0.8108333333333333 0.3000096450617284 0.8108121141975307
0 0.2990451388888889 0.8067611882716049 0.2948013117283951 0.8071469907407408 0.28949652777777773 0.8055073302469136 0.28891782407407407 0.800684799382716 0.2905574845679012 0.796826774691358 0.2946084104938272 0.7951871141975307 0.29972029320987653 0.796923225308642 0.30107060185185186 0.8023244598765431
0 0.3130304783950617 0.8077256944444444 0.3078221450617284 0.8077256944444444 0.3041570216049383 0.8028067129629629 0.3043499228395062 0.7989486882716049 0.3070505401234568 0.7951871141975307 0.3117766203703704 0.7946084104938271 0.3158275462962963 0.7962480709876544 0.3175636574074074 0.8010706018518519 0.31515239197530864 0.806568287037037
0 0.29885223765432095 0.7925829475308641 0.29402970679012347 0.79296875 0.28988233024691357 0.7912326388888887 0.2885320216049383 0.7866994598765431 0.2915219907407407 0.7815875771604939 0.29663387345679015 0.7806230709876544 0.30068479938271603 0.7840952932098765 0.3000096450617284 0.7911361882716049
0 0.31004050925925924 0.7902681327160492 0.30425347222222227 0.7884355709876544 0.30222800925925924 0.782937885802469 0.30348186728395066 0.7786940586419754 0.3101369598765432 0.7757040895061729 0.3146701388888889 0.7791763117283951 0.3146701388888889 0.7852527006172839
0 0.2850308641975308 0.8158950617283949 0.28055555555555556 0.8177469135802469 0.27577160493827163 0.8162808641975308 0.2753858024691358 0.8110339506172839 0.2790895061728395 0.8079475308641975 0.2833333333333333 0.8084104938271603 0.28464506172839504 0.8131172839506172
0 0.30733024691358024 0.8422067901234567 0.30200617283950615 0.845679012345679 0.2994598765432099 0.8451388888888888 0.29637345679012345 0.8422839506172839 0.29768518518518516 0.8377314814814814 0.30138888888888893 0.8358024691358024 0.30516975308641975 0.8368827160493826
0 0.31705246913580243 0.8403549382716049 0.3134259259259259 0.8414351851851851 0.3109567901234568 0.8395061728395061 0.31026234567901234 0.8359567901234567 0.31134259259259256 0.8329475308641975 0.3145833333333333 0.8319444444444444 0.3180555555555556 0.8330246913580246 0.31905864197530864 0.8364197530864197
0 0.31689814814814815 0.8493827160493826 0.3136574074074074 0.8498456790123456 0.31126543209876545 0.8480709876543209 0.3114197530864197 0.8445987654320988 0.3126543209876543 0.8433641975308641 0.3157407407407407 0.8426697530864198 0.3183641975308642 0.845679012345679 0.31743827160493826 0.8487654320987654
0 0.20648521505376347 0.4133064516129032 0.19993279569892475 0.4178427419354839 0.19388440860215056 0.4163306451612903 0.19102822580645162 0.41061827956989255 0.19136424731182794 0.405241935483871 0.19657258064516128 0.4022177419354839 0.2019489247311828 0.4023857526881721 0.2051411290322581 0.4057459677419355
0 0.1937163978494624 0.4242271505376344 0.18884408602150538 0.4279233870967742 0.18548387096774197 0.42456317204301075 0.18464381720430106 0.41985887096774194 0.1875 0.41717069892473113 0.1917002688172043 0.41666666666666674
0 0.18854527104959629 0.41533304498269896 0.18609429065743943 0.41663062283737023 0.1822015570934256 0.41562139561707034 0.18025519031141868 0.41309832756632064 0.1806156286043829 0.40934976931949246 0.1832107843137255 0.4076196655132641 0.1873197808535179 0.40819636678200694 0.18847318339100344 0.4098543829296425
0 0.21067618223760093 0.4074034025374856 0.20570213379469438 0.4053849480968858 0.202530276816609 0.40091551326412916 0.2037557670126874 0.3967344290657439 0.20685553633217993 0.39356257208765855 0.21219002306805076 0.3951485005767012 0.21565023068050748 0.3996179354094579 0.21514561707035754 0.4048803344867359
0 0.17910178777393312 0.40610582468281425 0.17636245674740483 0.4068267012687428 0.1723255478662053 0.404808246828143 0.17095588235294115 0.40120386389850055 0.1736231257208766 0.3985366205305652 0.17780420991926182 0.39889705882352944 0.18025519031141868 0.4003388119953864 0.18047145328719721 0.4042315455594002
0 0.19287053056516726 0.3981761822376009 0.18977076124567474 0.3980320069204152 0.18760813148788927 0.3951485005767012 0.1881127450980392 0.3917603806228373 0.19128460207612458 0.3897419261822376 0.1950331603229527 0.3897419261822376 0.1966911764705882 0.3936346597462515 0.19597029988465978 0.3963739907727797
0 0.20220780922431864 0.37339491614255765 0.20463181341719075 0.3724122117400419 0.20744889937106917 0.3730018343815514 0.20875917190775678 0.37483621593291405 0.20843160377358488 0.37896357442348005 0.2051559224318658 0.3809944968553459 0.20174921383647798 0.3804703878406709 0.20030791404612158 0.3781774109014675 0.20050445492662475 0.3752292976939203
0 0.20928328092243184 0.36966063941299787 0.2062696540880503 0.3686779350104822 0.20463181341719075 0.36500917190775684 0.20718684486373165 0.361602463312369 0.21164177148846958 0.36173349056603776 0.2134106394129979 0.3633058176100629 0.2150484800838574 0.3665159853249476 0.21282101677148846 0.36926755765199165
