0 0.4189510233918129 0.9318347953216373 0.42324561403508776 0.9291849415204677 0.4288194444444445 0.9301900584795321 0.4317434210526316 0.9346673976608186 0.43019005847953223 0.9401498538011694 0.4254385964912281 0.9425255847953214 0.4192251461988304 0.9409722222222221 0.4184027777777778 0.9369517543859648
0 0.4324324324324324 0.9217342342342342 0.4364301801801801 0.9184684684684684 0.4421734234234234 0.9190315315315314 0.44521396396396395 0.9245495495495495 0.44273648648648645 0.9303490990990991 0.43755630630630626 0.9322072072072071 0.4324887387387387 0.9291666666666667 0.4317004504504504 0.9251126126126125
0 0.44490210124164276 0.9128462273161413 0.4478271251193887 0.9089063992359121 0.45421442215854824 0.9081303724928366 0.45731852913085 0.9113538681948423 0.45773638968481367 0.9157712511938872 0.4557664756446991 0.9199498567335243 0.4517072588347659 0.9214422158548232 0.44591690544412604 0.9195916905444125
0 0.37441899070385126 0.9204017264276226 0.3789010624169988 0.9162516600265602 0.38637118193891107 0.9165006640106241 0.38894422310756976 0.922144754316069 0.38587317397078363 0.9286188579017263 0.3789010624169988 0.9292828685258964 0.37524900398406386 0.9263778220451526
0 0.38798983134920634 0.9094432043650793 0.39189608134920634 0.9052269345238096 0.3992125496031746 0.9070250496031746 0.4015066964285714 0.9128534226190476 0.39815848214285715 0.9176277281746033 0.39326016865079366 0.918185763888889 0.3883618551587301 0.9153955853174602
0 0.3668184885290149 0.8759278002699057 0.3723852901484481 0.8722165991902834 0.3789642375168691 0.8744095816464236 0.38014507422402166 0.8813259109311741 0.37584345479082326 0.8864709851551958 0.36918016194331993 0.8847840755735493 0.36673414304993257 0.8816632928475034
0 0.3922909652076319 0.8552539281705949 0.39832351290684626 0.8512556116722783 0.4048470819304153 0.8541315937149271 0.405969416386083 0.8596029741863075 0.4021815375982043 0.8647236251402918 0.39467592592592593 0.8643728956228957 0.39250140291806956 0.8601641414141414
0 0.45310391363022945 0.8832658569500673 0.4596828609986505 0.8766869095816465 0.46896086369770584 0.877108636977058 0.47410593792172745 0.8846997300944668 0.4704790823211876 0.8930499325236166 0.4643218623481781 0.8968454790823213 0.45580296896086375 0.8938933873144401 0.4532726045883941 0.8897604588394062
0 0.47193066157760816 0.8689567430025444 0.4756679389312977 0.8633905852417303 0.4834605597964377 0.8619592875318066 0.48886768447837153 0.8647423664122137 0.49149173027989823 0.8714217557251908 0.48783396946564883 0.8800095419847328 0.48020038167938933 0.8819974554707378 0.47288486005089053 0.8778625954198472
0 0.4351174645390071 0.8593195921985815 0.44121232269503546 0.854222074468085 0.44974512411347517 0.8535571808510637 0.45439937943262415 0.8586546985815602 0.4537344858156029 0.8692929964539006 0.4471963652482269 0.8732823581560283 0.43799867021276595 0.8721742021276594 0.4347850177304965 0.8669658687943261
0 0.45451019503546103 0.8425864361702127 0.4607158687943262 0.8385970744680851 0.4681405141843971 0.8393727836879432 0.4731272163120568 0.8452460106382979 0.4716866134751773 0.8535571808510637 0.46503767730496454 0.8584330673758864 0.4552859042553192 0.8557734929078012 0.45284796099290775 0.8495678191489362
0 0.4951923076923077 0.8196225071225072 0.4991096866096867 0.817218660968661 0.5050747863247864 0.8183760683760685 0.5073896011396012 0.82380698005698 0.5055199430199431 0.8294159544159545 0.4996438746438747 0.8311965811965814 0.49483618233618243 0.8295940170940173 0.4932336182336183 0.8241631054131056
0 0.4830840455840456 0.8088497150997153 0.4874465811965813 0.8049323361823363 0.49332264957264965 0.8052884615384616 0.49670584045584054 0.8091168091168092 0.4956374643874645 0.815349002849003 0.4905626780626781 0.8184650997150998 0.48548789173789186 0.8180199430199431 0.48361823361823364 0.8140135327635328
0 0.3162808641975308 0.7921296296296295 0.31820987654320987 0.7875 0.32330246913580246 0.7851851851851851 0.3283179012345679 0.7873456790123456 0.32993827160493827 0.7922839506172838 0.32839506172839505 0.7973765432098765 0.32453703703703707 0.7989969135802469 0.3189814814814815 0.7983796296296295 0.316820987654321 0.7956018518518518
0 0.3001543209876543 0.7930555555555554 0.3032407407407407 0.7891203703703703 0.3093364197530864 0.7875 0.31280864197530867 0.7896604938271603 0.31396604938271605 0.7947530864197531 0.31126543209876545 0.8 0.3074074074074074 0.8018518518518518 0.30185185185185187 0.8 0.30054012345679015 0.7966820987654321
0 0.31840128755364805 0.7574213161659513 0.322156652360515 0.7541130185979971 0.3285050071530758 0.7534871244635193 0.33181330472103004 0.7567954220314735 0.33208154506437765 0.7622496423462088 0.32904148783977105 0.7664520743919886 0.3226931330472103 0.7677932761087267 0.31840128755364805 0.7644849785407725 0.3180436337625179 0.760640200286123
0 0.2866994598765432 0.7696277006172839 0.2921971450617284 0.7652874228395061 0.29808063271604934 0.7687596450617283 0.2991415895061728 0.7748360339506172 0.2947048611111111 0.7798514660493826 0.29007523148148145 0.7796585648148149 0.2860243055555556 0.7764756944444444
0 0.2737750771604938 0.7813946759259259 0.2767650462962963 0.7787905092592592 0.2807195216049383 0.7786940586419754 0.2826485339506173 0.7815875771604939 0.2817804783950617 0.7864101080246914 0.2789834104938272 0.7885320216049382 0.2739679783950617 0.7865065586419754
0 0.25805362654320985 0.7923900462962962 0.26142939814814814 0.7897858796296295 0.2667341820987654 0.7903645833333334 0.26750578703703703 0.7959587191358023 0.2642264660493827 0.7990451388888887 0.2598861882716049 0.7990451388888887 0.25795717592592593 0.7957658179012346
0 0.5535799808429119 0.6057830459770115 0.5563338122605365 0.6006345785440613 0.5616020114942529 0.5984794061302682 0.5656728927203065 0.600514846743295 0.5673491379310345 0.6042265325670498 0.5657926245210728 0.6100933908045977 0.561242816091954 0.6139248084291188 0.5546575670498084 0.6116499042145594
0 0.3906926406926407 0.3894751082251082 0.39475108225108224 0.3832521645021645 0.400974025974026 0.382034632034632 0.4076028138528138 0.38649891774891776 0.40882034632034625 0.3924512987012987 0.40367965367965364 0.3990800865800866 0.3981331168831169 0.40016233766233766 0.39163961038961037 0.39664502164502163
0 0.4096320346320347 0.3752705627705627 0.41571969696969696 0.37121212121212116 0.4234307359307359 0.3729707792207792 0.4269480519480519 0.37959956709956705 0.42437770562770555 0.38676948051948046 0.41883116883116883 0.3894751082251082 0.4119318181818181 0.3871753246753247 0.40895562770562766 0.38108766233766234
0 0.37905844155844154 0.3526785714285714 0.38595779220779214 0.34375 0.3981331168831169 0.34320887445887444 0.4043560606060606 0.34983766233766234 0.4050324675324675 0.36025432900432897 0.3997564935064935 0.3675595238095238 0.38758116883116883 0.36877705627705626 0.380275974025974 0.36282467532467527
0 0.3528138528138528 0.3747294372294372 0.35646645021645024 0.36417748917748916 0.3664772727272727 0.3607954545454545 0.37716450216450215 0.3663419913419913 0.37905844155844154 0.3770292207792208 0.375 0.38663419913419916 0.3663419913419913 0.3886634199134199 0.3561958874458874 0.38501082251082247
0 0.3457255747126437 0.12473060344827587 0.3484195402298851 0.11925287356321841 0.3537176724137931 0.11736709770114942 0.35982399425287365 0.12302442528735634 0.35901580459770116 0.13092672413793105 0.3527298850574713 0.13362068965517243 0.34743175287356326 0.13074712643678163
0 0.32983576642335766 0.12515206812652074 0.3309762773722629 0.120970194647202 0.33531021897810226 0.11830900243309007 0.34078467153284675 0.11998175182481757 0.34329379562043805 0.12370742092457426 0.3426094890510949 0.12902980535279812 0.33789537712895384 0.13207116788321174 0.3321167883211679 0.13062652068126526
0 0.31265206812652074 0.12538017031630175 0.3137165450121655 0.11975364963503655 0.3185827250608273 0.11618004866180055 0.32458941605839425 0.11914537712895383 0.3270225060827251 0.12408759124087597 0.3243613138686132 0.13017031630170325 0.3186587591240877 0.1308546228710463 0.3137925790754258 0.12804136253041368
0 0.346875 0.10970394736842105 0.34720394736842103 0.1049890350877193 0.35235745614035086 0.10093201754385964 0.3583881578947368 0.10202850877192982 0.3610197368421053 0.10893640350877191 0.3581688596491228 0.11529605263157892 0.3512609649122807 0.1150767543859649 0.34808114035087717 0.11288377192982454
0 0.3305372807017543 0.10729166666666665 0.3316337719298246 0.10169956140350876 0.3383223684210526 0.09928728070175438 0.34314692982456135 0.10290570175438596 0.3442434210526316 0.11025219298245612 0.3402960526315789 0.11430921052631578 0.33525219298245607 0.11408991228070174 0.3314144736842105 0.11123903508771929
0 0.3136513157894737 0.10773026315789473 0.31595394736842103 0.10158991228070173 0.3240679824561404 0.10071271929824559 0.32823464912280703 0.10696271929824559 0.3271381578947368 0.11310307017543858 0.3208881578947368 0.11529605263157892 0.31518640350877186 0.11156798245614034
0 0.3116776315789473 0.08492324561403507 0.3116776315789473 0.07845394736842105 0.3154057017543859 0.07406798245614034 0.3241776315789473 0.07297149122807016 0.3310855263157894 0.07966008771929824 0.33086622807017546 0.08733552631578945 0.32362938596491225 0.09248903508771929 0.3149671052631579 0.09007675438596491
0 0.34117324561403506 0.08601973684210525 0.3430372807017543 0.0787828947368421 0.3516995614035088 0.07439692982456139 0.35882675438596495 0.07856359649122806 0.35794956140350875 0.0875548245614035 0.3522478070175438 0.09117324561403507 0.3461074561403509 0.09117324561403507
0 0.34040570175438595 0.06025219298245614 0.34172149122807016 0.05257675438596491 0.34841008771929827 0.04786184210526315 0.3580592105263158 0.05082236842105262 0.3605811403508772 0.06145833333333333 0.3541118421052632 0.06858552631578947 0.34632675438596494 0.0688048245614035
0 0.31222587719298245 0.06167763157894735 0.31156798245614037 0.05268640350877192 0.3169407894736842 0.04841008771929824 0.3265899122807017 0.04830043859649121 0.3317434210526315 0.056085526315789475 0.3327302631578947 0.06485745614035086 0.3245065789473684 0.06946271929824559 0.31419956140350874 0.06661184210526315
0 0.3123355263157894 0.034265350877192964 0.3123355263157894 0.02845394736842105 0.3177083333333333 0.025603070175438582 0.3254934210526315 0.02735745614035087 0.3277960526315789 0.030756578947368426 0.3238486842105263 0.03744517543859648 0.3182565789473684 0.03930921052631577
0 0.3310855263157894 0.03448464912280701 0.33196271929824556 0.02779605263157895 0.33755482456140345 0.023629385964912285 0.3433662280701754 0.024835526315789475 0.34577850877192984 0.02933114035087719 0.3462171052631579 0.03470394736842105 0.3422697368421052 0.03930921052631577 0.3349232456140351 0.03941885964912281
0 0.35038377192982456 0.034375 0.3544407894736842 0.027576754385964908 0.36244517543859656 0.027576754385964908 0.3649671052631579 0.031085526315789477 0.36507675438596493 0.035690789473684204 0.3603618421052632 0.04117324561403509 0.35466008771929824 0.040186403508771916
0 0.35191885964912284 0.01595394736842105 0.3544407894736842 0.008826754385964908 0.3617872807017543 0.007072368421052625 0.365625 0.011896929824561392 0.365734649122807 0.01792763157894736 0.35882675438596495 0.02176535087719298 0.35290570175438596 0.019024122807017534
0 0.3318530701754385 0.016063596491228058 0.33152412280701754 0.0100328947368421 0.3402960526315789 0.006304824561403504 0.346984649122807 0.0106907894736842 0.34632675438596494 0.018914473684210526 0.33919956140350876 0.021546052631578938
0 0.31189692982456135 0.013980263157894725 0.31189692982456135 0.006853070175438596 0.31803728070175435 0.003125 0.3249451754385964 0.004989035087719292 0.32801535087719297 0.011567982456140342 0.3264802631578947 0.017817982456140344 0.3213267543859649 0.020559210526315787 0.31507675438596494 0.019572368421052627
0 0.38127720771144274 0.9071245335820894 0.380849657960199 0.9091456778606963 0.37867304104477606 0.9109724813432835 0.37618547885572134 0.9114777674129353 0.3739311256218905 0.9105449315920395 0.3724152674129353 0.9086015236318405 0.3719877176616915 0.9063471703980099 0.37276508084577115 0.9044814987562187 0.3743198072139304 0.9025380907960198 0.37754586442786064 0.9017218594527363 0.37956700870646765 0.9029267723880597 0.3811606032338309 0.9058030161691542
0 0.38881763059701496 0.9030822450248756 0.3862912002487562 0.9038207400497511 0.38415345149253727 0.9034320584577116 0.38189909825870644 0.9012943097014924 0.38154928482587064 0.8982237251243782 0.3826375932835821 0.896085976368159 0.38590251865671643 0.894570118159204 0.3894006529850746 0.8950754042288558 0.39161613805970147 0.8974074937810944 0.3909942475124378 0.8999339241293531 0.38986707089552236 0.902304881840796
0 0.40410469107551483 0.8947606788710907 0.40686975591151786 0.8926153699466056 0.4114464149504195 0.8915665522501907 0.41530797101449274 0.8942839435545384 0.416213768115942 0.8969536613272311 0.4161184210526315 0.9000524408848207 0.4131626620900076 0.9029605263157894 0.41073131197559115 0.9039139969488938 0.40768020594965676 0.9039139969488938 0.40534420289855067 0.9025791380625476 0.40391399694889396 0.8993373379099924 0.4037709763539282 0.895285087719298
0 0.3965245995423341 0.8806016399694888 0.40000476735316554 0.8794574752097634 0.40481979405034324 0.8806016399694888 0.40706045003813884 0.8837480930587337 0.40696510297482835 0.8880863844393592 0.4050104881769641 0.8907561022120518 0.40276983218916856 0.8917572463768114 0.3977164378337147 0.8919002669717772 0.3956188024408848 0.8904700610221203 0.39461765827612505 0.886989893211289 0.3947606788710908 0.883366704805492
0 0.41058829138062547 0.8707332189168574 0.4119231502669718 0.8689692982456139 0.41459286803966433 0.867062356979405 0.4182637299771167 0.8673483981693363 0.4216008771929824 0.8699704424103737 0.42260202135774216 0.8731645690312738 0.421934591914569 0.876168001525553 0.41883581235697936 0.8786470251716247 0.4156893592677346 0.8790284134248665 0.413448703279939 0.8783609839816933 0.41154176201372994 0.8767400839054157 0.4105406178489702 0.87449942791762 0.41034992372234935 0.8718773836765827
0 0.36015193370165743 0.8375345303867403 0.3617633517495396 0.8364410681399631 0.36377762430939226 0.8358655616942908 0.36723066298342544 0.8366137200736647 0.3684967771639043 0.8390883977900553 0.368957182320442 0.8419659300184161 0.3671731123388582 0.8444406077348064 0.36446823204419887 0.8456491712707183 0.3611302946593002 0.8448434622467771 0.35900092081031304 0.8421385819521179 0.3592886740331492 0.8398941068139962
0 0.3905117753623188 0.9642210144927535 0.39266304347826086 0.9638813405797102 0.3951539855072464 0.9659759963768116 0.3953804347826087 0.9682971014492754 0.39373867753623193 0.9707880434782609 0.39158740942028986 0.9707314311594202 0.38915307971014496 0.9699954710144927 0.38836050724637683 0.9680706521739131 0.3887001811594203 0.9660892210144927 0.3899456521739131 0.9646739130434784
0 0.38400135869565216 0.9576539855072465 0.38620923913043476 0.9566349637681161 0.388473731884058 0.9576539855072465 0.3894927536231884 0.9594089673913043 0.38892663043478265 0.9616168478260869 0.387794384057971 0.9628057065217391 0.3862658514492754 0.9632019927536232 0.3851336050724638 0.9633152173913043 0.38332201086956524 0.9625226449275363 0.3826992753623188 0.9611073369565216 0.38224637681159424 0.959465579710145 0.38303894927536236 0.9579936594202898
0 0.406157132243685 0.9535196879643388 0.4072096334819218 0.9548817483902923 0.40789066369489857 0.9573272659732542 0.40699294205052006 0.959029841505696 0.4053832342743933 0.959958519068846 0.40278293709757307 0.959401312530956 0.401947127290738 0.9584107231302627 0.4013280089153046 0.9559961614660724 0.402225730559683 0.9542316740960873 0.4035258791480932 0.9533649083704806 0.4047331599801882 0.9533339524517089
0 0.4093146359583953 0.9484738732045567 0.41104816740960876 0.9474832838038634 0.41352464091134233 0.9476380633977216 0.41485574541852405 0.9490001238236752 0.4153200842000991 0.9510432144626052 0.4146700099058941 0.9525600544824171 0.4129364784546805 0.9537363793957405 0.4113267706785538 0.9540459385834572 0.4097789747399703 0.9534577761267955 0.40900507677067854 0.951538509162952 0.40894316493313526 0.950238360574542
0 0.3991920505200595 0.9463688707280833 0.4007708023774146 0.9464307825656266 0.4018852154531947 0.947699975235265 0.4025972015849431 0.9498049777117386 0.4018852154531947 0.9511979940564637 0.4006160227835563 0.952188583457157 0.39928491827637447 0.9525290985636455 0.3971489598811293 0.9522504952947005 0.39603454680534916 0.9511360822189203 0.39569403169886086 0.9497430658741952 0.3959107231302625 0.9480095344229817 0.39770616641901935 0.9467403417533433
0 0.4039283060921248 0.9411682763744428 0.40559992570579495 0.9402395988112928 0.40733345715700847 0.9400848192174344 0.40937654779593863 0.9415087914809313 0.40974801882119866 0.9440781327389798 0.4089741208519069 0.9461212233779099 0.4036497028231798 0.946957033184745 0.4027519811788014 0.9454401931649331 0.4031234522040615 0.9429946755819714
0 0.4164628180039138 0.923393672537508 0.4173189823874755 0.9253098499673843 0.41723744292237436 0.927511415525114 0.41617742987606005 0.9285714285714285 0.4142612524461839 0.9294275929549902 0.41242661448140894 0.9291014350945855 0.41144814090019566 0.9274706457925637 0.4112850619699934 0.9255952380952381 0.41210045662100453 0.9239236790606655 0.41373124592302674 0.9229859752120028 0.4153620352250489 0.922945205479452
0 0.42286366601435094 0.9174412915851273 0.42408675799086754 0.9188274624918461 0.4246167645140248 0.9207844096542727 0.4231898238747554 0.9232305936073059 0.42094748858447484 0.9238013698630138 0.41956131767775595 0.9231082844096541 0.41862361382909324 0.9219259621656882 0.4182974559686888 0.920091324200913 0.4187459230267449 0.9184197651663404 0.4204174820613177 0.9174412915851273 0.4211921069797782 0.9174005218525766
0 0.43036529680365293 0.9123043052837572 0.43150684931506844 0.9137312459230267 0.4314660795825179 0.9162181996086106 0.4298760600130463 0.9173189823874756 0.42804142204827134 0.9181343770384864 0.4266552511415525 0.9176451402478798 0.4255544683626875 0.9164628180039138 0.4252283105022831 0.9147912589693412 0.4255544683626875 0.9131604696673189 0.42677756033920417 0.9122227658186561 0.42938682322243965 0.9119781474233529
0 0.4337095687331536 0.9060815363881402 0.436039982030548 0.9058288409703503 0.4374719227313566 0.9066711590296496 0.43831424079065584 0.9081311769991015 0.4382300089847259 0.9095911949685536 0.4376123090745733 0.9112477538185085 0.4360680592991914 0.912118149146451 0.43404649595687333 0.9122866127583109 0.43292340521114114 0.9115566037735849 0.4322214734950584 0.910377358490566 0.43168800539083557 0.9089454177897573 0.43269878706199466 0.9074292452830188
0 0.4391846361185984 0.9017576370170709 0.44033580413297385 0.9004660826594788 0.44297506738544484 0.9001010781671158 0.44522124887690934 0.9014768643306379 0.44564240790655885 0.9035826594788858 0.4446877807726865 0.9055199910152739 0.44280660377358494 0.906446540880503 0.4406165768194071 0.9064184636118598 0.4391565588499551 0.9053234501347709 0.43890386343216525 0.9041442048517521 0.4387915543575921 0.9025999550763701
0 0.4907238442822384 0.8312804136253042 0.49224452554744524 0.8343217761557177 0.4927007299270073 0.8376672749391728 0.4917883211678832 0.8401003649635036 0.4876824817518248 0.8423813868613138 0.48281630170316303 0.8420012165450121 0.4806113138686132 0.8392639902676399 0.48030717761557173 0.833713503649635 0.48274026763990263 0.8312043795620437 0.4876824817518248 0.8302159367396594
0 0.4798509732360098 0.8183546228710461 0.48167579075425787 0.8204075425790754 0.4822080291970803 0.8247414841849148 0.4806873479318735 0.827478710462287 0.4776459854014598 0.8292274939172749 0.47414841849148415 0.829683698296837 0.4720194647201946 0.8286192214111922 0.46981447688564476 0.8256538929440389 0.46966240875912413 0.8221563260340632 0.47110705596107055 0.8190389294403893 0.4748327250608273 0.8172901459854014 0.47711374695863745 0.8173661800486618
0 0.5048661800486618 0.7958485401459854 0.5066909975669099 0.7979774939172749 0.5073753041362531 0.7998783454987833 0.5062347931873479 0.802691605839416 0.5027372262773723 0.8042122871046229 0.4993917274939173 0.8034519464720193 0.49832725060827254 0.8012469586374696 0.49832725060827254 0.798889902676399 0.49923965936739656 0.796456812652068 0.5014446472019465 0.7949361313868614 0.5037256690997567 0.7949361313868614
0 0.507147201946472 0.8064172749391728 0.5085158150851582 0.8055809002433089 0.5114051094890512 0.8049726277372262 0.5142944038929441 0.8064172749391728 0.5149026763990268 0.8090784671532847 0.513838199513382 0.8125760340632604 0.5114051094890512 0.8142487834549879 0.5074513381995134 0.8129562043795621 0.5060827250608273 0.8109793187347931 0.5062347931873479 0.8081660583941606
0 0.5105687347931874 0.7868004866180048 0.5117092457420924 0.7858120437956203 0.5155109489051095 0.7853558394160585 0.5187043795620437 0.7883972019464719 0.5179440389294404 0.791742700729927 0.5154349148418492 0.7941757907542578 0.5133059610705596 0.7949361313868614 0.5111009732360098 0.7933394160583941 0.509808394160584 0.7911344282238442 0.509808394160584 0.7884732360097324
0 0.5190085158150851 0.796228710462287 0.5231143552311436 0.795316301703163 0.5262317518248175 0.7979774939172749 0.5263838199513382 0.8017031630170317 0.524102798053528 0.8034519464720193 0.5219738442822384 0.8045924574209246 0.5177159367396593 0.8032998783454988 0.5168795620437956 0.8003345498783454
0 0.29029088050314467 0.7387971698113208 0.29217767295597485 0.7380896226415093 0.2950471698113208 0.7386399371069183 0.2959905660377359 0.7397405660377359 0.2964622641509434 0.7416273584905659 0.29614779874213837 0.7439465408805033 0.2947327044025157 0.7453223270440251 0.29323899371069184 0.7458333333333333 0.2906053459119497 0.7457154088050314 0.28919025157232703 0.7438286163522012 0.2887578616352201 0.7408018867924528
0 0.3006289308176101 0.738875786163522 0.30200471698113207 0.738246855345912 0.30416666666666664 0.738246855345912 0.30589622641509434 0.739622641509434 0.3065251572327044 0.7415880503144655 0.30644654088050316 0.7436320754716981 0.3055817610062893 0.7452830188679246 0.3037342767295597 0.7460691823899371 0.3008254716981132 0.7455974842767296 0.2996069182389937 0.7441430817610063 0.2990566037735849 0.7418238993710692 0.29996069182389934 0.739622641509434
0 0.3135930047694753 0.7383412824589295 0.31524907260201374 0.738838102808691 0.3167064122946476 0.7411897191308956 0.3167395336512983 0.7427464228934817 0.31548092209856915 0.7448330683624801 0.31438791732909377 0.745859830418654 0.3118375728669846 0.7458929517753048 0.31004901960784315 0.7448330683624801 0.30935347111817696 0.7425476947535772 0.30961844197138316 0.7405272919978803 0.3104795972443031 0.7390368309485957 0.3118706942236354 0.7384406465288819
0 0.31938740588637915 0.7414014373716633 0.3204996577686516 0.7392624914442163 0.322296372347707 0.7379791238877482 0.3244780971937029 0.7379791238877482 0.3264887063655031 0.7392624914442163 0.327258726899384 0.7415297741273101 0.3267453798767967 0.7437542778918549 0.32524811772758383 0.7456793292265572 0.32306639288158795 0.7463210130047913 0.3199863107460643 0.7452943189596167 0.31951574264202603 0.7435831622176591
0 0.32952600958247774 0.7425136892539357 0.33016769336071183 0.7404603011635866 0.3315793976728268 0.7386635865845311 0.33307665982203966 0.7375941136208077 0.3357289527720739 0.7383213552361396 0.3372689938398357 0.740246406570842 0.33744010951403147 0.742257015742642 0.3365845311430527 0.7443959616700889 0.3346594798083504 0.7458504449007529 0.3316649555099247 0.7460643394934976 0.32995379876796715 0.744438740588638
0 0.6563010620915033 0.5693933823529412 0.6586499183006536 0.5735804738562092 0.6582414215686274 0.5778696895424836 0.6552798202614379 0.5800142973856208 0.6497651143790849 0.5809334150326797 0.6460886437908497 0.5781760620915033 0.6450674019607844 0.5739889705882354 0.6463950163398693 0.5710273692810457 0.6493566176470588 0.5689848856209151 0.6536458333333334 0.5686785130718954
0 0.6592626633986928 0.560610702614379 0.6637561274509803 0.5587724673202615 0.6673304738562092 0.5598958333333334 0.6690665849673203 0.5624489379084967 0.6700878267973857 0.5665339052287582 0.6672283496732025 0.5694955065359477 0.6624285130718954 0.5712316176470588 0.658547794117647 0.5682700163398693 0.6575265522875817 0.5661254084967321
0 0.6714154411764706 0.5506025326797385 0.6744791666666666 0.54937704248366 0.6795853758169934 0.5507046568627452 0.6816278594771241 0.5535641339869282 0.6810151143790849 0.5576491013071895 0.6784620098039216 0.5610191993464052 0.67437704248366 0.5609170751633987 0.6705984477124183 0.5587724673202615 0.6688623366013072 0.5561172385620915
0 0.6826491013071895 0.5423304738562092 0.6848958333333334 0.5409007352941176 0.6879595588235294 0.5416156045751633 0.6902062908496731 0.5441687091503267 0.6898999183006536 0.5472324346405228 0.6890829248366013 0.5498876633986928 0.6857128267973857 0.5509089052287582 0.6825469771241831 0.5490706699346405 0.6810151143790849 0.5463133169934641
0 0.7526589089089089 0.5938125625625625 0.7550988488488488 0.5928115615615616 0.7577264764764765 0.5945007507507507 0.7591654154154154 0.5974411911911912 0.7584146646646647 0.6005693193193192 0.7545357857857858 0.6018831331331331 0.7514076576576576 0.6006944444444445 0.7503440940940941 0.5979416916916918 0.7509071571571572 0.5954391891891891
0 0.7456519019019019 0.5846158658658659 0.7485297797797797 0.584177927927928 0.7508445945945946 0.5854291791791791 0.7521584084084083 0.5882444944944945 0.7517830330330331 0.5910598098098099 0.7493430930930931 0.5925613113113113 0.7467780280280281 0.5924361861861862 0.7450888388388388 0.5920608108108107 0.7434622122122122 0.5900588088088088 0.7434622122122122 0.5874311811811811
0 0.7416478978978979 0.575294044044044 0.7445257757757757 0.5776714214214214 0.7448385885885885 0.5801113613613613 0.7447134634634635 0.5821133633633633 0.7425237737737738 0.5834271771771772 0.7404592092092092 0.5836774274274275 0.7377064564564565 0.5830518018018018 0.7365803303303303 0.58130005005005 0.7361423923923923 0.5792354854854854 0.737205955955956 0.5768581081081081 0.7390202702702702 0.575168918918919
0 0.7723490712074305 0.5814305985552116 0.7749935500515996 0.5798826109391125 0.7780895252837977 0.5802051083591331 0.7811210010319917 0.5828495872033024 0.7819594943240453 0.5862035603715171 0.7809275025799794 0.5892995356037152 0.7785410216718266 0.5912990196078431 0.774671052631579 0.5919440144478844 0.7708010835913314 0.5902670278637772 0.7697690918472653 0.5880740454076367 0.7698980908152735 0.585171568627451 0.7711235810113519 0.5823980908152735
0 0.7637061403508771 0.5718846749226006 0.7660281217750259 0.5705946852425181 0.7695110939112487 0.5701431888544891 0.7734455624355006 0.5729811661506709 0.7740260577915375 0.577109133126935 0.7731230650154799 0.5802051083591331 0.7702205882352942 0.5822045923632612 0.7644156346749227 0.581624097007224 0.762609649122807 0.580140608875129 0.7617711558307534 0.5763996388028896 0.7626741486068112 0.5731746646026832
0 0.7539667182662538 0.5673052115583076 0.7547407120743034 0.5634352425180599 0.7573851909184727 0.5609197626418989 0.762609649122807 0.5609197626418989 0.7660926212590299 0.5647897316821466 0.7651896284829721 0.5693046955624356 0.7630611455108359 0.5718846749226006 0.7600941692466461 0.5722071723426213 0.7567401960784313 0.5714331785345718 0.7542892156862745 0.5686597007223942
0 0.6350173056443024 0.40824680511182115 0.6381456336528222 0.40644968051118213 0.6425386048988286 0.40778088391906286 0.6441360489882854 0.41104233226837056 0.6444022896698616 0.4147697018104367 0.6417398828541001 0.41776490947816824 0.6381456336528222 0.4186301916932908 0.6348176251331203 0.4176317891373802 0.6331536208732694 0.4148362619808306 0.6327542598509052 0.41244009584664537 0.6330205005324814 0.40991080937167196
0 0.6237020766773163 0.3967984558040468 0.6256988817891375 0.395134451544196 0.6302249733759319 0.39466853035143773 0.6329539403620873 0.39699813631522896 0.6340854632587859 0.40025958466453676 0.6332201810436635 0.4034544728434505 0.630424653887114 0.4061168796592119 0.6275625665601704 0.40605031948881787 0.6243011182108626 0.4047856762513312 0.6225039936102237 0.4023895101171459 0.6225039936102237 0.3996605431309904
0 0.6423389243876465 0.4033879126730564 0.6438698083067093 0.4004592651757188 0.6463325346112886 0.398861821086262 0.6501930244941427 0.398861821086262 0.6536541533546326 0.4015907880724175 0.6538538338658147 0.4057840788072417 0.6511248668796592 0.4095114483493078 0.6473309371671991 0.41097577209797653 0.6448016506922258 0.4095780085197018 0.6425386048988286 0.4067159211927583
0 0.6354832268370607 0.3973974973375932 0.6334864217252396 0.39633253461128864 0.632221778487753 0.3925386048988286 0.6334864217252396 0.3892771565495208 0.6358160276890309 0.3871472310969116 0.6401424387646433 0.3867478700745474 0.6429379659211928 0.3886781150159745 0.6440694888178914 0.39240548455804053 0.6424720447284346 0.3955338125665602 0.6399427582534611 0.3977302981895634 0.6376131522896699 0.3979965388711395
0 0.6531882321618743 0.38355298189563364 0.6513911075612354 0.38461794462193827 0.6479299787007455 0.38395234291799785 0.6466653354632588 0.3826876996805112 0.6465987752928648 0.3801584132055378 0.6474640575079872 0.37796192758253466 0.6501930244941427 0.3770300851970181 0.6528554313099042 0.37663072417465393 0.654519435569755 0.37889376996805113 0.6547191160809371 0.3818889776357828
0 0.6587792864749734 0.3920726837060703 0.6569821618743344 0.3926051650692226 0.6548522364217252 0.39247204472843455 0.6531216719914803 0.3912739616613419 0.6527223109691161 0.3882787539936102 0.6539869542066028 0.385949148029819 0.656383120340788 0.38441826411075614 0.6595114483493079 0.3847510649627264 0.6613085729499467 0.3870806709265176 0.6615082534611288 0.3894102768903088 0.6606429712460065 0.3912739616613419
0 0.6659012247071353 0.40092518636847707 0.6641041001064962 0.40139110756123536 0.6616413738019169 0.4010583067092652 0.659977369542066 0.3989949414270501 0.6592452076677316 0.3967984558040468 0.6596445686900959 0.39466853035143773 0.6616413738019169 0.3927382854100106 0.6651690628328009 0.3922058040468584 0.6674986687965921 0.39393636847710334 0.6678980298189563 0.3967318956336528 0.667232428115016 0.3996605431309904
0 0.6716253993610224 0.40937832800851975 0.669229233226837 0.4091786474973376 0.6669661874334398 0.4074480830670926 0.6661009052183174 0.4055843982960597 0.6661009052183174 0.40325479233226835 0.6677649094781682 0.40132454739084134 0.6698948349307775 0.400725505857295 0.6726238019169329 0.40092518636847707 0.6742878061767837 0.40378727369542067 0.6740215654952076 0.4067824813631523 0.672890042598509 0.4094448881789138
0 0.6611754526091587 0.4125732161874334 0.663438498402556 0.4095780085197018 0.6663671458998934 0.4096445686900958 0.6691626730564431 0.41117545260915866 0.6701610756123535 0.41516906283280086 0.669096112886049 0.41783146964856227 0.6664337060702875 0.4192957933972311 0.663771299254526 0.4188298722044728 0.6620407348242812 0.4162340255591054 0.661707933972311 0.415435303514377
0 0.6538538338658147 0.41836395101171464 0.6558506389776357 0.4173655484558041 0.659977369542066 0.41823083067092653 0.6610423322683706 0.42169195953141636 0.6591786474973376 0.4253527689030884 0.6561834398296059 0.4260849307774228 0.6524560702875399 0.4242212460063898 0.6516573482428115 0.42175851970181044 0.6527223109691161 0.41996139510117153
