0 0.7153075822603719 0.7993562231759656 0.7170064377682404 0.7956008583690986 0.7208512160228898 0.7945278969957081 0.725143061516452 0.7970314735336195 0.7245171673819742 0.8022174535050071 0.7214771101573677 0.8048998569384834 0.7167381974248926 0.802843347639485
0 0.7266630901287553 0.7860336194563663 0.7281831187410586 0.7837088698140199 0.7311337625178826 0.7825464949928469 0.7342632331902718 0.7836194563662375 0.7354256080114449 0.7877324749642346 0.7341738197424892 0.7907725321888411 0.7314020028612302 0.792203147353362 0.7271995708154506 0.7910407725321889
0 0.7029685264663805 0.7888054363376252 0.7049356223175965 0.784692417739628 0.7097639484978541 0.7837982832618025 0.7131616595135908 0.7877324749642346 0.7119992846924177 0.7923819742489271 0.7096745350500715 0.794349070100143 0.7046673819742488 0.7932761087267525
0 0.714324034334764 0.7746781115879829 0.7173640915593705 0.7719062947067238 0.7222818311874105 0.773068669527897 0.7237124463519312 0.778165236051502 0.720225321888412 0.781741773962804 0.7156652360515021 0.7803111587982833
0 0.7453574744661094 0.7642757660167132 0.7466922005571032 0.7574280408542247 0.7518570102135561 0.753307799442897 0.7587047353760447 0.7530756731662024 0.764914113277623 0.7568477251624885 0.7666550603528319 0.7637534818941504 0.7649721448467965 0.7688602599814299 0.7600394614670382 0.7728644382544104 0.752669452181987 0.7739090064995356 0.7479108635097494 0.7707172701949861
0 0.7613285634118967 0.7414772727272727 0.765537317620651 0.7360058922558922 0.7714997194163861 0.7337612233445566 0.7798470819304153 0.7368476430976431 0.7827230639730639 0.7444935465768799 0.7787247474747475 0.7517185746352414 0.7724116161616162 0.7550855780022447 0.7639941077441078 0.7512275533108866
0 0.7245036101083032 0.7415012033694345 0.7290914560770158 0.7359356197352587 0.7360860409145609 0.7348074608904934 0.7421028880866426 0.7375150421179302 0.7453369434416366 0.7438327316486162 0.7429302045728038 0.7514290012033694 0.7385679903730445 0.7545126353790614 0.7310469314079423 0.7556407942238267 0.7260830324909747 0.7509025270758123
0 0.7409044715447156 0.723119918699187 0.7457825203252033 0.7164126016260163 0.7540142276422765 0.7154979674796749 0.759400406504065 0.7200711382113822 0.7615345528455286 0.7255589430894309 0.7590955284552846 0.7325711382113822 0.7548272357723579 0.7363313008130082 0.7483231707317073 0.7361280487804879 0.7421239837398376 0.733079268292683
0 0.7789126016260163 0.7200711382113822 0.7840955284552846 0.7146849593495936 0.7934451219512196 0.714380081300813 0.7997459349593496 0.7208841463414636 0.7977134146341464 0.7297256097560976 0.7920223577235773 0.735010162601626 0.7833841463414634 0.7335873983739839 0.7791158536585366 0.7283028455284554
0 0.7954776422764227 0.7010670731707317 0.8013719512195123 0.6944613821138212 0.8117378048780487 0.6942581300813009 0.816819105691057 0.7034044715447155 0.8134654471544717 0.7121443089430896 0.805640243902439 0.7159044715447156 0.7963922764227643 0.7108231707317073
0 0.7572662601626017 0.7036077235772359 0.7638719512195122 0.6966971544715447 0.7740345528455284 0.6978150406504066 0.778201219512195 0.7060467479674797 0.7752540650406504 0.713770325203252 0.7690548780487806 0.7169207317073172 0.7605182926829269 0.7138719512195123
0 0.7741361788617886 0.6838922764227643 0.780640243902439 0.6760670731707317 0.7889735772357723 0.676270325203252 0.7945630081300813 0.6820630081300814 0.7958841463414633 0.6883638211382114 0.7903963414634146 0.6960873983739839 0.783180894308943 0.6970020325203253 0.776880081300813 0.6941565040650407
0 0.6937003968253967 0.719890873015873 0.6962797619047618 0.7150297619047619 0.7024305555555556 0.7137400793650793 0.7056051587301586 0.715625 0.7075892857142857 0.7195932539682539 0.7062996031746032 0.7246527777777777 0.7022321428571427 0.7272321428571428 0.6963789682539682 0.7265376984126984
0 0.7034226190476189 0.7074900793650793 0.7079861111111111 0.7026289682539681 0.713938492063492 0.7021329365079364 0.7176091269841269 0.7058035714285714 0.7184027777777777 0.7120535714285714 0.713640873015873 0.7166170634920634 0.7088789682539681 0.7164186507936507 0.7053075396825397 0.713640873015873
0 0.7144345238095238 0.6944940476190475 0.7190972222222222 0.6896329365079364 0.7263392857142856 0.6913194444444444 0.7289186507936507 0.696875 0.7252480158730159 0.7022321428571427 0.7206845238095237 0.7040178571428571 0.7158234126984127 0.701736111111111
0 0.7362665837479271 0.6875518242122719 0.7391687396351575 0.6814365671641791 0.7453876451077944 0.6773942786069652 0.7531612769485904 0.6783271144278608 0.7582400497512438 0.6856861525704809 0.7551305970149254 0.6964655887230514 0.7492226368159204 0.6990567993366501 0.7426927860696517 0.6972947761194029 0.7391687396351575 0.6957400497512438
0 0.7540428321678322 0.6661931818181819 0.7575393356643356 0.6607298951048951 0.7630754662004663 0.6583260489510491 0.7707969114219114 0.6601471445221445 0.7744391025641025 0.6656104312354313 0.7742205710955712 0.6725305944055945 0.7707240675990678 0.6769012237762239 0.7651150932400933 0.6790865384615384 0.757029428904429 0.6765370046620046 0.7549898018648019 0.6730405011655012
0 0.731971153846154 0.6586902680652681 0.7375072843822844 0.6537368881118882 0.744208916083916 0.6539554195804196 0.7483610139860141 0.6584717365967367 0.7474868881118882 0.6648091491841491 0.7439903846153847 0.6677229020979021 0.7389641608391609 0.6685970279720281 0.7340836247086248 0.6659746503496503
0 0.7445002913752914 0.6455783799533799 0.7489437645687647 0.6398237179487181 0.7554997086247086 0.6393138111888113 0.7602345571095571 0.6439029720279721 0.7601617132867132 0.6496576340326341 0.7557182400932402 0.6546838578088577 0.7493808275058276 0.6545381701631702 0.7457386363636365 0.6507502913752914
0 0.7409099842767296 0.6312401729559748 0.7439563679245282 0.6286851415094339 0.7476906446540881 0.6292747641509433 0.7492629716981132 0.6326159591194969 0.7476906446540881 0.6364485062893082 0.7437598270440251 0.6368415880503144 0.7414013364779873 0.6349744496855345
0 0.7645670572916666 0.615234375 0.7657063802083334 0.6126302083333334 0.769775390625 0.6106770833333334 0.7732747395833334 0.612548828125 0.7742513020833334 0.6180826822916666 0.7704264322916666 0.62060546875 0.7682291666666666 0.6206868489583334 0.7659505208333334 0.6188151041666666
0 0.7720540364583334 0.6067708333333334 0.7742513020833334 0.60302734375 0.77783203125 0.60205078125 0.7808430989583334 0.6039225260416666 0.7826334635416666 0.6085611979166666 0.7784016927083334 0.6126302083333334 0.7730305989583334 0.61083984375
0 0.788486578525641 0.6041917067307693 0.7913912259615384 0.6016877003205128 0.795547876602564 0.6018880208333334 0.7984525240384615 0.6047926682692307 0.7972506009615384 0.6095002003205128 0.7936448317307692 0.6118038862179487 0.7894381009615384 0.6102514022435896 0.7882862580128205 0.6077473958333334
0 0.7796724759615384 0.5973808092948717 0.7827774439102565 0.5942758413461537 0.7869841746794872 0.5941256009615384 0.789638421474359 0.5972305689102564 0.7890875400641025 0.6014372996794871 0.7858323317307692 0.6035907451923076 0.7811748798076924 0.6021384214743589
0 0.8031783468104222 0.5890610961365678 0.8046945193171607 0.586590296495957 0.8076145552560647 0.5851864330637917 0.8103661275831087 0.5866464510332434 0.8118261455525606 0.5892857142857143 0.8105345911949685 0.5923180592991913 0.8079514824797843 0.5943396226415094 0.8045822102425876 0.5932726864330637
0 0.5649671052631579 0.5672149122807018 0.5667763157894737 0.5644736842105263 0.5694627192982455 0.5636513157894737 0.5721491228070176 0.5645833333333333 0.5732456140350877 0.5667214912280701 0.5728070175438597 0.5696820175438596 0.5713815789473684 0.5708881578947368 0.5688048245614035 0.5717653508771929 0.5668859649122806 0.5710526315789473
0 0.5745614035087718 0.5652412280701754 0.5756578947368421 0.5634320175438596 0.5782894736842105 0.5630482456140351 0.5798245614035088 0.5637061403508772 0.5809210526315789 0.5663377192982456 0.5794956140350876 0.5692434210526316 0.5761513157894737 0.5694627192982455 0.5750548245614034 0.5679824561403509
0 0.5793859649122807 0.5606359649122806 0.5805372807017544 0.5587719298245614 0.5825109649122806 0.5573464912280701 0.584375 0.5578399122807017 0.5858004385964912 0.5603618421052631 0.5847587719298246 0.5635964912280701 0.5819627192982456 0.5642543859649123 0.5802083333333333 0.562828947368421
0 0.5843201754385965 0.5551535087719298 0.5861293859649123 0.5527960526315789 0.5885964912280701 0.5527412280701754 0.5905701754385965 0.5543311403508772 0.590625 0.5576206140350877 0.587719298245614 0.5590460526315789 0.5848684210526316 0.5581688596491229
0 0.5762609649122806 0.550219298245614 0.5779057017543859 0.5477521929824561 0.5802083333333333 0.5469298245614035 0.5832236842105263 0.5478070175438596 0.5842105263157895 0.5513157894736842 0.5824013157894737 0.5540570175438596 0.5794956140350876 0.5547149122807017 0.5773574561403508 0.553563596491228
0 0.5693530701754386 0.5574013157894737 0.5703947368421052 0.5548793859649123 0.5739035087719297 0.5536184210526316 0.5768092105263158 0.5554276315789473 0.5774122807017543 0.5582236842105263 0.5758771929824562 0.5604166666666667 0.5736842105263158 0.5614583333333333 0.5709429824561404 0.5605263157894737
0 0.562828947368421 0.5512061403508771 0.5637609649122807 0.5483552631578947 0.566611842105263 0.5474780701754386 0.5697368421052631 0.5487390350877193 0.5703947368421052 0.5514802631578947 0.5695723684210526 0.5538377192982455 0.5666666666666667 0.5552631578947368 0.5643640350877193 0.5551535087719298
0 0.5211711711711712 0.5752252252252251 0.5225225225225225 0.5731418918918918 0.5249436936936936 0.5726914414414414 0.5265202702702703 0.574268018018018 0.5268018018018017 0.5766328828828828 0.5249436936936936 0.5787725225225224 0.5220157657657657 0.5782657657657657
0 0.5160472972972973 0.5801801801801801 0.5177364864864864 0.5780405405405405 0.5198198198198198 0.5777590090090089 0.5218468468468468 0.5793918918918919 0.5220157657657657 0.5821509009009008 0.5201576576576576 0.584009009009009 0.5176801801801801 0.5829391891891892
0 0.5262387387387387 0.5676238738738739 0.527759009009009 0.5648085585585585 0.5296734234234234 0.5634009009009009 0.5324887387387387 0.5641328828828828 0.5342342342342342 0.5670608108108107 0.5329954954954955 0.5702702702702702 0.5299549549549549 0.5707207207207207 0.5271959459459459 0.5699324324324324
0 0.5333333333333333 0.5592342342342342 0.5350225225225225 0.5570382882882883 0.5375563063063062 0.5571509009009009 0.54009009009009 0.5581644144144144 0.5407094594594595 0.5618243243243243 0.538231981981982 0.5647522522522522 0.5341779279279278 0.5642454954954955 0.5327702702702702 0.5619932432432432
0 0.5390765765765766 0.5537725225225225 0.540822072072072 0.5511824324324324 0.5448198198198198 0.5501126126126126 0.5474099099099099 0.5531531531531532 0.5458896396396395 0.5574887387387387 0.5426801801801802 0.5586148648648649 0.5394144144144144 0.5566441441441441
0 0.5465090090090089 0.5425675675675675 0.5494932432432432 0.5395833333333333 0.5537725225225225 0.5398085585585585 0.5566441441441441 0.5431869369369369 0.5552927927927928 0.5477477477477477 0.5513513513513513 0.5497184684684684 0.5471846846846846 0.5475225225225224
0 0.554954954954955 0.5342905405405406 0.5577139639639639 0.530518018018018 0.5636824324324323 0.5318693693693693 0.5648648648648649 0.5360923423423423 0.5626689189189189 0.5398648648648648 0.5599662162162161 0.5407657657657657 0.5552927927927928 0.5386261261261261
0 0.4968180600214362 0.5658829046087889 0.4991626473740621 0.5607248124330119 0.5043207395498391 0.5577103429796356 0.5091438906752411 0.5574423901393355 0.5141010182207931 0.5605908360128616 0.516244640943194 0.5648780814576636 0.5159766881028939 0.5711079849946411 0.5134311361200429 0.5747253483386925 0.5093448553054662 0.5770699356913184 0.5027800107181137 0.5766680064308682 0.498961682743837 0.5735195605573419 0.4970860128617363 0.5699691854233655
0 0.5146410579345089 0.5473866498740553 0.5152707808564232 0.542296389588581 0.5191015952980689 0.5380457598656591 0.523772040302267 0.5361565910999159 0.5300692695214106 0.5375209907640637 0.5333228379513014 0.5423488664987406 0.5343198992443325 0.5477015113350125 0.5319584382871536 0.5531066330814441 0.5259760705289672 0.5563602015113349 0.5176847187237615 0.5542086481947943
0 0.5375948766603416 0.5345113851992409 0.5390970904490828 0.5318232131562302 0.5419433902593296 0.5307558507273877 0.545382669196711 0.5311511701454775 0.5476755218216319 0.5337998102466792 0.547477862112587 0.5373181530676786 0.5449082858950032 0.5401249209361164 0.5422991777356103 0.5407574320050601 0.5382273877292852 0.5390575585072739
0 0.5460151802656547 0.5251027830487034 0.5490591397849462 0.5221378874130297 0.5529728020240353 0.5222960151802657 0.5561748893105629 0.5253399746995572 0.5550284629981025 0.5302024035420619 0.5519054395951929 0.532376660341556 0.5476359898798229 0.5313092979127135 0.5463709677419355 0.5285815939278937
0 0.5287792536369387 0.5260515496521189 0.5315860215053764 0.5230471220746363 0.5360135989879823 0.5230866540164453 0.53882036685642 0.5264864010120177 0.5377925363693865 0.5309139784946236 0.5346299810246679 0.5324952561669829 0.5312302340290955 0.5318627450980392 0.5293327008222645 0.5302024035420619
0 0.5371204933586338 0.5169592030360531 0.5407969639468692 0.5137571157495257 0.5449082858950032 0.5143896268184693 0.54735926628716 0.5178684376976597 0.5459361163820367 0.5218611638203668 0.5418643263757116 0.5235610373181531 0.5384250474383302 0.5218216318785578 0.5373972169512966 0.5200426944971537
0 0.48656472684085517 0.530062351543943 0.4886431116389549 0.5250148456057007 0.4927998812351544 0.5221446951702297 0.4994309184481393 0.5220457244655582 0.5031918052256532 0.5251138163103721 0.5053691607284243 0.5290726444972288 0.5046268804433888 0.5333283847980997 0.5037856294536818 0.5369408155186065 0.5006185669041963 0.5392666270783848 0.4966597387173397 0.5408501583531276 0.49156274742676165 0.5391181710213776 0.4879998020585906 0.5363469912905781
0 0.5045244107744108 0.511118125701459 0.5074003928170595 0.5042438271604939 0.5146254208754208 0.5005962401795735 0.5214295735129069 0.5027006172839507 0.5246562850729518 0.5076809764309764 0.525287598204265 0.5130822109988777 0.5231130751964086 0.5175715488215489 0.5175715488215489 0.5198162177328844 0.5118195847362514 0.5198863636363636 0.5069093714927049 0.5166596520763188
0 0.525703044375645 0.46687951496388036 0.5283475232198143 0.4639770381836945 0.5311210010319918 0.4639770381836945 0.5339589783281734 0.46636351909184726 0.5329269865841074 0.4705559855521156 0.5295730134158927 0.47178147574819407 0.5265415376676986 0.470233488132095
0 0.5331849845201239 0.47410345717234265 0.5365389576883385 0.47132997936016513 0.5392479360165119 0.4719104747162023 0.5411829205366357 0.47339396284829727 0.541311919504644 0.47694143446852433 0.5384739422084623 0.4797794117647059 0.5346039731682146 0.47900541795665635
0 0.6329134366925064 0.22666343669250646 0.6342861757105943 0.22076873385012916 0.6382428940568475 0.21648901808785528 0.6461563307493541 0.2164082687338501 0.6502745478036176 0.21931524547803613 0.6531007751937985 0.22545219638242894 0.6510012919896642 0.232235142118863 0.6456718346253231 0.23570736434108525 0.6383236434108527 0.23546511627906977 0.6346899224806202 0.23183139534883718
0 0.6515665374677003 0.20276162790697674 0.6564114987080104 0.1962209302325581 0.664405684754522 0.19549418604651161 0.6707041343669251 0.200985142118863 0.6724806201550387 0.20607235142118863 0.6687661498708011 0.2137435400516796 0.6631136950904394 0.21713501291989662 0.6550387596899224 0.21471253229974158 0.6519702842377261 0.20994832041343667
0 0.6137758397932817 0.20970607235142116 0.619266795865633 0.20324612403100772 0.6295219638242894 0.20364987080103356 0.631217700258398 0.21164405684754517 0.6306524547803618 0.21713501291989662 0.6254037467700259 0.22020348837209303 0.6204780361757106 0.21939599483204134 0.6160368217054264 0.2164082687338501
0 0.6312984496124031 0.18911498708010333 0.6367894056847545 0.18427002583979327 0.6430071059431525 0.1849967700258398 0.6476905684754523 0.18903423772609818 0.6489018087855297 0.19533268733850126 0.6442183462532299 0.200985142118863 0.6376776485788114 0.20122739018087857 0.6329134366925064 0.199047157622739
0 0.6472868217054264 0.18047480620155038 0.6516472868217055 0.17377260981912143 0.659156976744186 0.17215762273901808 0.6649709302325582 0.1780523255813953 0.6650516795865633 0.18588501291989662 0.6593184754521965 0.1901647286821705 0.6541505167958657 0.18992248062015502 0.6492248062015503 0.1866117571059431
0 0.4855808702791462 0.3815168308702792 0.48886494252873564 0.37535919540229895 0.49491995073891626 0.37340927750410513 0.501282840722496 0.37751436781609193 0.5023091133004927 0.38428776683087035 0.4976908866995074 0.3904454022988506 0.4911227422003284 0.390958538587849 0.488454433497537 0.38859811165845654
0 0.42975504322766567 0.37103746397694526 0.43197646493756 0.3668347742555235 0.4359990393852065 0.36443323727185395 0.44194284341978857 0.36707492795389046 0.44266330451488944 0.37391930835734866 0.4396013448607108 0.3766810758885687 0.43443804034582123 0.378001921229587 0.4314961575408261 0.37548030739673394
0 0.3928571428571429 0.3588935574229692 0.3983718487394959 0.35477941176470595 0.40808823529411764 0.35661764705882354 0.40983893557422973 0.36432072829131656 0.40616246498599445 0.3695728291316527 0.3983718487394959 0.37254901960784315 0.39460784313725494 0.3695728291316527 0.3932948179271709 0.364670868347339
0 0.4410177595628415 0.3819330601092896 0.44347677595628415 0.37906420765027327 0.44579918032786886 0.37824453551912574 0.4501707650273224 0.3794057377049181 0.4519467213114754 0.3822745901639345 0.450922131147541 0.38705601092896175 0.4459357923497268 0.38931010928961757 0.4425887978142076 0.38719262295081974
0 0.4620560109289617 0.36226092896174866 0.4631489071038251 0.3595969945355192 0.4660860655737704 0.35843579234972683 0.4689549180327868 0.3602800546448088 0.46991120218579235 0.36287568306010937 0.4684767759562842 0.3663592896174864 0.4654030054644808 0.3669057377049181 0.46260245901639346 0.36506147540983613
0 0.4091188524590164 0.3466188524590164 0.4132855191256831 0.34074453551912576 0.4197062841530055 0.33944672131147546 0.4255806010928962 0.3428620218579235 0.4268101092896175 0.3495560109289618 0.4235997267759563 0.3557718579234973 0.41813524590163936 0.3578210382513662 0.4110997267759563 0.3538592896174864
0 0.4560601518784972 0.35159372501998404 0.45845823341326936 0.3487959632294165 0.46155575539568344 0.3485961231015187 0.46335431654676257 0.3498451239008793 0.46450339728217427 0.3527428057553956 0.4632044364508393 0.35574040767386095 0.4601069144684252 0.3571892486011191 0.4579586330935252 0.3552408073541167
0 0.4632543964828137 0.34609812150279773 0.4649030775379696 0.3437000399680256 0.4671013189448441 0.3427008393285372 0.4688499200639489 0.3437000399680256 0.4701488808952838 0.34574840127897677 0.4689998001598721 0.3492456035171862 0.46675159872102323 0.35024480415667464 0.4638539168665068 0.3489958033573141
0 0.46835031974420466 0.3408023581135092 0.4694994004796163 0.3381045163868905 0.47209732214228617 0.33745503597122306 0.47404576338928855 0.33880395683453235 0.47499500399680256 0.3412020383693045 0.4735961231015187 0.34409972022382096 0.47139788169464425 0.34469924060751395 0.46904976019184647 0.34340027977617904
0 0.4687999600319744 0.35259292565947237 0.47159772182254195 0.34894584332533973 0.47459532374100716 0.3480465627498001 0.4781424860111911 0.34964528377298154 0.4797911670663469 0.3530425659472422 0.4786920463629097 0.35688948840927254 0.47579436450839324 0.3590377697841726 0.4706984412470024 0.3577388089528377
0 0.4778427258193445 0.3439998001598721 0.47939148681055155 0.3409522382094325 0.48248900879296563 0.33955335731414865 0.486335931254996 0.3403527178257394 0.4882843725019984 0.3442496003197442 0.4877348121502798 0.3481964428457234 0.48453737010391684 0.3505945243804956 0.48014088729016785 0.34964528377298154 0.4778427258193445 0.3467476019184652
0 0.47414568345323743 0.3352068345323741 0.47584432454036774 0.33170963229416467 0.4784422462030376 0.3310601518784972 0.4808902877697842 0.33260891286970423 0.4814898081534772 0.33600619504396484 0.477892685851319 0.3381045163868905 0.4754946043165468 0.33710531574740205
0 0.48178956834532377 0.3291616706634692 0.4836380895283773 0.32701338928856916 0.48788469224620307 0.32706334932054354 0.4890837330135891 0.32981115107913667 0.48818445243804953 0.3329586330935252 0.48543665067945646 0.33460731414868106 0.4821892486011191 0.33285871302957637
0 0.48813449240607515 0.3357563948840927 0.49008293365307753 0.3332583932853717 0.4937300159872102 0.33280875299760193 0.4965777378097522 0.3349070743405276 0.49722721822541965 0.3377048361310951 0.4944794164668265 0.3411021183053557 0.49123201438848924 0.34115207833733013 0.4889338529176659 0.339353517186251
0 0.5029653284671532 0.3122718978102191 0.5044860097323601 0.30778588807785895 0.5080596107055961 0.3042883211678833 0.5133059610705596 0.30474452554744524 0.5177919708029197 0.3073296836982969 0.5190845498783455 0.31211982968369834 0.5170316301703163 0.31797445255474455 0.5127737226277372 0.3205596107055962 0.507147201946472 0.3200273722627738 0.5038777372262774 0.31607360097323606
0 0.5157390510948905 0.29607664233576647 0.5211374695863746 0.29037408759124095 0.5293491484184915 0.2919708029197081 0.5323905109489051 0.29774939172749393 0.5309458637469586 0.3025395377128954 0.528132603406326 0.3060371046228711 0.5239507299270073 0.3064172749391728 0.5184762773722628 0.30542883211678834 0.5163473236009732 0.3018552311435524
0 0.4441853233830846 0.3113080431177446 0.44563640132669985 0.3044672470978442 0.45040422885572146 0.3004249585406302 0.45724502487562196 0.3014614427860697 0.46273839137645106 0.3052964344941957 0.4631529850746269 0.31172263681592044 0.45900704809286896 0.31897802653399676 0.453202736318408 0.3202218076285241 0.4465692371475954 0.3175269485903815
0 0.3799742509363295 0.35246956928838946 0.3807935393258427 0.3503043071161049 0.3840121722846442 0.34913389513108606 0.3854751872659176 0.35053838951310856 0.38664559925093633 0.352001404494382 0.38582631086142316 0.35562968164794 0.3826076779026217 0.356624531835206 0.38091058052434457 0.35568820224719094
0 0.38582631086142316 0.3468515917602996 0.38723080524344566 0.3449204119850187 0.3888108614232209 0.3439840823970037 0.39044943820224715 0.3439840823970037 0.392439138576779 0.34562265917602997 0.3925561797752809 0.34860720973782766 0.3909176029962546 0.35053838951310856 0.3886938202247191 0.35106507490636696 0.3865285580524344 0.34971910112359544
0 0.3913857677902621 0.3407069288389513 0.39378511235955055 0.3380735018726592 0.3975304307116104 0.33813202247191015 0.39934456928838946 0.3404143258426966 0.3975304307116104 0.34474485018726586 0.3950140449438202 0.3453885767790262 0.39267322097378277 0.3441011235955056
0 0.37441479400749067 0.3451544943820225 0.37652153558052426 0.3425795880149813 0.3799742509363295 0.34339887640449435 0.3810861423220973 0.345564138576779 0.37985720973782766 0.34854868913857673 0.3779845505617977 0.3495435393258427 0.3752926029962546 0.34819756554307113 0.3743562734082397 0.34585674157303364
0 0.3799157303370786 0.34035580524344566 0.38149578651685395 0.33813202247191015 0.3845388576779026 0.3383075842696629 0.38588483146067415 0.33994616104868913 0.38606039325842695 0.3424625468164794 0.3843047752808988 0.3438670411985018 0.38172986891385763 0.3433403558052434 0.380500936329588 0.3424040262172285
0 0.4772529575504523 0.2736169102296451 0.4795581071677105 0.27122477383437715 0.4827331245650661 0.27009394572025053 0.4856906750173974 0.27174669450243566 0.4874739039665971 0.2741823242867084 0.48756089074460685 0.2775313152400835 0.4852992345163535 0.2802713987473904 0.4814718162839248 0.2811412665274878 0.47868823938761307 0.27961899791231737 0.47660055671537926 0.2776183020180933
0 0.48434237995824636 0.2829244954766875 0.48773486430062635 0.2807933194154488 0.49160577592205984 0.28248956158663885 0.4925626304801671 0.28575156576200417 0.4911273486430063 0.288187195546277 0.48764787752261657 0.28918754349338904 0.48495128740431453 0.2875347947112039
0 0.46529227557411273 0.2889265831593598 0.467249478079332 0.2847512178148921 0.4726861517049409 0.28257654836464857 0.4768180236604036 0.28383785664578987 0.47912317327766174 0.2875782881002088 0.47973208072373 0.2915361864996521 0.47668754349338904 0.295276617954071 0.47433890048712596 0.29658141962421714 0.4684237995824635 0.29623347251217813 0.4659011830201809 0.2923190675017397
0 0.4501613355780023 0.2644149831649832 0.45317760942760943 0.2566287878787879 0.45991666666666664 0.2536666666666667 0.4662948933782267 0.25592732884399555 0.46875 0.2598554994388328 0.4691007295173962 0.26799242424242425 0.4646113916947251 0.27304292929292934 0.4582982603815937 0.2739548260381594 0.45345819304152635 0.2718504489337823
0 0.37284196547144766 0.3153220451527225 0.3751660026560426 0.31349601593625503 0.3772410358565738 0.3130810092961488 0.3807270916334662 0.3149900398406375 0.3803950863213812 0.31797808764940244 0.3772410358565738 0.32021912350597614 0.3748339973439576 0.32005312084993365
0 0.3862881806108898 0.28635458167330685 0.3875332005312086 0.2841965471447544 0.3915172642762285 0.28411354581673315 0.3930942895086322 0.28660358565737054 0.3935922974767597 0.289093625498008 0.39043824701195223 0.29125166002656044 0.3872011952191235 0.2899236387782205 0.3857901726427624 0.28884462151394424
0 0.39176626826029226 0.27979747675962824 0.3937583001328022 0.2778884462151395 0.39765936254980083 0.2774734395750333 0.39890438247011956 0.2792164674634795 0.39907038512616205 0.28228751660026563 0.3970783532536521 0.2851925630810093 0.3946713147410359 0.28510956175298807 0.3927622841965472 0.2835325365205844 0.39135126162018596 0.2805444887118194
0 0.39774236387782214 0.27348937583001337 0.4003984063745021 0.2717463479415671 0.40413346613545825 0.2717463479415671 0.40595949535192566 0.27390438247011956 0.4057104913678619 0.27739043824701204 0.4023074369189908 0.27905046480743695 0.3986553784860558 0.27855245683930946
0 0.4036354581673307 0.2668492695883135 0.40687250996015945 0.2647742363877823 0.4111055776892431 0.26560424966799473 0.4124335989375831 0.2683432934926959 0.4115205843293493 0.27075033200531207 0.40969455511288183 0.2727423638778221 0.4073705179282869 0.2725763612217796 0.40504648074369193 0.2714973439575034
0 0.4304142441860465 0.24031007751937986 0.43320009689922484 0.23722141472868222 0.43653100775193804 0.23758478682170542 0.4381661821705427 0.24012839147286827 0.4382873062015504 0.2432170542635659 0.43592538759689925 0.24515503875968989 0.4323522286821706 0.2444888565891473
0 0.43725775193798455 0.2337088178294574 0.43937742248062023 0.23116521317829458 0.443374515503876 0.23164970930232556 0.44500968992248063 0.2346778100775194 0.4428294573643411 0.2381904069767442 0.43974079457364346 0.23794815891472865 0.4376816860465116 0.23679748062015504
0 0.4439801356589148 0.22650193798449617 0.4459786821705427 0.22504844961240308 0.448764534883721 0.2249273255813953 0.45003633720930236 0.2258963178294574 0.4512475775193799 0.2281976744186047 0.4497940891472869 0.23110465116279072 0.44840116279069764 0.2318919573643411 0.44555474806201556 0.2317102713178295 0.4442829457364342 0.23049903100775196
0 0.1707569808027923 0.5800065445026178 0.1720113438045375 0.5770615183246073 0.1737565445026178 0.5759707678883071 0.17719240837696335 0.5756980802792321 0.17942844677137867 0.5782068062827225 0.1795920593368237 0.5820244328097731 0.1762652705061082 0.5845876963350786 0.17244764397905757 0.5837150959860383
0 0.16050392670157068 0.5819698952879581 0.1634489528795811 0.5788612565445026 0.1667757417102967 0.5786431064572425 0.16912085514834205 0.581151832460733 0.16939354275741708 0.5840968586387434 0.16770287958115182 0.5869328097731238 0.16552137870855146 0.587750872600349 0.16279450261780107 0.5862238219895287
0 0.15166884816753928 0.5842059336823734 0.1530868237347295 0.5824061954624782 0.156413612565445 0.5818608202443281 0.1594131762652705 0.5836060209424083 0.1594677137870855 0.5872600349040139 0.15772251308900523 0.5901505235602094 0.1550501745200698 0.5910231239092495 0.15199607329842932 0.5890052356020942 0.1512870855148342 0.5870418848167538
0 0.6697226603575185 0.8021490536277603 0.6709713459516299 0.8005717665615142 0.6723514721345952 0.7995859621451106 0.6747831230283912 0.799125920084122 0.6769518927444795 0.8009660883280757 0.6775433753943217 0.8036606203995795 0.6766890115667719 0.8062237118822293 0.6736658780231336 0.8068809148264984 0.6714971083070452 0.8067494742376446 0.6707084647739222 0.8055007886435331
0 0.6688682965299685 0.7981401156677181 0.6659766035751841 0.7976143533123028 0.6640049947423765 0.7952484227129338 0.6640049947423765 0.7924881703470033 0.6655822818086226 0.7899250788643535 0.6690654574132493 0.7890707150368034 0.6720885909568876 0.7909766035751841 0.6728772344900106 0.7934082544689801 0.6723514721345952 0.7959056256572029 0.6712342271293376 0.7976800736067298
0 0.6812162618083671 0.7995107962213226 0.6796980431848854 0.799890350877193 0.6778424426450743 0.7993842780026991 0.6760711875843455 0.7977395411605938 0.6761133603238867 0.7955465587044536 0.6768724696356275 0.7940283400809717 0.6785172064777328 0.7926366396761133 0.6813006072874495 0.792763157894737 0.6829031713900136 0.7941970310391363 0.6837044534412956 0.7963056680161944 0.6826501349527665 0.7979925775978407
0 0.6861504723346828 0.7932270580296895 0.6842526990553306 0.7931005398110662 0.6823127530364373 0.7914979757085021 0.6815536437246964 0.7896002024291499 0.6824392712550608 0.7874072199730093 0.6840418353576249 0.7858046558704452 0.6865721997300945 0.7855937921727395 0.6891447368421053 0.7874072199730093 0.6896508097165992 0.7902327935222672 0.688259109311741 0.792257085020243
0 0.6767769607843137 0.7895220588235293 0.6749387254901961 0.7896971288515405 0.6727065826330532 0.7886904761904762 0.6713497899159664 0.7871148459383752 0.6710434173669467 0.7854516806722689 0.6711747198879552 0.783263305322129 0.6722689075630252 0.7820378151260505 0.6745448179271708 0.7806372549019609 0.6777398459383753 0.7816439075630252 0.6796656162464986 0.7841824229691877 0.6794467787114846 0.7868084733893558 0.6784401260504201 0.7884716386554622
0 0.6611957282913165 0.7906600140056023 0.6597514005602241 0.7907475490196079 0.6573879551820728 0.7895658263305322 0.6559873949579832 0.7879026610644259 0.6559873949579832 0.7853641456582633 0.6568627450980392 0.7837447478991596 0.6589635854341737 0.781906512605042 0.6608893557422969 0.7822128851540616 0.6629026610644257 0.783000700280112 0.664390756302521 0.784970238095238 0.6642594537815125 0.7876838235294117 0.6636904761904762 0.7896971288515405
0 0.6678483893557423 0.7826067927170869 0.6660976890756303 0.7824317226890756 0.6638217787114846 0.7813813025210085 0.6628151260504201 0.77906162464986 0.6629026610644257 0.7769170168067228 0.6644782913165266 0.7747724089635856 0.6668417366946778 0.7737219887955182 0.6706057422969187 0.7749037114845939 0.6719625350140056 0.7777923669467787 0.6706932773109243 0.7813375350140057
0 0.6549528301886793 0.7830974842767295 0.6525550314465408 0.783687106918239 0.6498427672955974 0.7832547169811321 0.6481132075471697 0.7813679245283018 0.6475235849056603 0.7794811320754716 0.6479166666666667 0.777633647798742 0.649253144654088 0.7757861635220125 0.6511399371069183 0.7748427672955974 0.6546383647798741 0.7755110062893082 0.6561320754716982 0.7773584905660378 0.6561320754716982 0.7803852201257861
0 0.6588443396226416 0.7754323899371068 0.6566430817610063 0.7749213836477988 0.6555817610062894 0.7739779874213836 0.6549528301886793 0.7724842767295597 0.6546776729559749 0.7699292452830188 0.6556996855345912 0.7681603773584906 0.6575864779874213 0.7669025157232704 0.660377358490566 0.7669811320754718 0.6623820754716981 0.7681996855345913 0.6633647798742138 0.7703616352201258 0.6629716981132076 0.7731525157232704 0.6615959119496855 0.7748820754716981
0 0.6477987421383647 0.7744496855345911 0.6463443396226416 0.7762971698113207 0.6431603773584906 0.7764544025157233 0.6409198113207547 0.7757075471698113 0.6396619496855345 0.774056603773585 0.6393474842767296 0.771383647798742 0.6401729559748427 0.7692216981132075 0.6427672955974842 0.7677279874213836 0.6459512578616352 0.7681210691823899 0.6474056603773585 0.7699685534591195 0.6482704402515723 0.7724056603773585
0 0.6513364779874213 0.7685927672955974 0.6490172955974842 0.7679638364779875 0.6470518867924528 0.7667059748427674 0.6462264150943396 0.7642688679245284 0.6466981132075472 0.7617924528301887 0.6481918238993711 0.7602987421383648 0.6506682389937107 0.7593946540880503 0.6539308176100629 0.7607704402515723 0.6552279874213836 0.7637578616352202 0.6550314465408805 0.766312893081761 0.6532625786163522 0.7681210691823899
0 0.6919855746304244 0.7722490462565569 0.6928797091082498 0.7709376490224129 0.6951150453028136 0.7695964473056747 0.697499403910348 0.7697752742012398 0.6999135670004769 0.7716529566046734 0.700450047687172 0.7739180972818311 0.6999433714830711 0.7765408917501192 0.6984829518359561 0.778001311397234 0.6962476156413925 0.7787166189794944 0.693386385312351 0.7778820934668573 0.6922240104911779 0.7766601096804959 0.6914192894611348 0.7747228183118741
0 0.6824336128581411 0.7669898672257163 0.6826956673654787 0.7648060796645701 0.6840932914046122 0.7624039133473096 0.6860587002096437 0.7617924528301886 0.6885918937805731 0.7617924528301886 0.6906446540880503 0.7631027253668763 0.69138714185884 0.7662037037037037 0.6907756813417191 0.768824248777079 0.689159678546471 0.7703529000698812 0.6878057302585605 0.7706149545772188 0.6855782669461915 0.7706149545772188 0.6838312368972747 0.7697851153039832
0 0.7026554856743537 0.7693046820405312 0.7006027253668763 0.768256464011181 0.6994671558350803 0.7661600279524808 0.6995108315863032 0.7639325646401118 0.7012141858839972 0.7612246680642907 0.7044025157232704 0.760482180293501 0.7069357092941998 0.7615740740740741 0.7082896575821104 0.7634521313766597 0.7080276030747729 0.7663784067085954 0.7069793850454228 0.7687368972746331 0.7042714884696016 0.7696540880503144
0 0.6753122669649516 0.7617682699478002 0.6726556674123788 0.7624207680835198 0.6693465697240866 0.7612555928411634 0.6679949664429531 0.759204884414616 0.6682746085011186 0.7558957867263237 0.6699058538404177 0.753798471290082 0.6738208426547353 0.7533790082028338 0.6757783370618942 0.7542645413870247 0.6770367263236391 0.7562686428038777 0.6771299403430276 0.759018456375839
0 0.6813245712155108 0.7500699105145414 0.6792738627889635 0.7488115212527965 0.6772697613721104 0.7466209917971663 0.6769901193139448 0.7441042132736764 0.6780620805369127 0.74042225950783 0.6805788590604027 0.7388376211782253 0.6844472408650262 0.738977442207308 0.687476696495153 0.7414476137211037 0.6884088366890381 0.7448965324384788 0.6872436614466816 0.7491377703206563 0.6847268829231917 0.7505825876211782
0 0.6645926547352722 0.750349552572707 0.662914802386279 0.7512350857568979 0.6597921327367637 0.7515147278150635 0.6571821401938852 0.750535980611484 0.655877143922446 0.7481124161073825 0.6555975018642805 0.7447101043997019 0.6569957121551081 0.7419602908277405 0.6592794556301268 0.7407485085756899 0.663101230425056 0.740608687546607 0.6651519388516033 0.7423797539149889 0.666363721103654 0.7455490305741984 0.6662705070842656 0.7479725950782998
0 0.6717235272184937 0.7372995898583148 0.6696728187919464 0.736973340790455 0.6671094332587622 0.7359945935868755 0.6663171140939598 0.7335244220730798 0.666736577181208 0.730308538404176 0.6699990678598061 0.7283976510067114 0.6727022744220731 0.7287239000745712 0.6751258389261745 0.7307746085011186 0.6754986950037286 0.7337108501118569 0.6745665548098434 0.7360412005965697 0.6723294183445191 0.7372063758389262
0 0.7155198317307692 0.7396083733974358 0.7130158253205128 0.7400090144230769 0.7089092548076923 0.7394581330128205 0.7079076522435896 0.7383563701923076 0.7059044471153846 0.7356019631410255 0.7060046073717948 0.7321965144230769 0.7079577323717948 0.7282401842948717 0.710762219551282 0.7270382612179487 0.7143679887820513 0.7268379407051282 0.717022235576923 0.7280398637820513 0.7196764823717948 0.7318960336538461 0.7193760016025641 0.7362530048076923 0.7177734375 0.7390574919871795
0 0.7233323317307692 0.7277393830128205 0.7204276842948717 0.7268880208333334 0.7173227163461537 0.7242337740384616 0.716220953525641 0.7197766426282051 0.718975360576923 0.7151692708333334 0.7220302483974358 0.7138671875 0.7276392227564102 0.7139673477564102 0.7311949118589743 0.718174078525641 0.7317958733974358 0.7227313701923076 0.7289413060897435 0.7258864182692307 0.7246844951923076 0.7278896233974358
0 0.6915903141361256 0.7303119546247817 0.6890270506108203 0.7313481675392669 0.6873909249563699 0.7310209424083769 0.6857002617801047 0.7297665794066317 0.6850458115183244 0.7276941535776614 0.6854275741710296 0.7256762652705061 0.68771815008726 0.7240401396160557 0.6897360383944153 0.7238765270506107 0.6922447643979057 0.725621727748691 0.6930628272251308 0.7276396160558464
0 0.6935081620314391 0.7363588270858525 0.6929035671100363 0.735477126158807 0.692374546553809 0.7344442765014108 0.6923241636436921 0.732983172108021 0.6929539500201533 0.7315472591696897 0.6938356509471988 0.7304388351471182 0.695321946795647 0.7299098145908909 0.6981685812172512 0.7304136436920597 0.6991510479645305 0.7319503224506249 0.6995541112454656 0.7340915961305925 0.698496070133011 0.7360817210802096 0.6966570939137445 0.7369634220072552 0.6952463724304716 0.7371145707376059
0 0.7021364494806421 0.6879721435316336 0.6997167138810199 0.6896246458923513 0.6983002832861189 0.689565627950897 0.6958215297450424 0.6885033050047215 0.6950542965061378 0.6867327667610954 0.6949952785646837 0.6854933899905571 0.6961756373937676 0.6830146364494807 0.6988314447592068 0.6821883852691218 0.701251180358829 0.6828966005665723 0.7026676109537299 0.6852573182247403
0 0.7069759206798867 0.6955854579792257 0.7050873465533521 0.6955264400377714 0.702962700661001 0.6944641170915958 0.7023725212464589 0.6929886685552408 0.7020184135977336 0.6912181303116147 0.7027266288951841 0.6896836638338054 0.7042610953729934 0.6886213408876298 0.7066218130311614 0.688090179414542 0.7085694050991501 0.6893295561850802 0.7094546742209632 0.6911000944287063 0.7089825306893296 0.6941100094428706
0 0.7114022662889519 0.6886213408876298 0.7097497639282342 0.687795089707271 0.7082152974504249 0.6864966949952785 0.7080382436260623 0.6848441926345609 0.7080972615675165 0.68342776203966 0.7096317280453257 0.6817752596789424 0.7130547686496694 0.6814211520302171 0.7150023607176581 0.6828966005665723 0.7156515580736543 0.6860245514636449 0.7145302171860246 0.6879721435316336 0.7122875354107648 0.6887983947119924
0 0.7066218130311614 0.6821293673276676 0.7049693106704438 0.6828966005665723 0.7023135033050046 0.6815982058545798 0.7011331444759207 0.6801227573182248 0.7010151085930122 0.6782932011331444 0.7026085930122757 0.6755783758262511 0.7054414542020774 0.6752832861189801 0.7080382436260623 0.6763456090651558 0.7091595845136921 0.6787653446647781 0.7078611898016997 0.6807719546742209
0 0.7166548630783758 0.671152030217186 0.7152974504249292 0.6713881019830028 0.7122875354107648 0.6706798866855523 0.7112252124645893 0.6693224740321058 0.7107530689329556 0.6669617563739376 0.7118153918791312 0.6651322001888574 0.7141761095372994 0.6635977337110481 0.7168319169027384 0.6645420207743153 0.7188975448536354 0.6669617563739376 0.7180122757318225 0.6698536355051936
0 0.7214943342776203 0.6647780925401322 0.7194287063267233 0.6641879131255901 0.7172450424929179 0.6624763928234183 0.7169499527856469 0.6608238904627006 0.7174811142587346 0.6588762983947121 0.7186024551463646 0.6572828139754485 0.7210221907459868 0.6567516525023607 0.7236779981114259 0.6578139754485364 0.7247993389990557 0.6605288007554296 0.7239730878186968 0.6635387157695939
0 0.8147518963337548 0.5867441002949852 0.8132242941424358 0.5863490307627476 0.8110119047619048 0.5856115676359039 0.8104061314791404 0.5841893173198484 0.8100637378845343 0.5825036873156342 0.8102217656974294 0.5804756637168141 0.8120654235145386 0.5785793299620733 0.814356826801517 0.5781842604298357 0.8164638643067846 0.5786846818373367 0.8176227349346818 0.5801332701222082 0.8187289296249474 0.582898756847872 0.8177807627475769 0.5846370627897176
0 0.8200194900969237 0.5790270754319428 0.8181231563421828 0.57847397808681 0.8168062579013907 0.5761298988621998 0.8166745680573114 0.5741808891698272 0.8175700589970502 0.5721265276021914 0.820151179941003 0.5708886430678466 0.8219158238516645 0.5711256847871892 0.8236804677623262 0.5722318794774548 0.8247339865149599 0.5738121576064055 0.8247603244837758 0.5765776443320692 0.8235487779182469 0.5785793299620733 0.8212046986936367 0.5795011588706279
0 0.8264722924568059 0.5714680783817953 0.8246813105773283 0.5709413190054784 0.8235487779182469 0.5693347029077118 0.8231273704171935 0.5665428782132321 0.8242862410450905 0.5647518963337548 0.8253134218289087 0.5638037294563844 0.8281052465233882 0.5637510535187527 0.830660029498525 0.5651469658659924 0.8316345343447112 0.5675173830594186 0.8305810155920775 0.5702301938474506 0.828974399494311 0.5711520227560051
0 0.5679000511247444 0.7380815439672801 0.5658550613496932 0.7382093558282208 0.5629153885480572 0.7379537321063394 0.5612538343558283 0.7353974948875256 0.5605508691206544 0.7327773517382413 0.5616372699386504 0.729582055214724 0.564704754601227 0.7276009713701431 0.567452709611452 0.7274731595092024 0.570584100204499 0.7293903374233129 0.5716065950920246 0.7325856339468303 0.5709675357873211 0.7361643660531698 0.5696894171779141 0.7372507668711656
0 0.5746101738241309 0.7297098670756647 0.572245654396728 0.728303936605317 0.5705201942740287 0.7272814417177914 0.5691781697341514 0.7245973926380368 0.5695616053169734 0.7214660020449898 0.5723095603271984 0.7187180470347648 0.5756326687116565 0.7183346114519428 0.5794670245398773 0.7203796012269938 0.5805534253578732 0.7233192740286298 0.5797226482617587 0.7268980061349694 0.5786362474437627 0.728495654396728
0 0.5626597648261759 0.7253003578732107 0.5597839979550103 0.7263228527607362 0.5570360429447853 0.7261950408997955 0.5551827709611452 0.7244056748466258 0.5536490286298569 0.7227441206543967 0.5537768404907976 0.7199322597137015 0.5549910531697342 0.7168647750511248 0.5588254089979551 0.7154588445807771 0.5616372699386504 0.7159700920245399 0.5636183537832311 0.7180150817995911 0.5646408486707567 0.720954754601227 0.5645130368098159 0.7239583333333334
0 0.5845794989775052 0.7182067995910021 0.5817676380368099 0.7167369631901841 0.5801699897750512 0.7145641615541923 0.5800421779141105 0.7116883946830266 0.5813202965235174 0.7089404396728017 0.5845155930470347 0.7074706032719837 0.5879665132924337 0.7082374744376279 0.590267126789366 0.7111771472392638 0.5903949386503068 0.7143724437627812 0.5888611963190185 0.7169925869120655
0 0.5703284764826176 0.7172482106339468 0.567260991820041 0.7168008691206544 0.5649603783231084 0.7143724437627812 0.5642574130879345 0.7109215235173825 0.5655994376278118 0.7075984151329244 0.5694976993865031 0.7059368609406953 0.573332055214724 0.7071510736196319 0.574993609406953 0.7092599693251533 0.5753131390593047 0.7127747955010225 0.5746740797546013 0.7154588445807771
0 0.5528821574642127 0.7162896216768917 0.5506454498977505 0.7178233640081799 0.5465554703476483 0.7162257157464212 0.5447661042944786 0.7144363496932516 0.5441909509202454 0.7113049591002045 0.5450856339468303 0.7087487218813906 0.5485365541922291 0.706448108384458 0.5519874744376279 0.7067037321063394 0.5538407464212679 0.7085570040899796 0.5547354294478527 0.7111771472392638 0.5548632413087935 0.7139251022494887
0 0.5620207055214724 0.7088765337423313 0.5594644683026585 0.7083652862985685 0.5570360429447853 0.7072788854805726 0.5551827709611452 0.7046587423312883 0.5556301124744377 0.7013995398773006 0.5577390081799591 0.6983959611451943 0.561381646216769 0.6973734662576687 0.5648964723926381 0.6996101738241309 0.5662384969325154 0.7029971881390593 0.5650242842535788 0.706448108384458
0 0.545213445807771 0.7052338957055214 0.5415708077709612 0.7047226482617587 0.5393980061349694 0.7020385991820041 0.5393980061349694 0.6994184560327199 0.5412512781186094 0.695584100204499 0.5442548568507157 0.6941781697341514 0.548344836400818 0.6950089468302658 0.5501342024539878 0.6976929959100204 0.5501342024539878 0.7006965746421268 0.5490478016359919 0.7037640593047034
0 0.5535851226993865 0.6960314417177914 0.5513484151329244 0.6952645705521473 0.5493673312883436 0.6941781697341514 0.548153118609407 0.6902160020449898 0.5495590490797546 0.6869567995910021 0.5513484151329244 0.6858064928425358 0.5549910531697342 0.6851674335378324 0.5582502556237219 0.6870207055214724 0.5588254089979551 0.689704754601227 0.5588893149284253 0.6932834867075665 0.5569082310838446 0.695392382413088
0 0.5729486196319019 0.690982873210634 0.5711592535787321 0.6904077198364008 0.5694976993865031 0.6881071063394684 0.5690503578732107 0.6851674335378324 0.5719261247443763 0.6824194785276073 0.5755048568507157 0.6828029141104295 0.578125 0.6858064928425358 0.5767829754601227 0.6894491308793457
0 0.5834930981595092 0.6991628323108384 0.5801060838445807 0.6983959611451943 0.5777415644171779 0.6960314417177914 0.5772942229038855 0.6914302147239264 0.5804895194274029 0.6879792944785277 0.5847712167689162 0.688234918200409 0.5880304192229039 0.6904716257668712 0.5879026073619632 0.6941781697341514 0.5868801124744377 0.6971178425357873
0 0.5932067995910021 0.7084291922290388 0.5909700920245399 0.7077901329243353 0.589308537832311 0.7067037321063394 0.5871357361963191 0.7045309304703476 0.5871357361963191 0.7021664110429447 0.5883499488752557 0.698907208588957 0.5912896216768917 0.697053936605317 0.5954435071574643 0.6982681492842536 0.5978080265848671 0.70127172801636 0.597424591002045 0.704594836400818 0.5958269427402864 0.707534509202454
0 0.6025370654396728 0.6987793967280164 0.5997891104294478 0.6989711145194274 0.5973606850715747 0.6973734662576687 0.5960825664621677 0.6948172290388548 0.5960825664621677 0.690982873210634 0.5994695807770961 0.6877236707566463 0.6025370654396728 0.6880432004089979 0.6057323619631902 0.6900242842535788 0.6072661042944786 0.6929639570552147 0.6063075153374233 0.6964148773006135
0 0.5924399284253579 0.6898964723926381 0.5900115030674846 0.6894491308793457 0.5871996421267893 0.6876597648261759 0.5861132413087934 0.6853591513292433 0.5861132413087934 0.6829307259713702 0.5884777607361964 0.6793519938650306 0.5910339979550103 0.6784573108384458 0.5949961656441718 0.67922418200409 0.5971050613496932 0.6835697852760737 0.5969133435582823 0.6863177402862985 0.5949322597137015 0.6890017893660532
0 0.5355012464387464 0.6879228988603988 0.5316728988603988 0.6872106481481481 0.5285122863247864 0.6853409900284901 0.5264200498575499 0.6808894230769231 0.5266426282051283 0.6777288105413106 0.5283342236467237 0.674568198005698 0.5301593660968661 0.6727875712250713 0.5336315883190883 0.6714966168091169 0.5378160612535613 0.6722978988603988 0.5414218304843306 0.6749688390313391 0.542712784900285 0.679286858974359 0.5425347222222223 0.683204237891738 0.5404424857549858 0.6860087250712251
0 0.546104672553348 0.6748758278145695 0.5440351361295069 0.6742319720382635 0.5416436718175128 0.6724383738042679 0.540309970566593 0.6693110743193524 0.5409078366445915 0.6640222590139808 0.5427014348785871 0.6619987122884474 0.5468864974245768 0.6604350625459897 0.5491859823399559 0.6608489698307579 0.5519453642384107 0.6624126195732156 0.5536929727740986 0.6643901766004415 0.5545667770419426 0.6675634657836644 0.5540149006622517 0.6701848785871964 0.5525432303164092 0.6726223325974982 0.5490480132450332 0.6749678072111847
0 0.5360329286239882 0.6683452906548932 0.5325837012509198 0.6695870125091979 0.5288585356880059 0.6677934142752023 0.5276168138337012 0.6652179911699779 0.52688097866078 0.6619527225901398 0.5284906181015452 0.6586874540103017 0.5325377115526122 0.6564339587932303 0.5367227740986019 0.6581815673289183 0.5387003311258278 0.6608489698307579 0.539436166298749 0.663562362030905 0.538240434142752 0.667609455481972
0 0.5243055555555555 0.658871412803532 0.5217301324503312 0.6581815673289183 0.5197985651214129 0.6558820824135393 0.5195226269315673 0.6534906181015452 0.5215001839587932 0.650133370125092 0.5250873804267844 0.6497194628403238 0.5276168138337012 0.6516510301692421 0.5281686902133922 0.6547783296541575 0.5272948859455482 0.657445732155997
0 0.19058995922528033 0.682880988786952 0.18797782874617738 0.6822438837920489 0.1856205402650357 0.6803962793068297 0.1848560142711519 0.6774655963302751 0.18466488277268092 0.673770387359837 0.1864487767584098 0.671349388379205 0.19135448521916412 0.6698203363914372 0.19543195718654435 0.6714768093781854 0.19734327217125383 0.6745349133537206 0.19696100917431192 0.6783575433231397 0.19581422018348624 0.6805237003058103 0.1926286952089704 0.6826261467889909
0 0.2072821100917431 0.6836455147808359 0.20549821610601426 0.6836455147808359 0.20320463812436287 0.6833269622833842 0.2017392966360856 0.6817341997961264 0.20046508664627932 0.6788035168195719 0.20071992864424057 0.676000254841998 0.20212155963302753 0.6730058613659531 0.20600790010193681 0.6721776248725789 0.20932084607543322 0.6726873088685015 0.21186926605504586 0.6754268603465852 0.2119966870540265 0.6790583588175332 0.21097731906218142 0.6819890417940877 0.20881116207951073 0.6831995412844037
0 0.17757601351351357 0.6844735360360361 0.17588682432432437 0.6844735360360361 0.1733530405405406 0.6831597222222223 0.17199230480480487 0.6809543918918919 0.1720861486486487 0.6783736861861862 0.17321227477477485 0.6762152777777778 0.17588682432432437 0.6745260885885886 0.17926520270270277 0.6752768393393394 0.1805790165165166 0.6760745120120121 0.18189283033033038 0.6782798423423424 0.18189283033033038 0.6809543918918919 0.18165822072072077 0.6825028153153153 0.18067286036036045 0.6835820195195196
0 0.16814470720720728 0.6822212837837839 0.16608014264264273 0.6823151276276277 0.16471940690690698 0.6813297672672673 0.1642501876876878 0.6798751876876877 0.16420326576576583 0.6782798423423424 0.16551707957957965 0.6769660285285286 0.16842623873873883 0.6768252627627628 0.1694585210210211 0.6780921546546547 0.16992774024024032 0.6797813438438439 0.16880161411411418 0.6817989864864865
0 0.1668778153153154 0.6763560435435436 0.16467248498498505 0.6758868243243245 0.16293637387387394 0.6746199324324325 0.16218562312312318 0.6723207582582583 0.16274868618618624 0.6703969594594594 0.1650009384384385 0.6687546921921922 0.16748780030030036 0.6685670045045046 0.1694585210210211 0.6700685060060061 0.16992774024024032 0.672555367867868 0.16936467717717726 0.6746668543543544 0.16823855105105112 0.676121433933934
0 0.17206554878048783 0.6722942073170731 0.17099847560975615 0.6717606707317073 0.1701600609756098 0.6705411585365854 0.1699822154471545 0.6693724593495936 0.170287093495935 0.6677210365853659 0.1711001016260163 0.6669842479674797 0.1731072154471545 0.6665523373983739 0.17465701219512197 0.6673145325203251 0.17541920731707322 0.6689151422764228 0.17526676829268298 0.6700838414634146 0.17460619918699188 0.6715066056910569 0.17315802845528458 0.672192581300813
0 0.18065294715447155 0.6719385162601627 0.17872205284552847 0.6719385162601627 0.1774263211382114 0.670922256097561 0.17638465447154472 0.6693978658536586 0.1761559959349594 0.6674669715447155 0.1769181910569106 0.6656885162601627 0.17879827235772364 0.664646849593496 0.18080538617886183 0.6645452235772358 0.18278709349593497 0.6655106707317073 0.18370172764227646 0.6675177845528455 0.18375254065040655 0.6693978658536586 0.1824314024390244 0.6710492886178862
0 0.1903017241379311 0.6920737547892721 0.18920019157088128 0.6930795019157088 0.18728448275862075 0.6937021072796935 0.18508141762452116 0.693366858237548 0.18378831417624528 0.6922174329501916 0.18316570881226057 0.6904932950191571 0.18316570881226057 0.68852969348659 0.1848898467432951 0.6868055555555557 0.18723659003831422 0.6859913793103448 0.18891283524904223 0.6865181992337165 0.1903017241379311 0.6879070881226054 0.1910680076628353 0.6895833333333333
0 0.18872126436781617 0.6667385057471265 0.186374521072797 0.6674090038314177 0.1850335249042146 0.6662116858237549 0.18441091954022995 0.6643917624521073 0.1853687739463602 0.6625239463601533 0.18766762452107286 0.6619971264367817 0.18943965517241387 0.6638170498084291 0.18963122605363988 0.6659243295019157
0 0.1935285433070866 0.697260498687664 0.1926673228346457 0.6980396981627297 0.19110892388451442 0.6976706036745407 0.19020669291338582 0.696891404199475 0.19004265091863515 0.6958661417322834 0.19028871391076113 0.6949639107611548 0.1913549868766404 0.6938156167979003 0.19233923884514434 0.6938156167979003 0.19311843832020997 0.694102690288714 0.19426673228346455 0.6952099737532809 0.19418471128608925 0.6963582677165355
0 0.1982037401574803 0.7012385170603675 0.19652230971128606 0.7014435695538058 0.19516896325459318 0.7009104330708662 0.1943077427821522 0.7002952755905512 0.19397965879265092 0.6986548556430446 0.19447178477690286 0.6978756561679791 0.19557906824146978 0.6966043307086615 0.19750656167979003 0.6963992782152231 0.19869586614173224 0.6975475721784777 0.19939304461942256 0.6995980971128609 0.19894192913385828 0.7010744750656168
0 0.20989173228346455 0.6914370078740159 0.2078001968503937 0.6922982283464567 0.20599573490813644 0.6916010498687665 0.2050524934383202 0.6901246719160106 0.2050524934383202 0.6890173884514436 0.2055036089238845 0.687376968503937 0.20673392388451442 0.6868438320209974 0.2085793963254593 0.6868438320209974 0.20968667979002623 0.687623031496063 0.2104248687664042 0.6892634514435696
0 0.21840879897238286 0.6792308927424534 0.21708413615928077 0.6789499036608863 0.21571933204881186 0.6783879254977521 0.21491650610147725 0.6769829800899164 0.21511721258831093 0.6754174694926139 0.2157594733461786 0.6746146435452793 0.21712427745664745 0.6740125240847784 0.21901091843288378 0.674213230571612 0.21993416827231863 0.6759393063583815 0.2198940269749519 0.6776252408477842
0 0.2128291586384073 0.6705603725112396 0.2105411046885036 0.6701589595375722 0.2092565831727682 0.6692357096981374 0.2084938985228003 0.6676300578034682 0.20917630057803474 0.6658236994219653 0.2103002569043032 0.6650610147719974 0.21214675658317286 0.6647398843930635 0.21411368015414264 0.6655025690430314 0.2144348105330765 0.6674293513166345 0.21387283236994226 0.6692758509955041
0 0.20057136696852088 0.6663971539456662 0.2018111254851229 0.666181543768866 0.2028891763691246 0.6670978870202672 0.20350905562742558 0.6684993531694696 0.20243100474342388 0.669981673134972 0.20094868477792152 0.6701703320396724 0.19997843898231996 0.6696582578697714 0.19922380336351875 0.6690383786114703 0.19925075463561878 0.6681220353600689 0.19973587753341954 0.667502156101768
0 0.19728331177231562 0.664348857266063 0.19828050884001722 0.6648878827080639 0.19892733937041826 0.6659389823199655 0.19884648555411816 0.6672595946528675 0.19798404484691678 0.6681220353600689 0.19660952996981454 0.6686341095299698 0.19534282018111251 0.6679872789995688 0.19477684346701163 0.6667744717550668 0.19488464855541182 0.6660467874083656 0.19542367399741267 0.6651843467011643 0.19598965071151356 0.6646453212591634
0 0.19879258300991803 0.664402759810263 0.19728331177231562 0.6639715394566624 0.19609745579991375 0.6628934885726606 0.19566623544631304 0.6614111686071582 0.19625916343251398 0.6597940922811557 0.19728331177231562 0.6587968952134541 0.19908904700301852 0.658823846485554 0.2004366106080207 0.6594976282880551 0.20124514877102195 0.6610338507977577 0.20119124622682188 0.6625970245795602 0.20022100043122032 0.6636481241914618
0 0.2049374730487279 0.66251617076326 0.20334734799482532 0.6624622682190598 0.20208063820612335 0.6617076326002587 0.2013260025873221 0.6604678740836567 0.20119124622682188 0.6591742130228546 0.20210758947822338 0.6577996981457525 0.20348210435532554 0.6570450625269513 0.20561125485122897 0.6571259163432515 0.2067701595515308 0.658823846485554 0.2066893057352307 0.6605487278999569 0.2056921086675291 0.6618693402328589
0 0.3985353309481217 0.7333966905187836 0.3995415921288014 0.7327258497316638 0.40159138342277884 0.7320550089445439 0.40326848539057847 0.732688580799046 0.40412567084078715 0.734142069171139 0.404312015503876 0.7356700954084675 0.4038647883124628 0.7376080799045917 0.402374031007752 0.7386516100178891 0.4004360465116279 0.7387634168157424 0.3986844066785928 0.737384466308885 0.39801356589147296 0.7359682468694096 0.39786449016100184 0.7345520274299344
0 0.4096787418008349 0.7360427847346452 0.40740533691115094 0.7354092128801432 0.40662268932617773 0.7342911449016101 0.40598911747167565 0.732837656529517 0.4068090339892666 0.7302288312462731 0.4080016398330352 0.7293343768634467 0.410461389385808 0.7291853011329756 0.4116912641621945 0.7295579904591534 0.4127720632081097 0.7307505963029219 0.4135547107930829 0.7326513118664283 0.41266025641025644 0.7348129099582589 0.4110204233750746 0.7357446332737031 0.4100887000596304 0.7358191711389387
0 0.40002608825283253 0.7311605545617174 0.3984607930828862 0.7311232856290997 0.39670915324985095 0.7302661001788909 0.39559108527131787 0.728626267143709 0.39618738819320215 0.7259429039952296 0.39737999403697083 0.7249366428145498 0.3999515503875969 0.724899373881932 0.40129323196183664 0.7258683661299941 0.4021876863446631 0.7277690816935004 0.40118142516398336 0.7301915623136555
0 0.3977154144305307 0.7233713476446035 0.3967836911150865 0.7236694991055456 0.3949947823494335 0.7232222719141324 0.3937276386404293 0.7217687835420394 0.39331768038163395 0.7204271019677997 0.39376490757304716 0.7185263864042933 0.3954420095408468 0.7170728980322004 0.39752906976744184 0.7172592426952893 0.3993179785330948 0.7181909660107335 0.400100626118068 0.7201662194394753 0.39942978533094814 0.7220669350029816
0 0.40837432915921296 0.7272845855694694 0.405765503875969 0.7270982409063805 0.4042002087060227 0.725383870005963 0.4037902504472272 0.7238931127012522 0.4039393261776983 0.721992397137746 0.40479651162790703 0.7205761776982708 0.40878428741800843 0.7204643709004175 0.41049865831842575 0.7221414728682172 0.41034958258795473 0.7243776088252833 0.4099023553965415 0.7256074836016697
0 0.28184952038369304 0.6858263389288569 0.2814498401278977 0.6843275379696243 0.282199240607514 0.6829286570743405 0.28384792166266987 0.6824790167865707 0.2851968425259792 0.6839778177458034 0.28454736211031173 0.6858762989608314 0.2833982813749001 0.6863758992805755
0 0.28774480415667464 0.6844774180655475 0.2866956434852118 0.6838778976818545 0.28659572342126294 0.6823790967226219 0.2871452837729816 0.6812300159872102 0.28879396482813746 0.6807803756994405 0.2902428057553957 0.6812799760191847 0.2908423261390887 0.6827288169464428 0.2905425659472422 0.6840777378097522 0.2897931654676259 0.684777178257394
0 0.282199240607514 0.6806304956035172 0.2807503996802558 0.6806804556354916 0.2800009992006395 0.6798810951239009 0.2794514388489209 0.6789818145483614 0.2793015587529976 0.6776828537170264 0.2810501598721023 0.6767835731414868 0.2824490407673861 0.6770833333333334 0.2832484012789768 0.678232414068745 0.2834982014388489 0.6792815747402078
0 0.2868455235811351 0.6791316946442846 0.28589628297362113 0.6789318545163868 0.28504696243005595 0.6780325739408473 0.2848970823341327 0.6766336930455636 0.2859462430055955 0.6754846123101519 0.2871452837729816 0.6752348121502798 0.28899380495603516 0.6762340127897681 0.2891436850519584 0.6781824540367706
0 0.2804006794564349 0.675034972022382 0.27890187849720227 0.6749850119904077 0.27805255795363704 0.6743355315747402 0.27795263788968827 0.6723371302957634 0.27890187849720227 0.671337929656275 0.28085031974420466 0.671337929656275 0.282199240607514 0.673136490807354
0 0.2860961231015188 0.6733862909672261 0.2844474420463629 0.6732863709032774 0.2832484012789768 0.671937450039968 0.2838978816946443 0.6704886091127098 0.28504696243005595 0.6694894084732214 0.2866456834532374 0.6702388089528377 0.28699540367705834 0.6716876498800959
0 0.3672886843899114 0.6588701431492843 0.36464723926380366 0.6582310838445808 0.3626448534423995 0.6555470347648262 0.3621336059986367 0.6535872528970689 0.3630708929788684 0.650562372188139 0.36571233810497616 0.6486451942740288 0.3694188820722563 0.6492416496250852 0.3721455351056578 0.6518404907975461 0.3722307430129516 0.655248807089298 0.3713786639400136 0.6575494205862304 0.36895023858214043 0.6591257668711656
0 0.35902351738241306 0.6653459441036129 0.3574471710974778 0.6653033401499661 0.3556152010906613 0.6642808452624404 0.3543370824812543 0.6625766871165646 0.35472051806407634 0.6601908657123382 0.3558708248125427 0.6586997273346967 0.358640081799591 0.658188479890934 0.3609832992501704 0.6597222222222223 0.36140933878663944 0.6620654396728016 0.36055725971370145 0.6641956373551465
0 0.46634615384615385 0.40197649572649574 0.4619836182336183 0.40375712250712253 0.457175925925926 0.4025997150997151 0.4558404558404559 0.3988603988603989 0.4561075498575499 0.3936965811965812 0.45984686609686615 0.39058048433048437 0.4645655270655271 0.3914707977207978 0.46759259259259267 0.39521011396011396 0.46768162393162405 0.3995726495726496
0 0.4748931623931624 0.41283831908831914 0.4715990028490029 0.4147970085470085 0.4684829059829061 0.4146189458689459 0.46572293447293456 0.41283831908831914 0.4643874643874645 0.41025641025641024 0.46545584045584054 0.40651709401709407 0.4693732193732194 0.4038461538461538 0.47346866096866097 0.4048254985754986 0.47542735042735046 0.4074074074074074
0 0.47800925925925936 0.40589387464387466 0.47542735042735046 0.4042022792022792 0.47418091168091175 0.40224358974358976 0.4743589743589744 0.3992165242165242 0.4772970085470087 0.3973468660968661 0.48112535612535623 0.3988603988603989 0.4821937321937323 0.40340099715099714
0 0.4844195156695158 0.39903846153846156 0.4808582621082622 0.3963675213675214 0.4805911680911682 0.3930733618233619 0.48326210826210836 0.390491452991453 0.4877136752136753 0.3913817663817664 0.488960113960114 0.3950320512820513 0.4873575498575499 0.39814814814814814
0 0.48309544405997684 0.37179209919261824 0.4848255478662052 0.37453143021914653 0.48309544405997684 0.37734284890426756 0.4802840253748558 0.3792171280276817 0.47646337946943473 0.37654988465974626 0.4766075547866204 0.37330594002306805 0.4781213956170703 0.37099913494809683 0.4808607266435986 0.3707828719723183
0 0.4400796760710554 0.3890739289446186 0.4419083072100313 0.39214341692789967 0.44223484848484856 0.39540882967607105 0.4399490595611286 0.398151776384535 0.43603056426332293 0.39873955067920586 0.4326998432601881 0.3969762277951933 0.43158960292580983 0.3926005747126437 0.4326998432601881 0.3895310867293626 0.43681426332288403 0.38691875653082547 0.43903474399164055 0.38796368861024033
0 0.4193116509926855 0.400437565308255 0.41506661442006276 0.4023968129571578 0.41082157784744 0.4001763322884013 0.4091235632183908 0.3963231452455591 0.4097766457680251 0.39135971786833856 0.41291144200626967 0.38900862068965525 0.41761363636363635 0.38815961337513066 0.42081374085684436 0.3912944096133752 0.4220545977011494 0.3951475966562174 0.4212708986415883 0.3979558516196447
0 0.4060540752351097 0.3937761233019854 0.4012212643678161 0.39553944618599796 0.3977599268547544 0.39299242424242425 0.3973027690700105 0.3888780041797283 0.40128657262277956 0.38509012539184956 0.4057275339602926 0.3868534482758621 0.4074255485893417 0.3899229362591432
0 0.41944611378205127 0.3137770432692308 0.420147235576923 0.31613080929487175 0.41974659455128205 0.31943609775641024 0.4179937900641026 0.32199018429487175 0.4150390625 0.32229066506410253 0.4123848157051282 0.32118890224358976 0.4107321714743589 0.31913561698717946 0.40958032852564097 0.3167317708333333 0.4101812900641026 0.31392728365384615 0.41288561698717946 0.31167367788461536 0.4153395432692308 0.3115735176282051 0.418194110576923 0.31227463942307687
0 0.4238030849358974 0.3135266426282051 0.4205979567307692 0.3115735176282051 0.4188451522435897 0.3092698317307692 0.41914563301282054 0.3066155849358974 0.42009715544871795 0.30421173878205127 0.4224509214743589 0.30250901442307687 0.42680789262820507 0.3033603766025641 0.42941205929487175 0.3049128605769231 0.4296624599358974 0.30771734775641024 0.42851061698717946 0.3114733573717948 0.4247045272435897 0.3131760817307692
0 0.4265810621942698 0.2895702306079665 0.4250524109014675 0.2889150943396227 0.4238731656184487 0.2871243885394829 0.4241788958770091 0.28494060097833684 0.42553284416491965 0.28258211041229914 0.428109713487072 0.28218902865129286 0.43064290705800146 0.2840670859538785 0.4309923130677848 0.28607617051013284 0.4309049615653389 0.2878668763102726 0.42941998602375964 0.2891334730957373 0.4278476589797344 0.28987596086652695
0 0.3961743551587301 0.30006820436507936 0.3936941964285714 0.2995721726190476 0.3912140376984127 0.2982080853174603 0.3902839781746032 0.2951078869047619 0.3912760416666667 0.2923177083333333 0.39425223214285715 0.29076760912698413 0.3979104662698413 0.2915736607142857 0.3995225694444445 0.2947358630952381 0.3995225694444445 0.296906001984127 0.3977244543650793 0.2993861607142857
0 0.3797433035714286 0.30620659722222227 0.37720114087301587 0.3062686011904762 0.37472098214285715 0.30571056547619047 0.3734188988095238 0.3034784226190476 0.3732328869047619 0.30087425595238093 0.37509300595238093 0.2980220734126984 0.3794332837301587 0.2980220734126984 0.38141741071428575 0.29932415674603174 0.3823474702380953 0.3013702876984127 0.3822854662698413 0.3040364583333333
0 0.417113350485992 0.2728166094911378 0.4182925957690109 0.2745676100628931 0.41804245283018865 0.27724771297884504 0.4152194110920526 0.27917738707833045 0.41239636935391655 0.27871283590623214 0.41085977701543736 0.2766759576901086 0.41078830760434537 0.27413879359634075 0.41286092052601486 0.27181603773584906 0.4148263293310463 0.27138722126929676
0 0.4170061463693539 0.2656696683819325 0.4154695540308748 0.2664200971983991 0.413003859348199 0.2662056889651229 0.41093124642652945 0.26416881074899945 0.41093124642652945 0.262310606060606 0.4116459405374499 0.2599521154945683 0.4145404516866781 0.2587371355060034 0.4176493710691824 0.2599521154945683 0.418507004002287 0.2626322184105203 0.4181139222412807 0.26477630074328184
0 0.4203294739851343 0.2599163807890223 0.4182568610634649 0.2588443396226415 0.417184819897084 0.2565215837621498 0.41757790165809033 0.2546276443682104 0.41929316752429957 0.2531267867352773 0.4225092910234419 0.25284090909090906 0.4248677815894797 0.2555924814179531 0.4237600057175529 0.2587371355060034 0.4221162092624357 0.2602022584333905
0 0.4384882985452246 0.25822264389626826 0.43572106261859583 0.258697027197976 0.4325980392156863 0.2568785578747628 0.4317283364958887 0.2543089816571791 0.43220271979759645 0.2515417457305503 0.43544433902593294 0.24893263757115758 0.4391603415559772 0.25000000000000006 0.44026723592662875 0.2516603415559773 0.4413741302972802 0.2552577482605946 0.439595192915876 0.25703668564199883
0 0.4544049652118913 0.24238931056293486 0.4516377292852625 0.24286369386464263 0.448514705882353 0.24104522454142946 0.4476450031625554 0.23847564832384568 0.44811938646426314 0.23570841239721696 0.4513610056925996 0.23309930423782418 0.4550770082226439 0.23416666666666666 0.45618390259329544 0.2358270082226439 0.45729079696394687 0.23942441492726124 0.4555118595825427 0.24120335230866544
0 0.4622382985452246 0.23430597722960153 0.4594710626185958 0.2347803605313093 0.4563480392156863 0.23296189120809616 0.4554783364958887 0.23039231499051235 0.45595271979759644 0.22762507906388366 0.45919433902593293 0.22501597090449085 0.4629103415559772 0.22608333333333333 0.46401723592662875 0.22774367488931058 0.46512413029728017 0.2313410815939279 0.463345192915876 0.23312001897533213
0 0.4330787033104557 0.3043246402724925 0.42987357510532753 0.3023715152724925 0.428120770618148 0.3000678293750566 0.42842125138737885 0.29741358258018485 0.42937277382327627 0.29500973642633865 0.43172653984891723 0.2933070120673643 0.4360835110027634 0.2941583742468515 0.43868767766943007 0.29571085822121046 0.4389380783104557 0.29851534540069763 0.4377862353617378 0.30227135501608227 0.433980145618148 0.3039740793750566
0 0.46733757062146886 0.5187399112187248 0.46774112187247774 0.5200514527845037 0.4676906779661017 0.5218169895076675 0.46688357546408393 0.5233303066989508 0.4652693704600484 0.5242382970137207 0.46360472154963683 0.524339184826473 0.46229317998385794 0.5240365213882163 0.46108252623083135 0.5228763115415658 0.46062853107344637 0.521615213882163 0.46017453591606133 0.5201523405972558 0.46062853107344637 0.5189416868442291 0.4616374092009685 0.5178319209039548 0.46299939467312345 0.5170752623083132 0.46496670702179177 0.5170752623083132 0.4661773607748184 0.5173779257465698
0 0.4734917271993543 0.5121822033898304 0.47389527845036317 0.5134937449556094 0.47384483454398707 0.5152592816787732 0.47303773204196936 0.5167725988700564 0.47142352703793383 0.5176805891848265 0.46975887812752226 0.5177814769975787 0.46844733656174337 0.517478813559322 0.4672366828087167 0.5163186037126715 0.4667826876513318 0.5150575060532687 0.4663286924939467 0.5135946327683615 0.4667826876513318 0.5123839790153348 0.46779156577885395 0.5112742130750605 0.4691535512510089 0.5105175544794189 0.4711208635996772 0.5105175544794189 0.47233151735270384 0.5108202179176755
0 0.4796458837772396 0.5056749394673123 0.4800494350282485 0.5069864810330913 0.4799989911218724 0.5087520177562551 0.4791918886198547 0.5102653349475383 0.47757768361581915 0.5111733252623083 0.4759130347054076 0.5112742130750606 0.4746014931396287 0.5109715496368039 0.47339083938660204 0.5098113397901534 0.4729368442292171 0.5085502421307506 0.472482849071832 0.5070873688458434 0.4729368442292171 0.5058767150928167 0.47394572235673926 0.5047669491525424 0.4753077078288942 0.5040102905569008 0.4772750201775625 0.5040102905569008 0.47848567393058916 0.5043129539951574
0 0.48605225988700557 0.4991172316384181 0.48645581113801445 0.500428773204197 0.4864053672316384 0.5021943099273608 0.48559826472962064 0.503707627118644 0.4839840597255851 0.5046156174334141 0.48231941081517354 0.5047165052461663 0.48100786924939465 0.5044138418079096 0.479797215496368 0.5032536319612592 0.4793432203389831 0.5019925343018563 0.47888922518159804 0.5005296610169491 0.4793432203389831 0.4993190072639225 0.48035209846650523 0.4982092413236481 0.48171408393866016 0.4974525827280065 0.4836813962873285 0.4974525827280065 0.4848920500403551 0.49775524616626315
0 0.492307304277643 0.49260996771589977 0.4927108555286519 0.49392150928167866 0.49266041162227586 0.4956870460048425 0.4918533091202581 0.49720036319612576 0.49023910411622257 0.4981083535108958 0.488574455205811 0.49820924132364797 0.4872629136400321 0.4979065778853913 0.4860522598870055 0.4967463680387408 0.48559826472962053 0.495485270379338 0.4851442695722355 0.4940223970944308 0.48559826472962053 0.49281174334140415 0.4866071428571427 0.49170197740112975 0.4879691283292976 0.4909453188054882 0.48993644067796593 0.4909453188054882 0.4911470944309926 0.49124798224374483
0 0.4986127925746568 0.4857495964487489 0.4990163438256657 0.4870611380145277 0.4989658999192896 0.48882667473769154 0.4981587974172718 0.4903399919289748 0.4965445924132363 0.49124798224374483 0.4948799435028247 0.4913488700564971 0.4935684019370459 0.49104620661824033 0.49235774818401923 0.4898859967715899 0.49190375302663425 0.4886248991121871 0.4914497578692492 0.48716202582727985 0.49190375302663425 0.48595137207425326 0.4929126311541564 0.48484160613397886 0.49427461662631134 0.48408494753833725 0.49624192897497965 0.48408494753833725 0.4974525827280063 0.4843876109765939
0 0.5099122276029053 0.4896842211460855 0.5103157788539142 0.49099576271186435 0.5102653349475381 0.49276129943502817 0.5094582324455204 0.49427461662631145 0.5078440274414849 0.49518260694108146 0.5061793785310733 0.4952834947538337 0.5048678369652945 0.49498083131557696 0.5036571832122678 0.4938206214689265 0.5032031880548828 0.4925595238095237 0.5027491928974978 0.4910966505246165 0.5032031880548828 0.4898859967715899 0.504212066182405 0.4887762308313155 0.5055740516545599 0.4880195722356739 0.5075413640032282 0.4880195722356739 0.5087520177562549 0.4883222356739305
0 0.5034554075867633 0.49684725585149314 0.5038589588377722 0.49815879741727204 0.5038085149313961 0.49992433414043586 0.5030014124293783 0.5014376513317191 0.5013872074253428 0.5023456416464891 0.49972255851493125 0.5024465294592414 0.4984110169491524 0.5021438660209846 0.49720036319612576 0.5009836561743342 0.4967463680387408 0.49972255851493136 0.49629237288135575 0.4982596852300242 0.4967463680387408 0.4970490314769975 0.49775524616626293 0.49593926553672313 0.49911723163841787 0.49518260694108157 0.5010845439870862 0.49518260694108157 0.5022951977401129 0.4954852703793382
0 0.49714991928974955 0.5031527441485069 0.49755347054075844 0.5044642857142857 0.4975030266343824 0.5062298224374495 0.49669592413236463 0.5077431396287329 0.4950817191283291 0.5086511299435028 0.49341707021791753 0.5087520177562551 0.49210552865213864 0.5084493543179983 0.49089487489911204 0.5072891444713479 0.49044087974172706 0.5060280468119451 0.48998688458434203 0.5045651735270379 0.49044087974172706 0.5033545197740112 0.4914497578692492 0.5022447538337369 0.49281174334140415 0.5014880952380952 0.49477905569007247 0.5014880952380952 0.4959897094430991 0.5017907586763519
0 0.4909453188054881 0.5097104519774012 0.49134887005649697 0.51102199354318 0.4912984261501209 0.5127875302663438 0.49049132364810316 0.5143008474576272 0.48887711864406763 0.5152088377723971 0.48721246973365606 0.5153097255851494 0.48590092816787717 0.5150070621468926 0.4846902744148505 0.5138468523002422 0.4842362792574656 0.5125857546408393 0.48378228410008056 0.5111228813559322 0.4842362792574656 0.5099122276029056 0.48524515738498775 0.5088024616626311 0.4866071428571427 0.5080458030669895 0.488574455205811 0.5080458030669895 0.48978510895883764 0.5083484665052462
0 0.4782334543987085 0.5231285310734464 0.47863700564971734 0.5244400726392252 0.4785865617433413 0.526205609362389 0.47777945924132353 0.5277189265536724 0.476165254237288 0.5286269168684423 0.47450060532687643 0.5287278046811946 0.47318906376109754 0.5284251412429378 0.47197841000807095 0.5272649313962874 0.47152441485068597 0.5260038337368846 0.47107041969330093 0.5245409604519774 0.47152441485068597 0.5233303066989508 0.4725332929782081 0.5222205407586764 0.47389527845036306 0.5214638821630347 0.47586259079903137 0.5214638821630347 0.477073244552058 0.5217665456012914
0 0.4721297417271991 0.529837570621469 0.472533292978208 0.5311491121872478 0.47248284907183197 0.5329146489104116 0.4716757465698142 0.534427966101695 0.4700615415657787 0.5353359564164649 0.4683968926553671 0.5354368442292172 0.4670853510895882 0.5351341807909604 0.4658746973365616 0.53397397094431 0.46542070217917664 0.5327128732849072 0.4649667070217916 0.53125 0.46542070217917664 0.5300393462469734 0.4664295803066988 0.528929580306699 0.4677915657788537 0.5281729217110573 0.46975887812752204 0.5281729217110573 0.4709695318805487 0.528475585149314
0 0.5099122276029053 0.4896842211460855 0.5103157788539142 0.49099576271186435 0.5102653349475381 0.49276129943502817 0.5094582324455204 0.49427461662631145 0.5078440274414849 0.49518260694108146 0.5061793785310733 0.4952834947538337 0.5048678369652945 0.49498083131557696 0.5036571832122678 0.4938206214689265 0.5032031880548828 0.4925595238095237 0.5027491928974978 0.4910966505246165 0.5032031880548828 0.4898859967715899 0.504212066182405 0.4887762308313155 0.5055740516545599 0.4880195722356739 0.5075413640032282 0.4880195722356739 0.5087520177562549 0.4883222356739305
