0 0.10410645472061657 0.7435573217726398 0.10783959537572253 0.7383790944123315 0.1149446050096339 0.7364523121387284 0.12096579961464353 0.7386199421965318 0.12409682080924857 0.745002408477842 0.1230130057803468 0.7533116570327553 0.11361994219653179 0.7570447976878614 0.10555154142581888 0.755599710982659 0.103745183044316 0.7504214836223507
0 0.1365004816955684 0.7265775529865126 0.14228082851637766 0.7221218689788054 0.15022880539499037 0.7217605973025049 0.15685211946050093 0.7273000963391137 0.15637042389210018 0.7352480732177264 0.1513126204238921 0.7410284200385356 0.14155828516377647 0.7410284200385356 0.13625963391136803 0.7360910404624278
0 0.16949662813102118 0.711885838150289 0.17491570327552988 0.7058646435452793 0.18334537572254334 0.7079118497109828 0.1892461464354528 0.7154985549132948 0.18647639691714835 0.7226035645472062 0.18117774566473988 0.7266979768786127 0.17527697495183042 0.7266979768786127 0.16805154142581888 0.7216401734104047 0.16708815028901736 0.7159802504816957
0 0.12060452793834296 0.6945447976878614 0.12891377649325625 0.6884031791907514 0.13902938342967242 0.6910525048169557 0.14252167630057802 0.6997230250481696 0.1383068400770713 0.7067076107899808 0.12987716763005777 0.709959055876686 0.12277215799614642 0.7067076107899808 0.12096579961464353 0.7021315028901735
0 0.153118978805395 0.6797326589595376 0.1623916184971098 0.6732297687861272 0.17202552986512523 0.6772037572254336 0.17503612716763006 0.686235549132948 0.1691353564547206 0.6922567437379576 0.16058526011560692 0.694303949903661 0.15360067437379574 0.6896074181117534
0 0.07363921001926782 0.6798530828516378 0.08002167630057803 0.6721459537572254 0.09098025048169557 0.6726276493256262 0.09531551059730252 0.6798530828516378 0.09423169556840076 0.6873193641618497 0.08700626204238922 0.6923771676300579 0.07604768786127168 0.6909320809248556 0.07448217726396918 0.6869580924855492
0 0.10603323699421964 0.6639571290944123 0.11121146435452796 0.6575746628131022 0.12144749518304432 0.6573338150289018 0.12614402697495183 0.6613078034682082 0.12734826589595377 0.6676902697495184 0.1234947013487476 0.6746748554913296 0.11590799614643543 0.677444605009634 0.10663535645472061 0.6735910404624278
0 0.1378251445086705 0.650590077071291 0.14155828516377647 0.6436054913294799 0.14962668593448938 0.6408357418111754 0.1574542389210019 0.6452914258188824 0.15986271676300576 0.6514330443159924 0.1557683044315992 0.6592605973025049 0.14444845857418112 0.6614282273603084 0.13866811175337185 0.6570929672447013
0 0.12168834296724469 0.6167509633911369 0.12987716763005777 0.6091642581888247 0.1408357418111753 0.6114523121387284 0.1445688824662813 0.6185573217726398 0.14216040462427745 0.6272278420038536 0.1328877649325626 0.6307201348747592 0.12457851637764933 0.6260236030828517
0 0.08941473988439307 0.6309609826589596 0.10157755298651251 0.6233742774566474 0.11048892100192678 0.6283116570327553 0.11277697495183044 0.6357779383429673 0.1080804431599229 0.6433646435452793 0.1016979768786127 0.645532273603083 0.09254576107899808 0.6420399807321773
0 0.05882707129094412 0.6466160886319847 0.0660525048169557 0.6397519267822737 0.07701107899807322 0.6414378612716763 0.080623795761079 0.6498675337186899 0.07677023121387283 0.657454238921002 0.06906310211946051 0.6603444123314065 0.06051300578034681 0.6570929672447013
0 0.5162593482905983 0.3410456730769231 0.5185964209401709 0.3387086004273504 0.5230034722222222 0.33790731837606836 0.5260750534188035 0.33877537393162394 0.5278779380341879 0.3413127670940171 0.5293469551282051 0.3447849893162393 0.5252069978632478 0.34992654914529914 0.5211338141025641 0.3503939636752137 0.5165264423076923 0.347255608974359 0.5163261217948717 0.3440504807692308
0 0.5080462072649572 0.3292267628205128 0.5107839209401709 0.3266893696581197 0.5157919337606837 0.3257545405982906 0.5192641559829059 0.32809161324786323 0.5206663995726495 0.332431891025641 0.5185964209401709 0.3362379807692308 0.5135216346153846 0.3382411858974359 0.5087139423076923 0.33570379273504275 0.5077123397435896 0.33269898504273504
0 0.5371789832285115 0.32936975890985326 0.5371789832285115 0.3246527777777778 0.5397995283018867 0.31928066037735847 0.5456302410901467 0.3163980607966457 0.5523126310272537 0.3174462788259958 0.5566365303983228 0.3224253144654088 0.5570296121593291 0.3298283542976939 0.5525746855345912 0.3352004716981132 0.5472025681341719 0.336707285115304 0.5399305555555555 0.3343487945492662
0 0.5222418763102725 0.3044090670859539 0.5258451257861635 0.29759564989517817 0.5331826519916142 0.2956957547169811 0.5402581236897275 0.29897143605870025 0.5435338050314465 0.3065710167714885 0.5394064465408805 0.31364648846960164 0.5346239517819706 0.3162670335429769 0.526107180293501 0.31384302935010483 0.5234866352201258 0.3103708071278826
0 0.5083529874213837 0.28187237945492666 0.5150353773584906 0.27505896226415094 0.5244693396226415 0.2770243710691824 0.5287932389937107 0.2844274109014675 0.5268278301886792 0.2913063417190776 0.5209316037735848 0.29595780922431864 0.512873427672956 0.29451650943396224 0.5090736373165619 0.2897340146750524
0 0.4945951257861635 0.2679834905660377 0.49485718029350106 0.2605804507337526 0.500163784067086 0.2556014150943396 0.5083529874213837 0.2554048742138365 0.5140526729559749 0.2612355870020965 0.5140526729559749 0.2682455450733752 0.5093356918238994 0.27440382599580715 0.5006223794549266 0.27545204402515727 0.496560534591195 0.27152122641509435
0 0.5628797743055556 0.3073459201388889 0.568088107638889 0.3006184895833333 0.576877170138889 0.3019205729166667 0.5802408854166666 0.31103515625 0.5722113715277778 0.3185221354166667 0.5652669270833334 0.31450737847222227
0 0.5492078993055556 0.2982313368055556 0.5459526909722223 0.2906358506944445 0.5507269965277778 0.28173828125 0.5613606770833334 0.28130425347222227 0.567111545138889 0.2884657118055556 0.5650499131944445 0.2975802951388889 0.5578884548611112 0.30202907986111116 0.551486545138889 0.3004014756944445
0 0.5373806423611112 0.2796766493055556 0.5316297743055556 0.27294921875 0.5349934895833334 0.2618815104166667 0.54638671875 0.2603624131944445 0.5543077256944445 0.2708875868055556 0.5477973090277778 0.2800021701388889
0 0.5232747395833334 0.2601453993055556 0.51611328125 0.24886067708333334 0.524142795138889 0.2389865451388889 0.534884982638889 0.24159071180555558 0.5400933159722223 0.2525499131944445 0.533908420138889 0.25981987847222227
0 0.5851905684754523 0.30474806201550386 0.5798611111111112 0.2978036175710594 0.5832525839793282 0.28900193798449614 0.592781007751938 0.28892118863049093 0.5972222222222223 0.29635012919896636 0.5945574935400517 0.30426356589147285
0 0.5729974160206718 0.28762919896640826 0.5651647286821706 0.2761627906976744 0.5704134366925064 0.2676033591731266 0.5823643410852714 0.26663436692506454 0.5881782945736435 0.2755975452196382 0.585109819121447 0.285125968992248
0 0.5589470284237726 0.2667958656330749 0.5518410852713179 0.25839793281653745 0.5545865633074936 0.24790051679586564 0.5641149870801033 0.24572028423772607 0.5725936692506459 0.2511304909560723 0.5721899224806202 0.2626776485788113 0.5652454780361758 0.26728036175710596
0 0.5425549095607235 0.24547803617571057 0.5375484496124031 0.2356266149870801 0.541828165374677 0.22585594315245477 0.5536983204134367 0.2265019379844961 0.5592700258397932 0.2348191214470284 0.5566860465116279 0.24345930232558136 0.5490956072351422 0.2469315245478036
0 0.6029864532019705 0.2691399835796388 0.5981629720853859 0.25785098522167493 0.6026785714285715 0.2457409688013137 0.6186884236453203 0.24214901477832518 0.6283353858784892 0.2555931855500822 0.6235119047619048 0.2700636288998359 0.6092467159277504 0.2726293103448277
0 0.5794270833333334 0.24966242283950615 0.575954861111111 0.2400173611111111 0.5816454475308642 0.23046875 0.5925443672839507 0.23201195987654322 0.5970775462962963 0.24030671296296297 0.5943769290123456 0.24927662037037038 0.5869502314814814 0.25188078703703703
0 0.5660204475308642 0.22892554012345678 0.5612943672839507 0.2216917438271605 0.5657310956790124 0.2103105709876543 0.5775945216049382 0.21098572530864199 0.5826099537037037 0.21928047839506173 0.5809702932098766 0.22844328703703703 0.5718074845679012 0.2312403549382716
0 0.5865644290123456 0.21455439814814814 0.5809702932098766 0.20732060185185186 0.5855999228395061 0.19545717592592596 0.5977527006172839 0.1969039351851852 0.6041184413580246 0.2068383487654321 0.5984278549382716 0.21551890432098764 0.5897472993827161 0.21686921296296297
0 0.6017071759259259 0.23683449074074076 0.5965952932098766 0.2281539351851852 0.6006462191358024 0.21725501543209877 0.6121238425925926 0.21735146604938269 0.6173321759259259 0.2256462191358025 0.6144386574074074 0.23432677469135801 0.6065297067901234 0.23837770061728397
0 0.6656358506944445 0.2683919270833333 0.66064453125 0.2577582465277778 0.6650933159722223 0.24376085069444448 0.6771375868055556 0.24202473958333334 0.6885308159722223 0.24831814236111113 0.6892903645833334 0.2614474826388889 0.682345920138889 0.27056206597222227 0.6720377604166666 0.2714301215277778
0 0.649142795138889 0.24104817708333334 0.6408962673611112 0.23258463541666666 0.6425238715277778 0.21837022569444448 0.65478515625 0.21196831597222224 0.66748046875 0.21912977430555558 0.6701931423611112 0.23106553819444448 0.66357421875 0.24072265625
0 0.6295030381944445 0.21348741319444448 0.6209309895833334 0.20296223958333334 0.6212565104166666 0.18972439236111113 0.6340603298611112 0.18310546875 0.6480577256944445 0.19037543402777782 0.6497938368055556 0.20502387152777782 0.64013671875 0.21435546875
0 0.6634657118055556 0.20057508680555558 0.6564127604166666 0.19135199652777782 0.6604275173611112 0.17583550347222224 0.6778971354166666 0.17583550347222224 0.68505859375 0.1882052951388889 0.67724609375 0.20231119791666666
0 0.6824544270833334 0.22314453125 0.67822265625 0.21468098958333334 0.6819118923611112 0.20307074652777782 0.6965603298611112 0.19938151041666666 0.70458984375 0.21110026041666666 0.7013346354166666 0.22260199652777782 0.6937391493055556 0.2272677951388889
0 0.7075 0.24083333333333334 0.7039583333333334 0.23229166666666667 0.7091666666666666 0.22 0.7204166666666667 0.218125 0.7295833333333334 0.22333333333333333 0.7316666666666667 0.23645833333333333 0.72375 0.24458333333333335 0.7145833333333333 0.24458333333333335
0 0.5362194189602447 0.5378121814475025 0.5337984199796127 0.538512996941896 0.5313137104994904 0.5386404179408767 0.529020132517839 0.5375573394495412 0.5274273700305809 0.5355823139653415 0.5269813965341488 0.5341169724770641 0.5267902650356778 0.5318233944954128 0.5280644750254841 0.5289564220183487 0.5303580530071355 0.5272999490316005 0.5339895514780835 0.5267265545361877 0.5375573394495412 0.5285741590214066 0.538512996941896 0.5307403160040775 0.5384492864424058 0.5341169724770641 0.5373662079510704 0.5366653924566769
0 0.5439920998980633 0.5304217635066258 0.5419533639143731 0.5296572375127422 0.5399146279306829 0.5277459225280327 0.5389589704383282 0.5257071865443425 0.538512996941896 0.5231587665647299 0.5406154434250764 0.5198458205912334 0.5425904689092763 0.5184441896024464 0.5466042303771661 0.5186990316004078 0.5499171763506626 0.5201006625891947 0.5508091233435269 0.5230313455657493 0.5508728338430173 0.5250700815494392 0.549598623853211 0.5281918960244648 0.5462856778797146 0.530039500509684
0 0.559856014271152 0.5179345056065239 0.556861620795107 0.5171062691131499 0.5553325688073395 0.5148126911314985 0.5550777268093782 0.5131562181447502 0.555651121304791 0.5107352191641181 0.5583906727828746 0.5085690621814475 0.5623407237512743 0.5095247196738022 0.5639334862385321 0.5120094291539246 0.5638060652395515 0.5155772171253822 0.5619584607543322 0.5179345056065239
0 0.5808680555555555 0.49774305555555554 0.5796180555555556 0.49524305555555553 0.5787847222222222 0.49211805555555554 0.5793402777777777 0.48885416666666665 0.5817013888888889 0.4860763888888889 0.5858680555555555 0.4842708333333333 0.5911458333333334 0.48572916666666666 0.5936458333333333 0.48913194444444436 0.5938541666666667 0.4930902777777777 0.5928819444444444 0.4959375 0.5908680555555555 0.49829861111111107 0.5873263888888889 0.5002430555555555 0.5837847222222222 0.4996875
0 0.6066319444444443 0.48260416666666667 0.6046875 0.48149305555555555 0.6027430555555555 0.4787152777777777 0.6019791666666666 0.4762847222222222 0.6026736111111111 0.4728125 0.6047569444444444 0.4700347222222222 0.6083680555555555 0.46802083333333333 0.6130208333333333 0.4688541666666667 0.6162152777777777 0.47170138888888885 0.6173958333333334 0.47572916666666665 0.6159375 0.4799652777777777 0.6136458333333333 0.48239583333333336 0.6102430555555555 0.4830902777777777
0 0.6383814102564103 0.5428685897435896 0.6379006410256409 0.5391826923076922 0.6388621794871795 0.5354967948717948 0.6417467948717949 0.5322916666666666 0.6471153846153845 0.5305288461538461 0.653125 0.5326121794871794 0.6555288461538461 0.5354166666666665 0.6565705128205128 0.5407852564102563 0.6556089743589744 0.5442307692307692 0.6527243589743589 0.5475160256410256 0.6486378205128205 0.5491185897435897 0.643349358974359 0.5485576923076922 0.6396634615384615 0.5463141025641025
0 0.6220352564102564 0.5278846153846153 0.623878205128205 0.5249198717948718 0.6265224358974358 0.5229166666666666 0.6326121794871795 0.5241185897435897 0.6348557692307691 0.5277243589743589 0.6350160256410255 0.5310096153846153 0.6338942307692308 0.5335737179487179 0.6310897435897436 0.5358974358974358 0.6274839743589743 0.5360576923076923 0.6237179487179486 0.5343749999999999 0.6223557692307692 0.5317307692307691
0 0.6207532051282051 0.5210737179487178 0.6177083333333332 0.5215544871794872 0.6141826923076923 0.5201923076923076 0.6120192307692307 0.5161858974358974 0.6117788461538461 0.5116185897435896 0.6149038461538461 0.5089743589743589 0.6193910256410255 0.5080128205128205 0.6235576923076923 0.5102564102564102 0.6256410256410256 0.5149038461538461 0.6245192307692308 0.519150641025641
0 0.6298076923076923 0.5110576923076923 0.627724358974359 0.5085737179487179 0.6264423076923077 0.5060096153846153 0.6265224358974358 0.5020032051282051 0.628926282051282 0.4993589743589743 0.6334935897435897 0.4975961538461538 0.638301282051282 0.5005608974358974 0.6393429487179486 0.5048076923076923 0.6378205128205128 0.5089743589743589 0.6346153846153846 0.5112980769230769
0 0.6438301282051282 0.525801282051282 0.6411858974358974 0.5254807692307691 0.6370993589743589 0.5237980769230769 0.6357371794871794 0.5196314102564102 0.6370192307692307 0.5153846153846153 0.6404647435897436 0.5131410256410256 0.6455929487179486 0.5130608974358974 0.6481570512820511 0.5153846153846153 0.6497596153846152 0.5185897435897435 0.6495192307692308 0.5219551282051281 0.6471955128205128 0.5252403846153846
0 0.70649941314554 0.45723298122065736 0.7059125586854461 0.4549344679186229 0.7067928403755869 0.45151115023474186 0.7090424491392802 0.44935935054773085 0.7133460485133021 0.4485279733959312 0.7165737480438186 0.4505819640062598 0.718285406885759 0.45395637715179976 0.7176007433489828 0.45713517214397503 0.7151555164319249 0.4603139671361503 0.7112431533646323 0.4607052034428796 0.7079665492957747 0.4594825899843506
0 0.6998131046613896 0.43662049252418644 0.7035510114335972 0.43563104661389623 0.7074538258575198 0.437664907651715 0.7088280562884784 0.44134784520668424 0.7083333333333334 0.4440963060686016 0.7063544415127528 0.4468997361477573 0.7036609498680739 0.4478342128408092 0.6991534740545294 0.44700967458223395 0.6980540897097626 0.44558047493403696 0.6969547053649957 0.4425021987686895 0.6971196130167107 0.4398087071240106 0.6983289357959542 0.4375
0 0.6927220756376429 0.43431178540017595 0.690193491644679 0.4332673702726474 0.6880496921723835 0.43057387862796836 0.6877748460861918 0.42755057167985927 0.688599384344767 0.42568161829375556 0.6904683377308707 0.42337291116974496 0.69415127528584 0.4227682497801231 0.698438874230431 0.424802110817942 0.6998131046613896 0.42897977132805626 0.6992084432717678 0.4318381706244503 0.697174582233949 0.4341468777484609 0.6940963060686016 0.43486147757255933
0 0.7221306068601584 0.4426671064204046 0.7232299912049253 0.43975373790677225 0.7250989445910291 0.43771987686895336 0.7288918205804749 0.4368953386103782 0.7318051890941073 0.43804969217238354 0.733674142480211 0.44101802990325417 0.7346635883905014 0.4445360598065084 0.7322999120492525 0.44810905892700087 0.7291116974494283 0.44948328935795956 0.726363236587511 0.448768689533861 0.7244942832014073 0.44728452066842567 0.7232849604221636 0.44585532102022873
0 0.7130606860158312 0.43018909410729994 0.713665347405453 0.4271657871591909 0.7167436235708003 0.4243623570800352 0.7209212840809147 0.4244722955145119 0.7241644678979772 0.42667106420404577 0.7254837291116975 0.4304639401934917 0.7235048372911169 0.4343667546174143 0.7202066842568161 0.4363456464379948 0.7167985927880387 0.4355760773966579 0.714929639401935 0.43348724714160075
0 0.7040457343887423 0.41710642040457346 0.7052000879507476 0.4136433597185576 0.7080035180299032 0.4117194371152155 0.7117963940193491 0.41155452946350046 0.715259454705365 0.41419305189094113 0.7160290237467019 0.41771108179419525 0.7149846086191733 0.4208992963940194 0.7126759014951627 0.42309806508355324 0.7092128408091469 0.42331794195250666 0.7061345646437994 0.42161389621811785 0.7047603342128409 0.4193051890941073
0 0.7342238346525946 0.43409190853122254 0.7351033421284081 0.43161829375549693 0.7379067722075638 0.4291996481970097 0.7425241864555849 0.42936455584872474 0.745547493403694 0.4321679859278804 0.7460971855760774 0.4359608619173263 0.7438434476693052 0.4396987686895339 0.7398306948109059 0.4407981530343008 0.7360378188214599 0.4392040457343887 0.7346635883905014 0.43717018469657
0 0.7249890061565523 0.4202946350043975 0.7276824978012313 0.4168315743183817 0.7323548812664907 0.41589709762532984 0.7362576956904133 0.41848065083553215 0.737302110817942 0.4224384344766931 0.7362027264731751 0.4260114335971856 0.7327946350043976 0.4277704485488127 0.7285070360598065 0.42727572559366755 0.7257585751978892 0.42535180299032543 0.7251539138082674 0.4212840809146878
0 0.7161939313984169 0.4091358839050132 0.7165237467018469 0.4070470536499561 0.717788038698329 0.4042985927880387 0.7224604221635884 0.40297933157431837 0.726033421284081 0.4048482849604222 0.7279573438874231 0.40754177660510116 0.727792436235708 0.41160949868073876 0.7247141600703606 0.41424802110817943 0.7216358839050132 0.41501759014951634 0.7178430079155672 0.413533421284081 0.7167436235708003 0.411004837291117
0 0.7440033085194375 0.40022746071133164 0.7416253101736973 0.4007444168734491 0.7387820512820512 0.39991728701406115 0.7368693134822166 0.39790115798180314 0.7360938792390406 0.39448924731182794 0.7371277915632755 0.3914909015715467 0.7399710504549213 0.38942307692307687 0.743693134822167 0.38952646815550035 0.7470016542597188 0.3919044665012406 0.7479321753515301 0.3945926385442514 0.7473118279569892 0.39841811414392053
0 0.7498966087675765 0.4139784946236559 0.746536393713813 0.41227253928866825 0.7448821339950371 0.40937758478081054 0.7452440033085194 0.4057071960297767 0.7472084367245657 0.40322580645161293 0.7507237386269644 0.401985111662531 0.7557382133995038 0.40415632754342423 0.7569272125723738 0.4076199338296112 0.7568755169561621 0.4105148883374689 0.7552212572373862 0.4124276261373035 0.752636476426799 0.4141335814722911
0 0.7585814722911496 0.42654052936311 0.7559449958643506 0.4255066170388751 0.7546009098428452 0.42297353184449954 0.7542907361455747 0.420233664185277 0.7551695616211744 0.4176488833746898 0.7567721257237386 0.4160463192721257 0.7596153846153846 0.4150641025641025 0.763389164598842 0.41589123242349046 0.7655086848635235 0.41852770885028945 0.7660773366418527 0.42204301075268813 0.7643713813068651 0.4255066170388751 0.7618382961124895 0.4267990074441687
0 0.7534346846846847 0.39301801801801795 0.7507882882882883 0.39183558558558557 0.7479729729729729 0.38918918918918916 0.7484234234234234 0.3849099099099099 0.7499436936936936 0.38215090090090087 0.7539977477477477 0.38063063063063063 0.7589527027027027 0.3823198198198198 0.7603603603603604 0.38744369369369364 0.759572072072072 0.39042792792792785 0.7567567567567567 0.392286036036036
0 0.7576013513513513 0.39645270270270266 0.7590653153153153 0.39504504504504506 0.7621058558558558 0.39369369369369367 0.7654842342342342 0.3944256756756756 0.768018018018018 0.39650900900900893 0.7690315315315315 0.3997184684684684 0.767849099099099 0.40332207207207205 0.7641891891891891 0.4054054054054054 0.7603603603603604 0.4051801801801801 0.7582207207207207 0.40320945945945946 0.7574324324324324 0.400563063063063
0 0.7661599099099099 0.4117117117117117 0.7667229729729729 0.40996621621621626 0.768018018018018 0.40822072072072063 0.7704391891891891 0.40698198198198193 0.774268018018018 0.4071509009009009 0.7769707207207207 0.409740990990991 0.7781531531531531 0.41379504504504505 0.776295045045045 0.41677927927927927 0.7734234234234234 0.4186373873873873 0.7699887387387387 0.41784909909909906 0.7673423423423422 0.41604729729729734 0.7666666666666667 0.41351351351351345
0 0.6694284341978866 0.40429875120076847 0.6700888568683957 0.40327809798270897 0.6726705091258405 0.40225744476464936 0.6759125840537944 0.402797790585975 0.6776536983669548 0.40525936599423623 0.6776536983669548 0.4089217098943324 0.6751320845341018 0.4112632084534102 0.671409702209414 0.41096301633045146 0.6694284341978866 0.409462055715658 0.6685878962536023 0.40664024975984625
0 0.6687680115273774 0.4017771373679155 0.6659462055715657 0.40225744476464936 0.6637247838616714 0.40087656099903934 0.6626440922190201 0.3991354466858789 0.6623439000960614 0.3970941402497598 0.6635446685878962 0.39451248799231514 0.6663064361191162 0.3928914505283381 0.669788664745437 0.3940922190201729 0.6714697406340058 0.39739433237271854 0.6714697406340058 0.3999159462055716
0 0.6801753121998079 0.40411863592699326 0.6786143131604225 0.40243756003842457 0.678073967339097 0.40003602305475505 0.6788544668587896 0.39799471661863595 0.68059558117195 0.39637367915465904 0.6840778097982708 0.3957132564841499 0.6867795389048991 0.39799471661863595 0.6873198847262247 0.40129682997118155 0.6856988472622477 0.40423871277617673 0.6821565802113352 0.40537944284341976
0 0.6754142823080591 0.39531175488793513 0.6736558178350024 0.3943878159275155 0.6723444206008583 0.392182284215546 0.6716589175011921 0.390543037672866 0.6726126609442059 0.38836731044349065 0.674907606103958 0.3865790414878398 0.6784543395326658 0.386787672865999 0.6803320219360991 0.3889335956127802 0.6804512398664758 0.3923909155937053 0.6790504291845493 0.39462625178826893 0.6767852885073915 0.3954905817835002
0 0.6616744158321411 0.392659155937053 0.6595582975679543 0.39280817835002385 0.6570249165474487 0.3917650214592274 0.6553260610395804 0.38890379113018597 0.6559817596566524 0.3864300190748688 0.6583661182641869 0.38407546494992845 0.660512041010968 0.38353898426323324 0.6619724606580829 0.383837029089175 0.6649827134000954 0.38681747734859323 0.6652807582260372 0.38911242250834527 0.6635819027181687 0.39179482594182163
0 0.6688820422535211 0.3863703051643192 0.6665346244131454 0.38528462441314554 0.6655076291079812 0.38355340375586855 0.6649501173708919 0.38152875586854457 0.6656543427230046 0.37903462441314556 0.6667106807511738 0.37768485915492955 0.6697623239436619 0.3766578638497653 0.6726085680751173 0.37818368544600933 0.6741930751173709 0.38041373239436616 0.6742811032863849 0.3827611502347417 0.673606220657277 0.38478579812206565 0.6714642018779343 0.38619424882629105
0 0.6969556051587301 0.3953062996031746 0.6948474702380952 0.39543030753968256 0.6918092757936508 0.3940042162698413 0.6910652281746033 0.3914620535714286 0.6916232638888888 0.3883618551587301 0.6942894345238095 0.38643973214285715 0.6970796130952381 0.38643973214285715 0.6997457837301587 0.388609871031746 0.7008618551587301 0.3917100694444445 0.6988157242063492 0.3941282242063492
0 0.6849888392857143 0.376891121031746 0.6828187003968254 0.37744915674603174 0.6792224702380952 0.3757750496031746 0.6778583829365079 0.373108878968254 0.6789744543650794 0.3699466765873016 0.6817026289682541 0.36808655753968256 0.6852368551587301 0.36821056547619047 0.6877170138888888 0.37106274801587297 0.6877170138888888 0.37496899801587297
0 0.6906312003968254 0.369140625 0.6889570932539683 0.36845858134920634 0.6871589781746033 0.3668464781746032 0.6870349702380952 0.3641183035714286 0.6886470734126984 0.3617001488095238 0.6925533234126984 0.36201016865079366 0.6947854662698413 0.36498635912698413 0.6939794146825397 0.3675905257936508
0 0.6961495535714286 0.37633308531746035 0.6934833829365079 0.3754030257936508 0.6916852678571429 0.3727368551587301 0.6919952876984128 0.37093874007936506 0.6937313988095238 0.36845858134920634 0.6973276289682541 0.36858258928571425 0.6990637400793651 0.3714967757936508 0.6985057043650794 0.3741629464285714
0 0.7017919146825397 0.38265749007936506 0.699187748015873 0.38271949404761907 0.6970176091269842 0.380797371031746 0.6968315972222222 0.37875124007936506 0.6973896329365079 0.3765190972222222 0.7006138392857143 0.37521701388888884 0.7027839781746033 0.377015128968254 0.7039000496031746 0.37862723214285715 0.7034660218253967 0.3816654265873016
0 0.7052021329365079 0.3894779265873016 0.7036520337301587 0.3888578869047619 0.7020399305555555 0.38699776785714285 0.7027219742063492 0.3839595734126984 0.7055121527777778 0.38259548611111116 0.7082403273809524 0.38414558531746035 0.7083643353174603 0.38687375992063494 0.7073102678571429 0.3887958829365079
0 0.7083581941129674 0.3604564439140812 0.7063196101829754 0.3616000397772475 0.7038832537788385 0.3621966984884647 0.7014966189339698 0.3610531026252984 0.700104415274463 0.3591636833731106 0.6996569212410502 0.35568317422434376 0.7023418854415274 0.35304793158313447 0.7066179395385839 0.35260043754972165 0.7096012330946699 0.35598150357995234
0 0.7143247812251392 0.3556334526650756 0.7120873110580748 0.35528540175019896 0.7095017899761337 0.35364459029435175 0.7089548528241846 0.3504126889419253 0.7098995624502784 0.3477277247414479 0.7134297931583135 0.3460869132856007 0.7166119729514718 0.34708134447096267 0.7186505568814638 0.3500646380270486 0.718252784407319 0.35319709626093876 0.7162639220365951 0.3555837311058075
0 0.7115900954653938 0.3713454653937948 0.7088554097056484 0.3709974144789181 0.7071151551312649 0.3694063245823389 0.706120723945903 0.3666716388225935 0.7068168257756563 0.3637877883850438 0.7093029037390614 0.36214697692919656 0.7134297931583135 0.362345863166269 0.7154186555290374 0.36448389021479716 0.7156672633253779 0.36741746221161503 0.7149214399363565 0.37005270485282427
0 0.7205399761336516 0.3635889021479714 0.7189986077963405 0.3633900159108991 0.7172086316626889 0.36229614160700085 0.7165125298329356 0.3600089498806683 0.7171091885441527 0.35802008750994435 0.7195952665075577 0.35672732696897386 0.7226282816229117 0.35732398568019097 0.7234735481304694 0.35936256961018304 0.7233741050119332 0.3614508750994432 0.7218327366746221 0.36334029435163095
0 0.7185511137629276 0.38054395385839307 0.7161644789180589 0.3802456245027845 0.7143745027844074 0.37930091487669054 0.7131314638027049 0.3777595465393795 0.7128828560063645 0.3761684566428004 0.7132309069212411 0.3736326571201274 0.7148219968178202 0.3716437947494034 0.7182030628480509 0.3712957438345267 0.7212360779634049 0.37283711217183774 0.7224293953858394 0.3760192919649961 0.7210869132856007 0.37900258552108196
0 0.7251640811455847 0.37403042959427213 0.7226780031821798 0.3723398965791568 0.7220316229116945 0.37000298329355613 0.7226282816229117 0.3670196897374702 0.7256115751789977 0.3645833333333334 0.7292909705648369 0.36532915672235483 0.7315284407319014 0.3687102227525855 0.7311306682577566 0.3709974144789181 0.7290423627684964 0.37388126491646784
0 0.4912455673758865 0.35531176122931446 0.48858599290780147 0.35568114657210403 0.4857047872340426 0.3554595153664303 0.4832668439716313 0.35309544917257685 0.4819370567375887 0.3505836288416076 0.48274970449172583 0.3466681442080379 0.48710845153664306 0.34415632387706857 0.4904329196217494 0.3445995862884161 0.49420065011820324 0.34851507092198586 0.49390514184397166 0.3525783096926714
0 0.49981530732860524 0.34718528368794327 0.4966385933806148 0.3447473404255319 0.49523492907801425 0.34223552009456265 0.49538268321513007 0.33979757683215134 0.49700797872340424 0.33662086288416077 0.5002585697399529 0.3349216903073286 0.5043218085106383 0.33602984633569744 0.5067597517730497 0.33891105200945626 0.5068336288416075 0.3431220449172577 0.50461731678487 0.3457816193853428
0 0.49789450354609927 0.3681663711583924 0.49464391252955087 0.367649231678487 0.49146719858156035 0.3651374113475177 0.4907284278959812 0.36151743498817973 0.49205821513002357 0.35811908983451535 0.49486554373522457 0.3561982860520095 0.49981530732860524 0.35671542553191493 0.5021793735224587 0.3600398936170213 0.5019577423167849 0.3635859929078014 0.49996306146572106 0.3670582151300236
0 0.5095594347464671 0.3587905236907731 0.5078449709060682 0.358738570241064 0.505143391521197 0.3571799667497922 0.5038445552784705 0.35447838736492104 0.5037926018287614 0.3512053200332502 0.5054551122194514 0.34876350789692434 0.5086242726517041 0.3471529509559435 0.5129364089775561 0.3480881130507065 0.5150145469659186 0.35104945968412304 0.5150665004156276 0.35479010806317535 0.5134559434746467 0.3572319201995013 0.5115856192851206 0.35811512884455526
0 0.47970732410611294 0.3149870242214533 0.4768959054209918 0.3144103229527105 0.47372404844290644 0.31181516724336794 0.47285899653979235 0.30893166089965396 0.4739403114186851 0.3058318915801615 0.4766075547866204 0.3034529988465975 0.4804282006920415 0.3030925605536332 0.4833837946943482 0.30482266435986155 0.4846813725490195 0.3083549596309112 0.48460928489042665 0.31181516724336794 0.48201412918108416 0.31419405997693195 0.4807165513264129 0.31477076124567477
0 0.4880694925028834 0.3272419261822376 0.4853301614763552 0.3266652249134948 0.4825908304498269 0.3249351211072664 0.48114907727796996 0.320826124567474 0.4822303921568627 0.3180147058823529 0.48583477508650513 0.31520328719723184 0.4893670703575547 0.3156358131487889 0.49304354094579006 0.3186634948096886 0.4932598039215686 0.3231329296424452 0.4916017877739331 0.32630478662053053
0 0.49931516724336783 0.3180147058823529 0.49614331026528247 0.31614042675893883 0.4940527681660899 0.31304065743944637 0.4944132064590541 0.31008506343713954 0.4965037485582468 0.3069852941176471 0.500684832756632 0.30568771626297575 0.5045775663206459 0.3079945213379469 0.5060914071510957 0.3117430795847751 0.50493800461361 0.31614042675893883 0.5019824106113032 0.31787053056516723
0 0.795033441793203 0.3922406001446131 0.796208423716558 0.3945453723788865 0.7965247650036152 0.3970309110629067 0.7947171005061461 0.39978759942154735 0.7918700289226319 0.40037509038322483 0.7893392986261748 0.39938087490961677 0.7876672089660157 0.39748282718727407 0.7870345263919015 0.39526843817787416 0.7882998915401301 0.3927828994938539 0.7907402386117136 0.391427151120752 0.7933613521330439 0.3910656182212581
0 0.7868537599421547 0.39097523499638465 0.784277838033261 0.3913367678958785 0.7819278741865509 0.38966467823571943 0.7811144251626897 0.38731471438900933 0.781069233550253 0.38510032537960953 0.7828317064352855 0.3828407447577729 0.785769161243673 0.3820272957339118 0.7885710412147504 0.38342823571945045 0.7898815979754157 0.38582339117859726 0.7900623644251626 0.3880377801879971 0.7887518076644974 0.3899810195227766
0 0.7804365509761387 0.381484996384671 0.7778606290672451 0.3818465292841649 0.7751491323210411 0.3802196312364425 0.774154916847433 0.37764370932754876 0.7751039407086043 0.37461587129428775 0.7765500723065799 0.37321493130874905 0.7791259942154735 0.37285339840925524 0.7816567245119306 0.37371203904555317 0.7834191973969631 0.3758812364425163 0.7835547722342733 0.37881869125090384 0.7815211496746203 0.38134942154736073
0 0.7751491323210411 0.37127169197396964 0.7734770426608819 0.37136207519884307 0.7715338033261026 0.3701870932754881 0.7709011207519884 0.3682890455531453 0.7714886117136659 0.3665265726681128 0.7731155097613883 0.36526120751988433 0.776007772957339 0.36526120751988433 0.7772279464931308 0.366662147505423 0.7774539045553144 0.368515003615329 0.7771375632682573 0.3700967100506146
0 0.7810240419378162 0.36611984815618226 0.779713485177151 0.3659390817064353 0.7784933116413593 0.364131417208966 0.7780865871294287 0.3625949023861171 0.7791711858279103 0.3607872378886478 0.7810240419378162 0.3605160882140274 0.7831028561099058 0.36137472885032534 0.7841874548083875 0.3634987346348518 0.7834643890093997 0.3656679320318149
0 0.7869893347794649 0.36132953723788863 0.7852268618944324 0.36092281272595805 0.7844586044830077 0.35902476500361535 0.785452819956616 0.3566296095444685 0.7872604844540851 0.35568058568329713 0.7900623644251626 0.3572171005061461 0.7906046637744034 0.3602901301518438 0.7885258496023138 0.3620074114244396
0 0.7878479754157627 0.3732601229211858 0.785769161243673 0.3737572306579898 0.7839614967462039 0.3728082067968185 0.782922089660159 0.3704130513376717 0.7836903470715834 0.36860538684020244 0.7858143528561099 0.36711406362979027 0.7883902747650035 0.3676111713665943 0.7895200650759218 0.3695996023138105 0.7894296818510484 0.3719947577729574
0 0.7924123282718726 0.3691024945770065 0.7906950469992767 0.3684698120028922 0.7893392986261748 0.366662147505423 0.7898364063629789 0.36467371655820674 0.7903335140997829 0.3633179681851048 0.7930450108459869 0.3624141359363702 0.7955757411424439 0.3639506507592191 0.796072848879248 0.3660294649313088 0.7953045914678235 0.36810827910339844 0.7937680766449747 0.3690573029645698
0 0.7882095083152566 0.3760620028922632 0.7897460231381054 0.37470625451916123 0.7917344540853217 0.37452548806941427 0.7933161605206073 0.3756552783803326 0.7939940347071583 0.3775985177151121 0.7931353940708603 0.37967733188720176 0.7914633044107012 0.3808975054229935 0.7893392986261748 0.38080712219812 0.7875316341287056 0.37913503253796094 0.7880739334779465 0.37741775126536514
0 0.7939036514822847 0.37235629067245113 0.7952593998553866 0.37045824295010843 0.7976997469269702 0.36973517715112075 0.8000045191612437 0.3713168835864063 0.800275668835864 0.37380242227042665 0.7989199204627621 0.3758812364425163 0.7963891901663049 0.37597161966738973 0.7944459508315256 0.3748418293564715
0 0.7996918335901387 0.38257575757575757 0.7989214175654854 0.3807781201848998 0.7993708269131999 0.37865947611710327 0.8006869542886492 0.37682973805855163 0.8043143297380586 0.3772470467385721 0.8059514637904469 0.3794940934771443 0.8055983564458141 0.3816448382126348 0.8035439137134053 0.38363507960965587 0.8010721623009759 0.38318567026194145
0 0.7978299948638932 0.3876797637390857 0.7960002568053416 0.38803287108371853 0.7941384180790961 0.38764766307139187 0.7928222907036466 0.3862352336928608 0.7923728813559323 0.38440549563430915 0.79301489470981 0.38257575757575757 0.7945236260914228 0.3812275295326143 0.7968027734976888 0.381002824858757 0.7982794042116077 0.3818374422187981 0.7993387262455058 0.3832819722650231 0.7997881355932204 0.38507960965588084 0.7987930148947099 0.3869093477144324 0.7981189008731383 0.3878402670775552
0 0.801040061633282 0.3948382126348228 0.798985618900873 0.3940998972778634 0.7980225988700566 0.3933615819209039 0.7977015921931176 0.39166024653312786 0.7979583975346687 0.38995891114535186 0.7992103235747303 0.3886427837699024 0.801874678993323 0.3886106831022085 0.8033513097072419 0.3904404211607601 0.8034476117103236 0.39300847457627114
0 0.8072675911658962 0.39021571648690295 0.8058230611196713 0.3897021058038007 0.8043785310734463 0.38873908577298405 0.8039612223934258 0.3865241397021058 0.8047637390857729 0.38466230097586024 0.8074922958397535 0.3837955829481254 0.8097714432460195 0.38520801232665636 0.809354134565999 0.38867488443759624
0 0.7776418172690762 0.3019892068273093 0.7810303714859437 0.30343247991967875 0.7823481425702812 0.3071347891566265 0.7805283634538152 0.31058609437751006 0.7770770582329317 0.31146460843373497 0.7745670180722891 0.31064884538152615 0.7728727409638555 0.30876631526104426 0.772558985943775 0.305628765060241 0.7740022590361445 0.3034952309236948
0 0.7844816767068272 0.3043737449799197 0.7825363955823293 0.3023029618473896 0.7820971385542168 0.29991842369477917 0.7829129016064258 0.29728288152610444 0.7854229417670683 0.2955886044176707 0.7893135040160641 0.2960278614457832 0.791070532128514 0.29847515060240964 0.7913842871485944 0.30129894578313254 0.7893762550200804 0.3044992469879519 0.7865524598393574 0.30544051204819284
0 0.7859249497991969 0.3205007530120482 0.7827246485943775 0.3206890060240964 0.7800263554216869 0.3186182228915663 0.779398845381526 0.3165474397590362 0.7800891064257028 0.3132843875502008 0.7823481425702812 0.31184111445783136 0.7847326807228916 0.31159011044176715 0.7874309738955824 0.31297063253012053 0.7887487449799196 0.3162964357429719 0.7879957329317269 0.3193712349397591
0 0.7900665160642572 0.3301016566265061 0.787117218875502 0.3292231425702811 0.7854229417670683 0.3268386044176707 0.7856739457831325 0.3237010542168675 0.787054467871486 0.32188127510040165 0.7889369979919678 0.3209400100401607 0.791886295180723 0.3206890060240964 0.7940825803212852 0.3226342871485944 0.7949610943775101 0.32464231927710846 0.7947100903614457 0.32734061244979923 0.7914470381526104 0.3301644076305221
0 0.7928275602409639 0.3145394076305221 0.7902547690763053 0.3132843875502008 0.7884349899598393 0.3109626004016065 0.7884977409638555 0.3083898092369478 0.7896900100401606 0.30650727911646586 0.7917607931726908 0.3050640060240964 0.7946473393574297 0.3051895080321286 0.7972828815261045 0.3068210341365462 0.797784889558233 0.3100213353413655 0.7965298694779117 0.31297063253012053
0 0.7986634036144578 0.3235128012048193 0.7960906124497992 0.32200677710843373 0.795023845381526 0.3191829819277109 0.7957768574297188 0.3158571787148595 0.7992281626506025 0.3142256526104418 0.8033697289156627 0.3154806726907631 0.8043737449799196 0.318304467871486 0.8034952309236947 0.3217557730923695 0.8010479417670683 0.3237010542168675
0 0.7943963353413656 0.2988516566265061 0.7928903112449799 0.2975966365461848 0.7913215361445783 0.294898343373494 0.7917607931726908 0.2920745481927711 0.793957078313253 0.2895645080321286 0.797847640562249 0.29012926706827313 0.8004204317269076 0.29220005020080325 0.8012361947791166 0.29483559236947793 0.7980358935742972 0.2982868975903615
0 0.8021774598393574 0.30763679718875503 0.7992281626506025 0.3070092871485944 0.7981613955823293 0.3040599899598394 0.7984123995983936 0.3019264558232932 0.8000439257028112 0.2998556726907631 0.802679467871486 0.2992909136546185 0.805566014056225 0.30004392570281124 0.806632781124498 0.30186370481927716 0.8065072791164658 0.3050640060240964 0.8039344879518072 0.3076995481927711
0 0.8088918172690762 0.31698669678714864 0.8062562751004017 0.31667294176706834 0.8042482429718877 0.31384914658634544 0.8045619979919678 0.31033509036144585 0.8070720381526104 0.30820155622489964 0.8098330823293174 0.30751129518072295 0.8123431224899599 0.30889181726907633 0.8135981425702812 0.3120293674698795 0.8126568775100401 0.31541792168674704
0 0.8053777610441767 0.2928275602409639 0.8021147088353414 0.2915097891566265 0.8004204317269076 0.28899974899598396 0.8009851907630522 0.2852974397590362 0.8029304718875502 0.28372866465863456 0.806632781124498 0.2832266566265061 0.8097075803212852 0.28554844377510047 0.809582078313253 0.29006651606425704 0.8079505522088353 0.29182354417670686
0 0.8120293674698795 0.3018009538152611 0.8096448293172691 0.30148719879518077 0.8076995481927711 0.29979292168674704 0.8070720381526104 0.2969063755020081 0.808703564257028 0.2940198293172691 0.8108998493975904 0.2928275602409639 0.8147276606425703 0.2932040662650603 0.8161709337349398 0.2964671184738956 0.8153551706827309 0.29935366465863456 0.8133471385542168 0.3019892068273093
0 0.8206262550200804 0.31058609437751006 0.8176142068273092 0.31046059236947793 0.8151041666666666 0.309519327309237 0.8131588855421686 0.30763679718875503 0.8130333835341365 0.3050640060240964 0.8156689257028112 0.30148719879518077 0.8200614959839359 0.30117344377510047 0.8224460341365462 0.3036207329317269 0.8225715361445783 0.30663278112449804 0.8216302710843373 0.3098330823293173
0 0.7426706259426848 0.3342053167420814 0.7402196455505279 0.33345116892911014 0.738428544494721 0.33123585972850683 0.7391826923076924 0.328125 0.7424349547511312 0.32685237556561086 0.7453572775263952 0.32878487933635 0.7454044117647058 0.3313772624434389
0 0.7475254524886878 0.3408983785822021 0.7462999622926094 0.34075697586727 0.7438961161387633 0.33995569381598795 0.7430948340874811 0.3381174585218703 0.7430476998491704 0.3360435520361991 0.7445559954751132 0.3341581825037708 0.7467241704374057 0.3337811085972851 0.7488452111613877 0.3345352564102564 0.7502121040723982 0.3365148944193062 0.7504949095022624 0.33896587481146306 0.7488452111613877 0.3408512443438914
0 0.7490337481146305 0.3297275641025641 0.747808257918552 0.32958616138763197 0.7454044117647058 0.3287848793363499 0.7446031297134238 0.3269466440422323 0.7445559954751131 0.3248727375565611 0.7460642911010558 0.32298736802413275 0.7482324660633484 0.3226102941176471 0.7503535067873303 0.32336444193061836 0.7517203996983409 0.3253440799396682 0.7520032051282051 0.32779506033182504 0.7503535067873303 0.3296804298642534
0 0.7534172322775263 0.3361378205128205 0.7521917420814479 0.33599641779788836 0.7497878959276018 0.3351951357466063 0.7489866138763196 0.33335690045248867 0.7489394796380089 0.3312829939668175 0.7504477752639517 0.32939762443438914 0.7526159502262442 0.32902055052790347 0.7547369909502262 0.32977469834087475 0.7561038838612367 0.3317543363499246 0.7563866892911009 0.3342053167420814 0.7547369909502262 0.33609068627450983
0 0.7629854826546003 0.3505137631975867 0.7617599924585218 0.3503723604826546 0.7593561463046757 0.34957107843137253 0.7585548642533936 0.3477328431372549 0.7585077300150829 0.3456589366515837 0.7600160256410255 0.34377356711915535 0.7621842006033182 0.3433964932126697 0.7643052413273 0.34415064102564097 0.7656721342383107 0.3461302790346908 0.7659549396681749 0.34858125942684764 0.7643052413273 0.350466628959276
0 0.7581777903469079 0.3433022247360482 0.7569523001508295 0.3431608220211161 0.7545484539969833 0.34235953996983404 0.7537471719457012 0.3405213046757164 0.7537000377073905 0.3384473981900452 0.7552083333333333 0.33656202865761686 0.7573765082956257 0.3361849547511312 0.7594975490196078 0.3369391025641025 0.7608644419306183 0.3389187405731523 0.7611472473604824 0.34136972096530915 0.7594975490196078 0.3432550904977375
0 0.7515789969834087 0.3479685143288084 0.7503535067873301 0.34782711161387625 0.7479496606334841 0.3470258295625942 0.747148378582202 0.34518759426847656 0.7471012443438912 0.3431136877828054 0.7486095399698339 0.341228318250377 0.7507777149321265 0.34085124434389136 0.7528987556561084 0.34160539215686264 0.7542656485671191 0.34358503016591246 0.7545484539969832 0.3460360105580693 0.7528987556561084 0.3479213800904977
0 0.7570465686274508 0.35475584464555043 0.7558210784313724 0.3546144419306183 0.7534172322775262 0.35381315987933626 0.7526159502262441 0.3519749245852186 0.7525688159879335 0.3499010180995475 0.7540771116138761 0.3480156485671191 0.7562452865761687 0.3476385746606334 0.7583663273001506 0.34839272247360475 0.7597332202111612 0.3503723604826546 0.7600160256410254 0.35282334087481143 0.7583663273001506 0.3547087104072398
0 0.7567212016838883 0.32367011098354387 0.75468809797168 0.3234787600459243 0.7536117489475699 0.32256984309223125 0.7525593187906621 0.3209672789896671 0.7529420206659012 0.3195560658247226 0.754472828166858 0.31783390738614625 0.7563145809414467 0.31783390738614625 0.7585868733256793 0.31905376961347115 0.7590891695369308 0.3209911978568696 0.7581563337160353 0.32268943742824346
0 0.7610983543819365 0.3189820130118638 0.7602611940298507 0.31807309605817075 0.7595197091465749 0.316757558362036 0.7595197091465749 0.31510715652506704 0.76064389590509 0.31355243015690787 0.7622942977420589 0.3130501339456564 0.7639207807118255 0.3131936471488711 0.7653559127439724 0.3145331037122083 0.7657625334864141 0.316063911213165 0.765379831611175 0.31769039418293155 0.7643034825870647 0.3187667432070418 0.7628922694221202 0.319149445082281
0 0.7623817473567056 0.33041179744017807 0.7604688369504731 0.3306900389538119 0.7591471897607124 0.32995965498052304 0.758034223706177 0.3284641068447412 0.7577559821925431 0.3268294379521424 0.7587646076794659 0.3251252086811352 0.76060795770729 0.32422092376182526 0.7625208681135226 0.3248817473567056 0.7640164162493044 0.32665553700612127 0.763807735114079 0.328742348358375
0 0.7661380077907624 0.32637729549248745 0.7641903171953255 0.325090428491931 0.7635990539788536 0.32314273789649417 0.7641207568169172 0.32081246521981077 0.7671118530884807 0.31959515859766274 0.7700333889816361 0.3205690038953811 0.770937673900946 0.3228297161936561 0.7701725097384531 0.32505564830272676 0.7686421814134669 0.3266903171953255
0 0.8204615600448933 0.36766975308641975 0.8172348484848485 0.3680204826038159 0.8128858024691359 0.3666175645342312 0.8104306958473626 0.3627595398428732 0.8107112794612794 0.3587612233445567 0.8132365319865319 0.35532407407407407 0.8178661616161617 0.3543420314253648 0.8219346240179572 0.3560255331088664 0.8240390011223345 0.35925224466891137 0.8240390011223345 0.3639520202020202
0 0.8096590909090908 0.35525392817059487 0.8072741301907967 0.35511363636363635 0.8047488776655443 0.3539211560044893 0.8032758136924804 0.35146604938271603 0.8035563973063973 0.3483796296296296 0.8059413580246914 0.3456439393939394 0.8095187991021324 0.3459946689113356 0.8123947811447811 0.3487303591470259 0.8126753647586981 0.3513959034792368
0 0.8262135241301908 0.3779110549943884 0.8228465207631874 0.3771394500561167 0.8203212682379349 0.374544051627385 0.8203212682379349 0.3711770482603816 0.8217943322109988 0.368932379349046 0.8246001683501684 0.3679503367003367 0.8292297979797979 0.36921296296296297 0.8297909652076318 0.373070987654321 0.8283880471380471 0.37671857463524133
0 0.8289492143658811 0.34536335578002253 0.8263538159371493 0.3452932098765432 0.8227763748597082 0.34375 0.8215838945005612 0.33989197530864196 0.8214436026936027 0.3372965768799102 0.8228465207631874 0.33392957351290686 0.8282477553310887 0.331895342312009 0.8330176767676767 0.3340698653198653 0.8347011784511784 0.33771745230078565 0.83456088664422 0.34087401795735134 0.8323162177328843 0.34452160493827166
0 0.8397516835016834 0.3623386644219978 0.8367354096520764 0.362408810325477 0.8331579685746353 0.3582000561167228 0.8333684062850729 0.35321969696969696 0.835192199775533 0.3502735690235691 0.8409441638608305 0.34887065095398434 0.8434694163860832 0.3501332772166106 0.8452932098765431 0.3521675084175085 0.846696127946128 0.35504349046015715 0.8463453984287317 0.35904180695847365 0.8442410213243547 0.3610058922558923
0 0.8334446225071226 0.33032852564102566 0.8321536680911682 0.3299724002849003 0.8309962606837608 0.3290820868945869 0.830684650997151 0.3275240384615385 0.830818198005698 0.325565349002849 0.8325988247863249 0.3240073005698006 0.8354923433048433 0.32445245726495725 0.8370058760683761 0.3260105056980057 0.8367832977207977 0.32863693019943024 0.8356258903133903 0.33023949430199434
0 0.8404335826210828 0.3406116452991453 0.8388755341880343 0.34007745726495725 0.8377626424501424 0.3384303774928775 0.8373620014245016 0.3365607193732194 0.8379407051282052 0.3349136396011396 0.8399884259259259 0.33397881054131057 0.8423032407407408 0.3343794515669516 0.8439503205128206 0.3365162037037037 0.8435496794871795 0.33856392450142453 0.8421696937321937 0.34025551994301995
0 0.8443509615384616 0.34728899572649574 0.8427929131054132 0.34622061965811973 0.8419471153846154 0.34461805555555564 0.8420806623931625 0.3428819444444445 0.8433716168091169 0.3411013176638177 0.8449741809116809 0.34065616096866097 0.8475115740740741 0.3411458333333333 0.8486689814814815 0.34328258547008544 0.8479567307692307 0.3459535256410257 0.8459535256410255 0.3476451210826211
0 0.8514734686609686 0.3572159900284901 0.849826388888889 0.3562366452991453 0.849158653846154 0.3545005341880342 0.8489805911680912 0.3528089387464388 0.85022702991453 0.35138443732193736 0.8516070156695158 0.35071670227920226 0.8537882834757835 0.3509837962962963 0.8553018162393162 0.3522747507122508 0.8553908475783476 0.35485665954415957 0.854277955840456 0.3567263176638176
0 0.8915625 0.4287847222222222 0.8887847222222223 0.42885416666666665 0.8849652777777779 0.4263541666666667 0.8827430555555557 0.4220486111111111 0.8841319444444445 0.4182986111111111 0.887465277777778 0.41531250000000003 0.8938541666666666 0.4132291666666667 0.8983680555555557 0.41697916666666673 0.9001736111111113 0.42197916666666674 0.8978125 0.42711805555555554 0.8943402777777779 0.4292708333333333
