0 0.056604853479853466 0.8582303113553114 0.05603250915750916 0.8520489926739926 0.060382326007326 0.8474702380952381 0.0687385531135531 0.8468978937728938 0.07285943223443223 0.851820054945055 0.07137133699633699 0.8583447802197802 0.06713598901098901 0.863610347985348 0.060382326007326 0.8625801282051282
0 0.07858287545787546 0.8218292124542126 0.08029990842490843 0.817135989010989 0.08510760073260072 0.8143887362637362 0.09231913919413919 0.8159913003663003 0.09518086080586079 0.8225160256410255 0.0907165750915751 0.8296130952380952 0.08213141025641026 0.8302999084249084 0.07904075091575091 0.8267513736263737
0 0.0994162087912088 0.7921817765567767 0.10067536630036629 0.7865728021978022 0.10616987179487179 0.7829097985347986 0.11532738095238093 0.7857715201465201 0.11715888278388277 0.793440934065934 0.11166437728937728 0.7992788461538463 0.10628434065934064 0.8001945970695971 0.10147664835164834 0.7976762820512822
0 0.07949862637362637 0.8764308608058609 0.07926968864468865 0.8667010073260074 0.08762591575091576 0.8613209706959706 0.09701236263736264 0.86441163003663 0.10010302197802198 0.8754006410256411 0.09495192307692307 0.8805517399267399 0.08751144688644687 0.882154304029304
0 0.10594093406593405 0.8485004578754579 0.10113324175824175 0.8420902014652015 0.1022779304029304 0.833276098901099 0.11303800366300365 0.8284684065934065 0.12024954212454214 0.8337339743589745 0.12253891941391942 0.8406021062271062 0.11750228937728939 0.848385989010989
0 0.12185210622710622 0.811298076923077 0.12425595238095236 0.8017971611721612 0.13089514652014653 0.7982486263736265 0.1398237179487179 0.8007669413919414 0.14611950549450545 0.807864010989011 0.13902243589743588 0.8173649267399268 0.13478708791208788 0.8194253663003663 0.12334020146520146 0.8161057692307693
0 0.1775023946360153 0.6893558429118775 0.1812140804597701 0.6803759578544061 0.1931872605363985 0.6772629310344828 0.20324473180076627 0.6832495210727969 0.20504070881226055 0.693426724137931 0.20049090038314177 0.7012092911877394 0.19115181992337166 0.7036039272030651 0.1806154214559387 0.6998922413793104
0 0.1946240421455939 0.6642121647509579 0.20001197318007666 0.6539152298850575 0.2110272988505747 0.651640325670498 0.22084530651340997 0.6581058429118775 0.22323994252873566 0.6679238505747127 0.21785201149425285 0.6767840038314177 0.21090756704980843 0.6778615900383141 0.1994133141762452 0.6752274904214559
0 0.20360392720306517 0.7027658045977012 0.20791427203065135 0.6966594827586208 0.2184506704980843 0.6939056513409962 0.22850814176245213 0.7016882183908046 0.23018438697318008 0.7092313218390804 0.22599377394636017 0.718330938697318 0.2147389846743295 0.72084530651341 0.203963122605364 0.7144995210727969
0 0.22060584291187743 0.6806154214559387 0.2244372605363985 0.6721144636015326 0.23449473180076627 0.6687619731800767 0.24610871647509577 0.6747485632183908 0.24802442528735635 0.686242816091954 0.23916427203065135 0.6947437739463602 0.22886733716475097 0.6943845785440613 0.2222820881226054 0.6897150383141762
0 0.2286278735632184 0.723359674329502 0.23545258620689655 0.7135416666666666 0.24479166666666666 0.7123443486590039 0.2543702107279694 0.7188098659003831 0.2556872605363985 0.7289870689655172 0.2511374521072797 0.7365301724137931 0.2437140804597701 0.7383261494252874 0.23269875478927204 0.7354525862068966
0 0.24634818007662834 0.6986949233716475 0.2519755747126437 0.6892361111111112 0.2621527777777778 0.6864822796934866 0.27197078544061304 0.6939056513409962 0.27424568965517243 0.7034841954022988 0.2674209770114943 0.7122246168582376 0.25844109195402304 0.7140205938697318 0.24994013409961685 0.7098299808429119
0 0.25365181992337166 0.7402418582375478 0.2604765325670498 0.7297054597701149 0.2737667624521073 0.7315014367816092 0.2822677203065134 0.7420378352490421 0.2772389846743295 0.7525742337164751 0.26885775862068967 0.7552083333333334 0.25664511494252873 0.7513769157088123
0 0.271132662835249 0.7137811302681992 0.2786757662835249 0.7046815134099618 0.29412116858237547 0.7063577586206896 0.29843151340996166 0.7168941570881225 0.2959171455938697 0.7256345785440613 0.28957136015325674 0.7297054597701149 0.2762811302681992 0.7282686781609196 0.27316810344827586 0.723359674329502
0 0.28407622739018085 0.7650193798449613 0.28738695090439276 0.7588016795865633 0.29917635658914726 0.7579941860465116 0.30450581395348836 0.7638081395348837 0.3060400516795866 0.7719638242894056 0.29933785529715756 0.7778585271317829 0.28892118863049093 0.7777777777777777 0.2842377260981912 0.772609819121447
0 0.3015896524486572 0.7386947077409163 0.3067239336492891 0.7323755924170617 0.31640007898894157 0.7322768562401264 0.3218305687203792 0.7381022906793049 0.32311413902053715 0.7449150868878358 0.3192634281200632 0.7511354660347552 0.3107721169036335 0.7531101895734598 0.30425552922590837 0.7500493680884677 0.3017871248025277 0.7460999210110585
0 0.31689375987361773 0.7171702211690364 0.3223242496050553 0.7082839652448658 0.3321978672985782 0.7080864928909953 0.3400967614533965 0.715689178515008 0.3385169826224329 0.7246741706161138 0.3321978672985782 0.7294135071090048 0.322620458135861 0.7281299368088467 0.31837480252764616 0.7236868088467615
0 0.20992302543507368 0.6321954484605088 0.2126840696117805 0.6262550200803214 0.21870816599732265 0.623995983935743 0.22590361445783136 0.6266733601070952 0.22699129852744315 0.633785140562249 0.22423025435073632 0.6394745649263722 0.21971218206157972 0.6413989290495316 0.2147757697456493 0.6403112449799198 0.21184738955823296 0.636880856760375
0 0.222640562248996 0.6127008032128515 0.22615461847389565 0.6064257028112451 0.23276439089692105 0.605756358768407 0.2382864792503347 0.6088520749665328 0.23929049531459176 0.615880187416332 0.2355254350736279 0.6215696117804552 0.23025435073627848 0.6225736278447123 0.22523427041499336 0.6203145917001339 0.22356091030789832 0.6166331994645249
0 0.2355254350736279 0.5952141900937082 0.23870481927710846 0.5887717536813922 0.24748995983935748 0.587516733601071 0.2525100401606426 0.5937081659973227 0.2508366800535476 0.6014892904953146 0.24489625167336015 0.6051706827309238 0.23786813922356093 0.6022423025435074
0 0.22835286458333334 0.6435004340277778 0.23225911458333334 0.6376410590277778 0.23974609375 0.63623046875 0.24527994791666666 0.6421983506944445 0.24376085069444448 0.6513129340277778 0.2360568576388889 0.6539171006944445 0.23008897569444448 0.6512044270833334
0 0.24072265625 0.6273328993055556 0.24419487847222224 0.6195203993055556 0.2517903645833333 0.6182183159722223 0.2577582465277778 0.6239691840277778 0.2562391493055556 0.632541232638889 0.2501627604166667 0.6361219618055556 0.2428927951388889 0.6327582465277778
0 0.25341796875 0.6073676215277778 0.2579752604166667 0.5997721354166666 0.26763237847222227 0.6009657118055556 0.2703450520833333 0.60888671875 0.26665581597222227 0.6161566840277778 0.2604709201388889 0.61669921875 0.2552625868055556 0.61474609375
0 0.24669170243204575 0.6599606580829757 0.24740701001430612 0.6538805436337625 0.2524141630901287 0.6495886981402003 0.2588519313304721 0.6503040057224606 0.26314377682403434 0.6545064377682404 0.26305436337625177 0.662643061516452 0.2598354792560801 0.665593705293276 0.2555436337625179 0.6668454935622318 0.24830114449213161 0.6641630901287553
0 0.2593920765027322 0.6374658469945356 0.2628927595628415 0.631745218579235 0.2708333333333333 0.6310621584699454 0.2765539617486339 0.6375512295081968 0.27467554644808745 0.6462602459016394 0.2686987704918033 0.6492486338797815 0.2614412568306011 0.6467725409836066
0 0.27126024590163933 0.6194501366120219 0.2770662568306011 0.612363387978142 0.28517759562841527 0.6141564207650273 0.2898736338797814 0.62073087431694 0.2864583333333333 0.6290129781420766 0.28005464480874315 0.6301229508196722 0.2745901639344262 0.6281591530054645
0 0.27135942760942766 0.6779250841750842 0.27086840628507297 0.6713313692480359 0.2750771604938272 0.6664913019079686 0.2823021885521886 0.6662808641975309 0.28742283950617287 0.6711910774410774 0.286861672278339 0.6789772727272727 0.2817410213243547 0.6837471941638609 0.27332351290684626 0.6817831088664422
0 0.28342452300785637 0.6563201459034792 0.2861602132435466 0.6491652637485971 0.29317480359147025 0.6477623456790124 0.29843574635241304 0.6504980359147026 0.30032968574635244 0.656811167227834 0.2973835578002245 0.6634048821548821 0.2907898428731762 0.6644570707070707 0.28566919191919193 0.6622124017957352
0 0.2954896184062851 0.6371001683501684 0.2998386644219978 0.6304363075196409 0.30699354657687994 0.6293139730639731 0.3121141975308642 0.6342943322109988 0.3121843434343435 0.6425014029180696 0.3061517957351291 0.6465698653198653 0.2993476430976431 0.6448863636363636
0 0.29188965341488277 0.6935206422018347 0.2890226809378186 0.6885512232415902 0.2903606014271152 0.6821801732925585 0.2955848623853211 0.679249490316004 0.3018284913353721 0.6800140163098879 0.30565112130479105 0.6847285932721712 0.3052688583078491 0.6925649847094801 0.3013825178389399 0.6948585626911314 0.29685907237512743 0.6958779306829764
0 0.3018922018348624 0.6668259429153924 0.304440621814475 0.6623662079510704 0.3096011722731906 0.6602000509683995 0.3175012742099898 0.6631944444444444 0.3187117737003058 0.6711582568807339 0.31336009174311924 0.6777204383282365 0.3045680428134556 0.6758728338430173 0.302210754332314 0.6721776248725789
0 0.3141883282364934 0.650006371049949 0.3174375637104995 0.6433167686034659 0.3249554026503568 0.6422336901121306 0.3301159531090724 0.6465022935779816 0.3306893476044852 0.6533830275229359 0.3261021916411824 0.6589258409785932 0.31852064220183485 0.6582250254841998 0.31571738022426094 0.6558677370030582
0 0.30665650406504064 0.7827743902439024 0.30879065040650405 0.7772865853658537 0.3167174796747968 0.7729166666666667 0.3269817073170732 0.7770833333333333 0.32881097560975614 0.7863313008130083 0.3248475609756098 0.7928353658536587 0.3196646341463415 0.7948678861788617 0.3115345528455285 0.7935467479674797 0.3073678861788618 0.788160569105691
0 0.32383130081300815 0.7583841463414636 0.32820121951219516 0.7492378048780489 0.33744918699187 0.7475101626016261 0.34405487804878054 0.7513719512195123 0.3467987804878049 0.7587906504065042 0.34425813008130085 0.7658028455284553 0.3394817073170732 0.7689532520325203 0.3308434959349594 0.76864837398374 0.3267784552845529 0.7647865853658536
0 0.339989837398374 0.7327743902439026 0.3465955284552846 0.7244410569105693 0.35706300813008135 0.7257621951219513 0.36295731707317075 0.7334857723577236 0.36153455284552855 0.7397865853658536 0.35625000000000007 0.7444613821138213 0.3505589430894309 0.7460873983739839 0.3448678861788619 0.7425304878048782
0 0.32917906746031744 0.7980530753968254 0.3335193452380953 0.7914806547619048 0.34418402777777773 0.7897445436507937 0.3521205357142857 0.7984250992063493 0.34926835317460314 0.8085937499999999 0.3381076388888889 0.8110739087301587 0.330171130952381 0.8062375992063493
0 0.3472842261904763 0.7747395833333333 0.35050843253968256 0.7646949404761905 0.36489335317460314 0.7638268849206349 0.36997767857142855 0.7749875992063493 0.365389384920635 0.7846602182539681 0.35274057539682546 0.7845362103174603
0 0.36340525793650796 0.749813988095238 0.36861359126984133 0.7401413690476191 0.38163442460317465 0.7408854166666666 0.3859747023809524 0.7524181547619048 0.38014632936507936 0.7607266865079365 0.3701016865079365 0.7601066468253967 0.36439732142857145 0.7551463293650793
0 0.3383602819237148 0.7013370646766169 0.3313121890547264 0.6961546434494196 0.3302757048092869 0.6895211442786069 0.3347325870646767 0.6834058872305141 0.34333540630182424 0.6837168325041459 0.34768864013267003 0.6900393864013268 0.3461339137645108 0.6977093698175788
0 0.35131633499170817 0.6805037313432836 0.34509742951907135 0.6753213101160862 0.34509742951907135 0.6656820066334992 0.35256011608623555 0.6626762023217247 0.3598155058043118 0.6665111940298507 0.36157752902155893 0.675632255389718 0.35701699834162526 0.6809183250414594
0 0.3591936152570481 0.7141894693200663 0.3510053897180763 0.7101471807628524 0.34976160862354894 0.7015443615257048 0.35452943615257054 0.6966728855721392 0.3621994195688226 0.6968801824212272 0.3665526533996684 0.7021662520729685 0.36644900497512445 0.7092143449419569
0 0.3748193641618497 0.7266979768786127 0.36952071290944116 0.7218810211946051 0.3686777456647398 0.714294315992293 0.3738559730250482 0.7098386319845857 0.3821652215799614 0.7108020231213873 0.3852962427745665 0.7159802504816957 0.38577793834296725 0.7220014450867053 0.3810814065510597 0.7266979768786127
0 0.37144749518304426 0.694424373795761 0.3643424855491329 0.6885236030828517 0.36410163776493254 0.678769267822736 0.37036368015414256 0.6753973988439307 0.3786729287090559 0.6778058766859345 0.3807201348747592 0.6845496146435454 0.3771074181117534 0.6923771676300579
0 0.3920399807321772 0.7070688824662813 0.3827673410404624 0.7033357418111754 0.3827673410404624 0.69370183044316 0.3890293834296724 0.6884031791907514 0.3975794797687861 0.6916546242774566 0.3991449903660886 0.6997230250481696 0.39866329479768786 0.7055033718689788
0 0.38687632696390656 0.7330812101910827 0.39019373673036095 0.7243232484076433 0.3976247346072187 0.7223328025477707 0.4061173036093418 0.7280387473460721 0.4035960721868365 0.7360005307855626 0.4008094479830149 0.7395833333333334 0.3912553078556263 0.7394506369426751
0 0.40041135881104034 0.7105228237791932 0.40505573248407645 0.7028264331210191 0.4151406581740976 0.7030918259023354 0.4203158174097664 0.7111863057324841 0.4159368365180467 0.7198115711252654 0.4095674097664543 0.7207404458598726 0.40240180467091297 0.71729033970276
0 0.36458333333333337 0.8250612745098038 0.3687193627450981 0.8155637254901962 0.379748774509804 0.8134191176470588 0.38572303921568635 0.8169424019607844 0.38924632352941185 0.8233762254901962 0.38679534313725494 0.8305759803921569 0.3808210784313726 0.8357843137254902 0.3713235294117648 0.8354779411764706
0 0.3898698884758365 0.8375154894671623 0.3948265179677819 0.8320167286245352 0.4024938042131351 0.8299256505576208 0.41116790582403967 0.8352695167286245 0.4128717472118959 0.8444083023543989 0.40892193308550184 0.8498296158612144 0.4049721189591078 0.8526177199504338 0.398543990086741 0.8523853779429987 0.39149628252788105 0.8489002478314746 0.3900247831474597 0.8436338289962826
0 0.4138011152416357 0.8551734820322181 0.41759603469640644 0.8492100371747212 0.42642503097893436 0.8470415117719949 0.434866790582404 0.8525402726146221 0.43525402726146223 0.8613692688971499 0.4305297397769516 0.8681071871127632 0.4190675340768278 0.8688816604708798 0.413956009913259 0.8627633209417597
0 0.3837585034013605 0.803656462585034 0.38477891156462585 0.7931122448979593 0.39268707482993187 0.788265306122449 0.39991496598639453 0.7906462585034014 0.40459183673469384 0.7963435374149659 0.404421768707483 0.8052721088435374 0.3996598639455782 0.8100340136054421 0.39030612244897955 0.8100340136054421
0 0.4073678861788619 0.8141768292682927 0.4110264227642277 0.808079268292683 0.4213922764227642 0.805640243902439 0.4266768292682927 0.8096036585365853 0.4295223577235773 0.8172256097560976 0.4250508130081301 0.8242378048780488 0.41905487804878055 0.826270325203252 0.4103150406504065 0.8234247967479675
0 0.4309451219512196 0.8316565040650407 0.4355182926829269 0.8223069105691057 0.44598577235772363 0.8214939024390243 0.4529979674796749 0.8279979674796749 0.4534044715447156 0.8376524390243903 0.4486280487804879 0.8426321138211382 0.43724593495934966 0.843140243902439
0 0.39983108108108106 0.7779842342342342 0.40084459459459454 0.769313063063063 0.409740990990991 0.7650337837837837 0.41931306306306304 0.7692004504504504 0.4208896396396396 0.778885135135135 0.4153716216216216 0.7854166666666667 0.4073761261261261 0.7863175675675675
0 0.4236328125 0.7899088541666667 0.4285807291666667 0.7826171875 0.43821614583333335 0.7810546875 0.44485677083333336 0.7887369791666666 0.44537760416666666 0.7992838541666667 0.4388671875 0.8046223958333333 0.42923177083333336 0.8029296875 0.42428385416666664 0.7988932291666667
0 0.44733072916666666 0.8063151041666666 0.4525390625 0.7988932291666667 0.4637369791666667 0.7990234375 0.46946614583333335 0.8061848958333333 0.46920572916666664 0.8152994791666667 0.4612630208333333 0.8208984375 0.4517578125 0.8198567708333333 0.44798177083333335 0.8138671875
0 0.4074570815450644 0.745261087267525 0.40951359084406297 0.7416845493562231 0.4138054363376252 0.74052217453505 0.4172031473533619 0.7428469241773962 0.4182761087267525 0.747228183118741 0.4159513590844062 0.7506258941344778 0.41326895565092986 0.7520565092989985 0.4092453505007153 0.7497317596566524
0 0.4178290414878397 0.7528612303290415 0.42104792560801146 0.7486587982832618 0.42516094420600853 0.7483011444921316 0.428826895565093 0.7519670958512159 0.42837982832618027 0.7561695278969957 0.42560801144492133 0.7592095851216022 0.421137339055794 0.7583154506437768 0.41917024320457796 0.7567954220314735
0 0.42906204512372637 0.7596206331877728 0.4318822780203785 0.7563455240174672 0.43547580058224167 0.7556177219796215 0.4387509097525473 0.7580740538573508 0.4397061499272198 0.7615766011644832 0.4379776200873362 0.7654885371179039 0.4346570232896652 0.7668531659388647 0.4305631368267831 0.7651246360989811 0.4294714337700145 0.7622589155749636
0 0.44034772182254206 0.7669364508393286 0.4413968824940049 0.7645383693045564 0.4449190647482015 0.7631145083932854 0.4487410071942447 0.7645383693045564 0.45083932853717035 0.7682104316546763 0.44941546762589935 0.7732314148681055 0.4454436450839329 0.7745053956834532 0.4405725419664269 0.7712829736211032
0 0.41479316546762596 0.7350869304556356 0.4170413669064748 0.730515587529976 0.4225119904076739 0.7299910071942446 0.42573441247002397 0.7334382494004796 0.4258093525179856 0.7381594724220624 0.42273681055155876 0.7413818944844125 0.41606714628297364 0.7395833333333334
0 0.42573441247002397 0.7425809352517987 0.4279076738609114 0.737859712230216 0.4327038369304557 0.7377098321342925 0.4363758992805756 0.7404076738609113 0.4365257793764989 0.7452787769784173 0.43375299760191854 0.7480515587529976 0.42865707434052763 0.7479016786570744 0.42655875299760193 0.7461780575539568
0 0.4358513189448442 0.7498501199040768 0.4391486810551559 0.7450539568345323 0.44424460431654683 0.7452787769784173 0.44761690647482016 0.7490257793764988 0.44716726618705044 0.7543465227817746 0.44282074340527583 0.7561450839328537 0.43854916067146293 0.755095923261391
0 0.44956534772182255 0.7621402877697842 0.4468675059952039 0.7586181055155875 0.44821642685851326 0.7540467625899281 0.45113908872901687 0.7520983213429258 0.45623501199040767 0.753447242206235 0.45810851318944845 0.7580935251798562 0.4556354916067147 0.7624400479616307
0 0.4559482087227414 0.8922799844236758 0.4551693925233645 0.8848812305295949 0.4577978971962617 0.8781639408099687 0.4663648753894081 0.8756327881619936 0.4749318535825545 0.8792348130841121 0.47736565420560745 0.8867309190031152 0.4746397975077881 0.8938376168224299 0.46724104361370716 0.8977316978193145 0.4593555295950155 0.8957846573208722
0 0.4722059968847352 0.8606405763239875 0.47600272585669784 0.852755062305296 0.48272001557632405 0.8494450934579438 0.4922605140186916 0.8530471183800623 0.4954731308411215 0.8615167445482865 0.4915790498442368 0.870181074766355 0.4836935358255452 0.8721281152647974 0.47512655763239875 0.869304906542056
0 0.4771709501557633 0.9001654984423675 0.4822332554517134 0.8927667445482865 0.49118964174454827 0.891598520249221 0.49839369158878505 0.8972449376947039 0.49926985981308414 0.9044489875389407 0.49712811526479755 0.9099980529595014 0.4878796728971963 0.9138921339563861 0.4798968068535826 0.9105821651090341
0 0.49955293276108725 0.9180972818311873 0.5023247496423462 0.9103183118741058 0.510819027181688 0.9062947067238912 0.5182403433476395 0.9091559370529326 0.5233369098712446 0.9150572246065807 0.5218168812589413 0.9234620886981401 0.516362660944206 0.92802217453505 0.5095672389127324 0.9282904148783977 0.5033977110157367 0.9270386266094419
0 0.4949928469241774 0.8748211731044349 0.5008047210300429 0.8657904148783977 0.5107296137339055 0.8659692417739628 0.517346208869814 0.8723175965665236 0.5169885550786838 0.8826895565092989 0.5088519313304721 0.887786123032904 0.4998211731044349 0.8854613733905579 0.4967811158798283 0.8817060085836911
0 0.5179721030042919 0.8902002861230329 0.5237839771101573 0.8815271816881259 0.5332618025751072 0.8823319027181687 0.5402360515021459 0.8890379113018597 0.5386266094420601 0.898068669527897 0.53370886981402 0.9022711015736767 0.5265557939914163 0.9034334763948497 0.5194921316165951 0.8993204577968527
0 0.5109084406294706 0.851752503576538 0.5156473533619456 0.844420600858369 0.5249463519313304 0.843079399141631 0.532725321888412 0.848175965665236 0.5329935622317596 0.8586373390557939 0.5256616595135908 0.8650751072961372 0.5154685264663805 0.8635550786838341 0.5117131616595135 0.8587267525035764
0 0.5335300429184548 0.8671316165951358 0.5393419170243204 0.8589055793991416 0.5492668097281831 0.8581008583690986 0.5563304721030042 0.8669527896995707 0.5535586552217453 0.8775929899856938 0.5446173104434907 0.8811695278969958 0.5357653791130186 0.8778612303290415
0 0.4687813755020081 0.7883722389558233 0.4709776606425703 0.7842306726907631 0.4754329819277109 0.7834776606425703 0.47769201807228917 0.7847326807228916 0.4798883032128514 0.7878702309236947 0.47857053212851414 0.7925765562248996 0.47511922690763053 0.7943335843373494 0.47110316265060237 0.7933923192771084
0 0.47894703815261047 0.7972828815261045 0.48114332329317266 0.7923883032128513 0.4852848895582329 0.7908822791164658 0.4896774598393574 0.7927020582329317 0.4910579819277109 0.7972828815261045 0.4886106927710843 0.8013616967871485 0.483402359437751 0.8016127008032129 0.48076681726907633 0.7999184236947791
0 0.4866654116465864 0.785046435742972 0.48948920682730923 0.7807793674698795 0.49400727911646586 0.7804028614457832 0.49714482931726905 0.7828501506024096 0.4977723393574297 0.7867407128514056 0.4965800702811245 0.7886232429718877 0.4948230421686748 0.7902547690763053 0.4897402108433735 0.791007781124498 0.4879204317269077 0.7886859939759037
0 0.49420032751091697 0.7758142285298398 0.49520105531295483 0.7714474163027656 0.4977938500727802 0.7692640101892285 0.5023881004366811 0.7692640101892285 0.504526018922853 0.772129730713246 0.5048444323144105 0.7758597161572052 0.504526018922853 0.7782250727802038 0.5009324963609898 0.7804994541484715 0.49633824599708876 0.7791348253275108
0 0.36296834625322993 0.6443798449612403 0.36458333333333326 0.640907622739018 0.3683785529715762 0.6384043927648578 0.3733042635658914 0.6402616279069768 0.375968992248062 0.6440568475452196 0.37395025839793283 0.6499515503875969 0.36983204134366926 0.6524547803617571 0.36385658914728686 0.6494670542635659
0 0.37734173126614984 0.6553617571059431 0.3796027131782945 0.6504360465116279 0.3838824289405685 0.64906330749354 0.3893733850129199 0.6521317829457364 0.39034237726098187 0.6571382428940569 0.3877583979328165 0.6609334625322997 0.38485142118863047 0.6620639534883721 0.3795219638242894 0.6605297157622739
0 0.37096253229974163 0.6329134366925064 0.3725775193798449 0.627906976744186 0.37863372093023256 0.626937984496124 0.38331718346253224 0.6304909560723514 0.3840439276485788 0.6351744186046512 0.3808947028423772 0.6395348837209303 0.3747577519379845 0.6387273901808785 0.37217377260981904 0.6369509043927649
0 0.3856589147286822 0.6446220930232558 0.38703165374677 0.6384043927648578 0.3921996124031008 0.6371124031007752 0.3983365633074935 0.6401001291989664 0.39849806201550386 0.6468830749354005 0.3950258397932816 0.6496285529715762 0.390423126614987 0.649547803617571 0.38695090439276486 0.647609819121447
0 0.37903746770025837 0.6199935400516796 0.3821059431524547 0.6151485788113695 0.38678940568475456 0.6150678294573644 0.3911498708010336 0.6180555555555556 0.39244186046511625 0.6227390180878554 0.39050387596899216 0.6272609819121447 0.3858204134366925 0.6276647286821706 0.3825096899224806 0.6267764857881136 0.3798449612403101 0.624515503875969
0 0.3876776485788114 0.6109496124031008 0.3879198966408268 0.6061046511627908 0.39179586563307495 0.6023094315245479 0.3972060723514212 0.6036014211886305 0.40075904392764855 0.6082041343669251 0.3989018087855297 0.6125645994832041 0.39688307493540054 0.6157945736434108 0.39316860465116277 0.615875322997416 0.3895348837209302 0.6143410852713179
0 0.39421834625322993 0.630733204134367 0.3953488372093023 0.6270187338501292 0.39898255813953487 0.625484496124031 0.40406976744186046 0.6268572351421189 0.40657299741602065 0.6311369509043928 0.4055232558139535 0.6354974160206718 0.3994670542635659 0.6382428940568475 0.394702842377261 0.6350936692506459
0 0.4024547803617571 0.6187015503875969 0.40374677002583975 0.6148255813953489 0.4076227390180879 0.6129683462532299 0.41279069767441856 0.6151485788113695 0.41666666666666663 0.6198320413436693 0.41279069767441856 0.6262919896640827 0.4060077519379845 0.6250807493540051 0.40310077519379844 0.6232235142118864
0 0.48717235410484666 0.8388044015825916 0.48877967359050445 0.8357752225519288 0.49236523244312563 0.8349097428288823 0.4956416913946588 0.835898862512364 0.4969399109792285 0.8389280415430268 0.4955798714144412 0.8434409000989119 0.4929216122650841 0.8443063798219584 0.48890331355093974 0.8438118199802177 0.48717235410484666 0.8415863006923838
0 0.49650717111770526 0.8477064787339268 0.49650717111770526 0.8439354599406529 0.4987945103857567 0.8416481206726014 0.5019473293768546 0.8412772007912959 0.5047910484668645 0.842637240356083 0.5057183481701286 0.845480959446093 0.5054710682492581 0.8483246785361028 0.5029982690405539 0.8506120178041544 0.49972181008902083 0.8505501978239368
0 0.5026891691394659 0.83651706231454 0.5039873887240357 0.8333024233432246 0.5073256676557863 0.8317569238377843 0.5107875865479723 0.8336115232443125 0.5128276458951533 0.8370734421364986 0.5105403066271018 0.8404117210682494 0.5077584075173096 0.8416481206726014 0.5039255687438181 0.8401644411473788
0 0.4155208333333334 0.6690625 0.41628472222222224 0.6648263888888889 0.4207291666666667 0.6612847222222222 0.4268402777777777 0.6630902777777777 0.42871527777777774 0.6663541666666667 0.42892361111111105 0.6696180555555555 0.4266319444444444 0.6732291666666667 0.42468750000000005 0.6746875 0.41989583333333336 0.6743402777777777
0 0.4246180555555556 0.6536458333333334 0.42753472222222216 0.6489930555555555 0.43302083333333335 0.6480208333333334 0.43774305555555554 0.6517013888888888 0.4378125 0.6564930555555555 0.4348958333333333 0.6605208333333333 0.4319097222222222 0.6618402777777778 0.42565972222222226 0.6586458333333334
0 0.4339930555555555 0.6414930555555555 0.43677083333333333 0.6355902777777778 0.4428819444444444 0.6355902777777778 0.4465625 0.6410763888888888 0.4435069444444444 0.6475347222222222 0.4362152777777777 0.6462847222222222
0 0.4288424392935983 0.6767729028697572 0.4306360375275939 0.6719439845474614 0.43663769315673295 0.6705642935982341 0.44291528697571747 0.675255242825607 0.4422944260485651 0.6814638520971303 0.43698261589403975 0.6848440949227373 0.430291114790287 0.6827055739514349
0 0.43840843023255816 0.6632146317829458 0.43992248062015504 0.6592781007751938 0.4441012596899225 0.6574006782945737 0.45082364341085274 0.6593992248062016 0.45155038759689925 0.6650920542635659 0.4485828488372094 0.6695736434108527 0.4439801356589148 0.6704820736434108 0.4399830426356589 0.6683018410852714
0 0.44718992248062023 0.6506177325581396 0.44961240310077516 0.6455910852713179 0.4557291666666667 0.6445615310077519 0.45936288759689925 0.6481952519379846 0.46008963178294576 0.6525557170542636 0.4579699612403101 0.6558866279069768 0.4563953488372094 0.6568556201550387 0.4518531976744186 0.6566133720930233 0.4485828488372094 0.6540697674418605
0 0.4617548661800487 0.6698347526358475 0.46205900243309 0.6653740875912408 0.46555656934306566 0.6631944444444444 0.4702706812652068 0.6642082319545823 0.4722982562854825 0.6687195863746958 0.47092964314679636 0.6728254257907542 0.4669251824817518 0.6741433495539334 0.4636303730738037 0.6730281832927818
0 0.4719941200324412 0.6742954176804542 0.47518755068937546 0.670544403892944 0.48066200324412006 0.6711019870235199 0.4826895782643958 0.6747516220600163 0.48263888888888884 0.67860401459854 0.4801044201135442 0.6811891727493917 0.4755930656934306 0.6813919302514193 0.4732106650446066 0.6790095296025953
0 0.4642893349553934 0.6857512165450121 0.46707725060827254 0.6821522708840226 0.4722982562854825 0.6816960665044606 0.4745285888077859 0.6834701946472019 0.4756944444444445 0.6873225871857258 0.47397100567721007 0.6910229115977291 0.47103102189781015 0.692492903487429 0.4661141524736415 0.6909215328467153
0 0.4594738442822384 0.695331508515815 0.4612986618004866 0.6928984184914841 0.4651003649635036 0.6923915247364153 0.4671279399837794 0.6946725466342254 0.46728000811030007 0.697713909164639 0.46454278183292774 0.7000456204379563 0.46058901054339013 0.699133211678832
0 0.45374594484995945 0.7030362935928629 0.45678730738037304 0.700096309813463 0.46013280616382807 0.7008059610705596 0.4618562449310625 0.7028842254663422 0.46150141930251415 0.7059255879967559 0.45805454176804544 0.7082066098945661 0.4546076642335766 0.7062297242497971
0 0.4615384615384615 0.7086365211365211 0.4631410256410256 0.7061243936243936 0.4656964656964657 0.7054747054747055 0.46833853083853083 0.7065142065142065 0.4694213444213444 0.7094161469161469 0.46859840609840614 0.711971586971587 0.46599965349965355 0.7131410256410255 0.46283783783783783 0.71253465003465
0 0.46699584199584204 0.7010568260568261 0.4686417186417186 0.6981115731115731 0.4715869715869716 0.6975918225918226 0.47427234927234924 0.6992810117810118 0.47457553707553707 0.7027027027027027 0.4722366597366598 0.7048683298683299 0.46877165627165623 0.7047383922383923
0 0.4755717255717256 0.6931306306306306 0.4773475398475399 0.6899688149688149 0.48198198198198194 0.6885828135828136 0.4857934857934858 0.6919178794178794 0.4854469854469855 0.697461884961885 0.4826749826749827 0.6990211365211365 0.47847366597366603 0.6990211365211365 0.47583160083160086 0.6968121968121967
0 0.48297817047817043 0.681999306999307 0.48588011088011085 0.6784043659043659 0.49038461538461536 0.6784476784476784 0.49341649341649346 0.6813929313929314 0.4930699930699931 0.6862006237006236 0.49008142758142753 0.6887127512127512 0.48475398475398473 0.6879764379764379 0.4836278586278586 0.6851178101178101
0 0.4763061312607945 0.7193436960276339 0.4783031088082902 0.7167530224525044 0.48159542314335063 0.7161593264248706 0.4844559585492228 0.718048359240069 0.4852655440414508 0.7213946459412781 0.4827828151986183 0.7234455958549223 0.47905872193436966 0.7235535405872194
0 0.4881756756756757 0.7393956456456456 0.4895833333333333 0.7347972972972973 0.4947447447447448 0.7332957957957957 0.49765390390390396 0.7359234234234234 0.4992492492492493 0.7405217717717718 0.4958708708708709 0.7438063063063063 0.4918355855855856 0.743993993993994 0.4887387387387388 0.7420232732732733
0 0.49840465465465467 0.7454954954954954 0.5010322822822824 0.7414602102102101 0.5052552552552553 0.7406156156156156 0.5091966966966968 0.7443693693693694 0.5085397897897899 0.7488738738738738 0.5051614114114115 0.7518768768768769 0.5000938438438439 0.7503753753753754
0 0.5097800925925926 0.7519097222222222 0.5112847222222222 0.749537037037037 0.515162037037037 0.7483796296296297 0.5191550925925926 0.7506944444444443 0.5199652777777777 0.7542824074074074 0.5183449074074074 0.7580439814814814 0.5148726851851851 0.7588541666666666 0.5105324074074074 0.7574074074074073 0.5097222222222222 0.7549189814814814
0 0.49521750524109015 0.7269392033542976 0.497772536687631 0.7234342243186582 0.5024895178197064 0.7230083857442348 0.5056996855345912 0.7262840670859538 0.5054376310272537 0.7300183438155137 0.5035377358490566 0.7331957547169811 0.49885351153039836 0.733162997903564 0.49580712788259956 0.7308045073375262
0 0.5077762302692665 0.7396123491179202 0.5057451253481895 0.7356081708449398 0.5077762302692665 0.7313718662952646 0.5124767873723306 0.7302692664809657 0.5160167130919221 0.7330547818012999 0.5165970287836582 0.7376973073351903 0.513347260909935 0.74088904363974 0.5095752089136489 0.7410051067780874
0 0.5163068709377903 0.742920148560817 0.5186281337047354 0.7389740018570103 0.5225162488393686 0.7375812441968431 0.5274489322191271 0.7408310120705665 0.5270427112349118 0.7461118848653668 0.522632311977716 0.7485492107706593 0.5188602599814299 0.747794800371402
0 0.5025533890436397 0.7170961002785515 0.5051067780872794 0.7131499535747448 0.5091689879294335 0.7124535747446612 0.5132892293407614 0.7157033426183845 0.5125348189415041 0.7207520891364902 0.5097493036211699 0.722841225626741 0.5052808727948004 0.7226671309192201 0.5034238625812443 0.7207520891364902
0 0.5129410399257195 0.7249303621169916 0.5154363974001858 0.7205199628597957 0.5203110492107706 0.7198816155988859 0.5235027855153203 0.7231894150417827 0.5235027855153203 0.7284122562674096 0.5196727019498608 0.7304433611884866 0.5161908077994428 0.7304433611884866
0 0.523560817084494 0.731487929433612 0.5269846796657383 0.7277158774373259 0.5315691736304551 0.7278899721448469 0.5348189415041783 0.7316620241411329 0.5338324048282266 0.7364786443825441 0.5298282265552462 0.7377553389043641 0.5259981429897865 0.7377553389043641
0 0.5202530176415969 0.7151810584958218 0.5217618384401114 0.7107706592386258 0.5254758588672238 0.7090297121634169 0.5311049210770659 0.7114670380687094 0.5309308263695449 0.7172121634168988 0.5275649953574745 0.7203458681522747 0.5228644382544104 0.7194173630454967
0 0.5307567316620242 0.7220868152274836 0.5338324048282266 0.7168059424326835 0.5398096564531105 0.7172701949860725 0.5420728876508821 0.7225510677808729 0.5401578458681523 0.7262070566388116 0.5366179201485608 0.7274837511606315 0.5329619312906221 0.7263231197771588
0 0.5146119374523266 0.8058972158657512 0.5134200991609458 0.8033228451563693 0.5148026315789473 0.8010345156369183 0.5171863081617086 0.7999380244088482 0.5203804347826088 0.801368230358505 0.5211432112890922 0.8036088863463006 0.520857170099161 0.8059925629290617 0.5187118611746758 0.8072797482837528 0.5165188787185354 0.8072797482837528
0 0.521286231884058 0.8080425247902365 0.5226687643020594 0.80561117467582 0.5250524408848208 0.8050867658276126 0.5279605263157895 0.806469298245614 0.528913996948894 0.8087099542334096 0.5279128527841342 0.812380816170862 0.5235268878718536 0.8127622044241037 0.5217629672006102 0.8115226926010679 0.5210478642257819 0.8095680778032036
0 0.5283419145690313 0.8139540427154843 0.5292000381388253 0.8116657131960335 0.5316790617848971 0.8099971395881007 0.5347778413424867 0.8107599160945842 0.53654176201373 0.8134296338672768 0.535063882532418 0.817243516399695 0.5323941647597255 0.8181969870327993 0.5291046910755148 0.8171004958047292
0 0.5357789855072465 0.819150457665904 0.5368754767353165 0.8160993516399696 0.540784706331045 0.8153842486651411 0.5437881388253242 0.8181016399694889 0.5429776887871853 0.8216294813119757 0.5404509916094584 0.822964340198322 0.5368754767353165 0.8220585430968727
0 0.5189502288329519 0.7959334477498093 0.5198560259344012 0.7932637299771167 0.5230501525553013 0.7921195652173914 0.5261012585812357 0.7942648741418764 0.526577993897788 0.7973159801678108 0.5250524408848208 0.7995089626239512 0.5220490083905416 0.7998426773455377 0.5199513729977117 0.7987938596491229
0 0.5261489321128909 0.8007961479786423 0.5278175057208239 0.7976020213577422 0.5322511441647597 0.7977450419527079 0.5339197177726926 0.8000333714721587 0.5337290236460717 0.8027984363081616 0.5315360411899314 0.8055635011441648 0.5280081998474447 0.8048007246376812
0 0.5342534324942791 0.805849542334096 0.5353499237223494 0.8031321510297483 0.5375429061784898 0.8024170480549199 0.5413567887109078 0.8042763157894737 0.5417858504958047 0.8075657894736843 0.5396405415713197 0.8102355072463768 0.5364464149504196 0.8102355072463768 0.5348731884057971 0.808376239511823
0 0.5408834586466165 0.8114557226399332 0.5430242272347535 0.807905179615706 0.5464181286549707 0.808218462823726 0.5485066833751043 0.8102025898078529 0.5486633249791144 0.8127610693400167 0.5474101921470342 0.814954051796157 0.5451127819548872 0.8155284043441937 0.5428675856307434 0.8147974101921469
0 0.5432637299771167 0.8431302440884821 0.5425486270022883 0.840126811594203 0.5439788329519452 0.8368373379099924 0.547554347826087 0.836551296720061 0.5501287185354692 0.8382675438596492 0.5502717391304348 0.8415570175438596 0.5488892067124334 0.8437500000000001 0.5468392448512586 0.8450848588863462
0 0.5476973684210527 0.8321653318077804 0.5487938596491229 0.8302583905415714 0.550748474446987 0.829352593440122 0.5545146834477498 0.8303060640732266 0.5553728070175439 0.8338339054157132 0.5537995804729214 0.8363606025934402 0.5520356598016781 0.8371233790999236 0.5485078184591915 0.8357408466819223 0.5474113272311214 0.8343583142639207
0 0.5542286422578184 0.8235364225781847 0.5551344393592678 0.8205806636155606 0.5575657894736842 0.8195795194508009 0.5608075896262396 0.8205329900839056 0.5618564073226544 0.8227259725400458 0.5619994279176201 0.8248712814645308 0.5606168954996186 0.8263968344774981 0.5578518306636155 0.8272549580472922 0.5554681540808543 0.8263014874141876
0 0.5614273455377575 0.8137156750572083 0.5624284897025172 0.8106645690312739 0.565145881006865 0.8089959954233409 0.568530701754386 0.8108075896262394 0.5685783752860412 0.8148598398169337 0.5650982074752098 0.816862128146453 0.5622854691075515 0.8155749427917621
0 0.5519654977375565 0.8461302790346908 0.5537565987933636 0.8440092383107088 0.5565375188536953 0.8432550904977376 0.5591299019607844 0.8446219834087481 0.5601668552036199 0.8474971719457013 0.5590356334841629 0.8494296757164406 0.5571502639517345 0.851126508295626 0.553992269984917 0.850796568627451 0.552531108597285 0.8494768099547512
0 0.5620522247360482 0.8549915158371041 0.5620050904977376 0.8520691930618401 0.5633719834087482 0.8502780920060331 0.5660586349924586 0.8499952865761689 0.5690752262443439 0.8516921191553545 0.5698293740573153 0.854850113122172 0.5672841251885369 0.8578195701357466 0.5642203996983409 0.8574424962292609 0.5627121040723981 0.8569240196078431
0 0.5569617269984917 0.8405684389140272 0.5578101432880844 0.8375518476621419 0.5596483785822021 0.8360435520361991 0.563230580693816 0.8365148944193063 0.5649745475113123 0.838965874811463 0.564361802413273 0.8425952111613877 0.5613923453996983 0.8439621040723981 0.5580458144796381 0.8427837481146305
0 0.5683210784313726 0.8478271116138765 0.5717618778280543 0.8440563725490197 0.5760510935143288 0.8453289969834088 0.5768523755656109 0.8493825414781296 0.5747784690799397 0.8517863876319759 0.5721860859728507 0.8519749245852188 0.5702535822021116 0.8510322398190046
0 0.5629949095022624 0.8323670814479639 0.5622878959276019 0.8289262820512822 0.5644560708898945 0.8258154223227753 0.5691694947209652 0.8249670060331825 0.5727045625942685 0.8275122549019608 0.5730816365007542 0.8316600678733032 0.5704892533936652 0.8349123303167422 0.5678968702865762 0.8357607466063348 0.564691742081448 0.8350537330316742
0 0.5723738626964433 0.837417287014061 0.5754239040529363 0.8330748552522745 0.5799731182795699 0.8324545078577336 0.583385028949545 0.835246071133168 0.5837468982630273 0.8392266335814723 0.5815239867659222 0.8428970223325062 0.5778535980148883 0.8434139784946236 0.5743899917287013 0.8416563275434242
0 0.5695306038047974 0.8183416046319271 0.5725806451612903 0.8149813895781637 0.5769230769230769 0.8147229114971051 0.5797663358147229 0.817152605459057 0.5802832919768403 0.8217018196856907 0.5776468155500413 0.8245450785773365 0.57464846980976 0.825682382133995 0.5708746898263027 0.8240798180314308
0 0.5798697270471463 0.8274917287014061 0.5814722911497104 0.8236662531017369 0.5865901571546732 0.8215467328370555 0.5912944582299421 0.8255272952853598 0.5902088502894954 0.830955334987593 0.5859181141439206 0.8332299421009097 0.5816790736145575 0.8313688999172869
0 0.5914985590778097 0.8116594620557156 0.5935398655139288 0.8069164265129682 0.5980427473583092 0.8058357348703169 0.6024855907780979 0.8088376560999038 0.6020653218059557 0.8140609990393851 0.5984630163304514 0.8165225744476463 0.5947406340057636 0.8164024975984628
0 0.5854947166186358 0.8091378482228626 0.5809918347742554 0.8054154658981748 0.5820725264169068 0.7994716618635926 0.5858549471661862 0.7983909702209414 0.5903578290105667 0.7995917387127761 0.5916786743515849 0.8044548511047068 0.5907180595581172 0.8080571565802114
0 0.5721061479346781 0.7983309317963495 0.5730667627281459 0.7950288184438039 0.5760686839577329 0.793888088376561 0.5796109510086455 0.7958693563880883 0.579490874159462 0.7995917387127761 0.577629682997118 0.8013928914505282 0.575348222862632 0.8015129682997116 0.5736671469740634 0.8006123919308358
0 0.5775696445725264 0.7913664745437079 0.5773895292987512 0.7889649375600384 0.5799111431316042 0.7866234390009605 0.5826729106628241 0.7871637848222861 0.5849543707973103 0.7893251681075887 0.5846541786743515 0.7925672430355427 0.5825528338136408 0.7941282420749279 0.579250720461095 0.7943083573487031
0 0.6000840537944284 0.8032540826128721 0.5993035542747358 0.7998318924111432 0.6012848222862631 0.7956292026897214 0.6056676272814601 0.7951488952929874 0.6096902017291066 0.7979707012487992 0.6090297790585975 0.8034341978866474 0.6065081652257445 0.8054755043227665 0.6035062439961575 0.8054154658981748
0 0.5880763688760806 0.7942483189241114 0.5896373679154658 0.789265129682997 0.5935398655139288 0.7872838616714697 0.5986431316042267 0.7901056676272813 0.5990634005763688 0.7950288184438039 0.5963616714697406 0.7980307396733909 0.5927593659942362 0.7979707012487992 0.5892170989433236 0.79592939481268
0 0.5824327569644572 0.7840417867435159 0.5830931796349663 0.7806195965417867 0.585914985590778 0.7791186359269933 0.5898174831892411 0.7809197886647453 0.5893371757925071 0.7856628242074928 0.5863952929875119 0.787223823246878 0.5836935638808837 0.7856628242074928
0 0.5899375600384246 0.7789985590778098 0.5880163304514889 0.777137367915466 0.5878962536023054 0.7735951008645533 0.5904779058597501 0.7719740634005764 0.5929995196926032 0.7723943323727185 0.5949207492795389 0.7749159462055715 0.5937800192122958 0.7785182516810758 0.5905979827089337 0.7794788664745436
0 0.5950408261287223 0.7719140249759845 0.5929394812680114 0.7700528338136406 0.592819404418828 0.7662704130643611 0.5951609029779058 0.7646493756003842 0.5985830931796349 0.7650096061479346 0.6004442843419788 0.7681916426512967 0.5984029779058596 0.772514409221902
0 0.600624399615754 0.7648294908741594 0.5982829010566763 0.7630283381364072 0.5973823246878002 0.7587656099903938 0.5999039385206532 0.7569044188280498 0.6034462055715657 0.7573847262247838 0.6057276657060519 0.7600264169068203 0.6046469740634005 0.7636287223823246
0 0.6058477425552353 0.7576248799231508 0.6023054755043227 0.7541426512968299 0.6035662824207492 0.7501200768491834 0.6068683957732949 0.7487992315081652 0.6105307396733909 0.7517411143131603 0.6099303554274735 0.7560038424591738
0 0.5958474736048265 0.7835831447963801 0.5968844268476622 0.7792467948717948 0.5997124811463047 0.777125754147813 0.60338895173454 0.7777384992458521 0.6058399321266968 0.7796710030165913 0.6061227375565611 0.7841016214177979 0.604850113122172 0.7859869909502263 0.6021634615384616 0.7873538838612368 0.5992882730015083 0.7875424208144798
0 0.6033793604651163 0.771015019379845 0.6053173449612403 0.7672601744186047 0.6104651162790697 0.7667756782945737 0.6133115310077519 0.7701671511627907 0.6131904069767442 0.7737403100775194 0.610828488372093 0.7766472868217055 0.6067708333333334 0.7768895348837209 0.604469476744186 0.7750121124031008
0 0.610770697167756 0.7614606027596224 0.611633079157589 0.7578295206971677 0.6148556644880174 0.755650871459695 0.6195306826434277 0.7571940813362382 0.6209831154684096 0.7610974945533769 0.6189406318082789 0.7653640159767611 0.6163080973129993 0.7661356209150327 0.6128131808278867 0.7653640159767611
0 0.6086903364632239 0.7935983959311425 0.6068319640062598 0.7897838419405322 0.6083480046948357 0.7861160015649453 0.6126516040688577 0.7849422926447575 0.616172730829421 0.7873875195618154 0.6170041079812207 0.7913487871674493 0.6151946400625978 0.7939896322378717 0.6123092723004695 0.795016627543036
0 0.6140884238310709 0.7780213046757164 0.6170107466063349 0.7746747737556562 0.6209700226244345 0.7743919683257919 0.6242694193061841 0.777927036199095 0.6242222850678733 0.7817449095022624 0.6212056938159879 0.7845258295625943 0.6171992835595778 0.7843372926093514 0.6146540346907995 0.782451923076923
0 0.6218655731523378 0.7705269607843138 0.6218655731523378 0.765954939668175 0.6255420437405732 0.7637396304675717 0.630114064856712 0.764823717948718 0.6319523001508296 0.7681231146304676 0.6304911387631976 0.7723651960784313 0.6280401583710407 0.7739206259426847 0.6239866138763198 0.7734964177978884
0 0.5558608058608059 0.7869162087912087 0.5560325091575092 0.7831959706959706 0.5592376373626373 0.7807921245421245 0.5642742673992674 0.7811355311355311 0.5671932234432234 0.7853136446886446 0.5657051282051282 0.7896062271062272 0.5630723443223443 0.7916666666666666 0.559581043956044 0.7917811355311356 0.5567765567765568 0.7891483516483517
0 0.5448717948717948 0.7777586996336997 0.5471039377289377 0.7741529304029304 0.5513965201465202 0.7732371794871795 0.556261446886447 0.7764995421245421 0.5551167582417582 0.7820512820512822 0.5514537545787546 0.7839972527472527 0.546073717948718 0.7820512820512822
0 0.5347985347985348 0.7716346153846154 0.5357142857142857 0.7680288461538461 0.5384615384615384 0.7659684065934066 0.5428685897435898 0.7662545787545788 0.5457303113553114 0.7692880036630036 0.545157967032967 0.7735233516483517 0.5425824175824177 0.77621336996337 0.5381753663003663 0.7761561355311356 0.53628663003663 0.7752976190476191
0 0.5254693223443223 0.7656822344322345 0.527415293040293 0.761904761904762 0.53125 0.7621336996336997 0.5331959706959707 0.7647092490842491 0.5326808608058609 0.7678571428571429 0.5305059523809524 0.7694024725274725 0.5275869963369964 0.7687728937728938
0 0.5625 0.7738667582417582 0.5665064102564104 0.7699748168498168 0.5712568681318682 0.770776098901099 0.5747481684981685 0.774896978021978 0.5709706959706959 0.7803914835164835 0.5667353479853481 0.7805059523809524 0.5639308608058609 0.7790750915750916
0 0.5701694139194139 0.7640224358974359 0.5729166666666666 0.7601304945054945 0.5777815934065934 0.7599015567765568 0.581158424908425 0.7634500915750916 0.5804716117216118 0.7686011904761905 0.5754349816849818 0.7702037545787547 0.5716575091575092 0.769059065934066
0 0.5772092490842491 0.752918956043956 0.581158424908425 0.7489125457875457 0.5871108058608059 0.7504578754578755 0.5886561355311356 0.7549221611721612 0.5860805860805861 0.7589858058608059 0.5828182234432234 0.7596726190476191 0.578926282051282 0.7584706959706959
0 0.5517399267399267 0.7673992673992674 0.5541437728937729 0.7637362637362638 0.5578067765567766 0.7624198717948718 0.5626144688644689 0.7650526556776557 0.5631295787545788 0.7695741758241759 0.5603823260073261 0.7731227106227107 0.5550022893772893 0.7727220695970696
0 0.559466575091575 0.7573260073260073 0.5613553113553114 0.7532623626373627 0.5650755494505495 0.7518315018315018 0.5694826007326008 0.7543498168498168 0.5699977106227107 0.7597298534798536 0.5673076923076924 0.7623054029304029 0.5632440476190476 0.7623054029304029 0.5603823260073261 0.76058836996337
0 0.5668498168498168 0.7450778388278388 0.5709706959706959 0.7413576007326008 0.5762362637362638 0.743246336996337 0.5782967032967034 0.7463942307692307 0.5751488095238095 0.7517742673992674 0.5720009157509157 0.7526327838827839 0.5682234432234432 0.7510874542124543 0.5670787545787546 0.7484546703296704
0 0.5416094322344323 0.7596726190476191 0.5442422161172161 0.7561813186813188 0.5480196886446886 0.7552655677655677 0.5520260989010989 0.7580128205128205 0.5525984432234432 0.7614468864468864 0.5503663003663003 0.7658539377289377 0.5454441391941391 0.7662545787545788 0.5425824175824177 0.7642513736263736
0 0.5313072344322345 0.7582989926739927 0.5321657509157509 0.754635989010989 0.5352564102564104 0.7532623626373627 0.5391483516483516 0.7549221611721612 0.5393772893772895 0.7587568681318682 0.5370306776556777 0.7613324175824177 0.5331387362637362 0.7605311355311356
0 0.5488209706959707 0.7493131868131868 0.5513392857142857 0.7454784798534799 0.5539720695970696 0.7445627289377289 0.5591804029304029 0.7466804029304029 0.5598099816849818 0.7517742673992674 0.5564903846153846 0.75555173992674 0.5523695054945055 0.7554945054945055 0.5497367216117216 0.7532051282051282
0 0.556146978021978 0.7379807692307693 0.5600961538461539 0.7349473443223443 0.5644459706959707 0.7349473443223443 0.5671932234432234 0.7384958791208791 0.5661057692307693 0.7442193223443223 0.5606112637362638 0.7451923076923077 0.5575206043956044 0.7433608058608059
0 0.5371451465201466 0.7488553113553114 0.5384043040293041 0.7451923076923077 0.54132326007326 0.7443337912087913 0.5452724358974359 0.746966575091575 0.5442994505494506 0.7514880952380952 0.5416094322344323 0.7525755494505495 0.5386332417582418 0.7523466117216118
0 0.5427541208791209 0.7391826923076924 0.5454441391941391 0.7363782051282052 0.5487637362637362 0.7362065018315018 0.5513392857142857 0.7399839743589745 0.5503663003663003 0.7427884615384616 0.5473901098901098 0.7443910256410257 0.5436126373626373 0.7434752747252747
0 0.5486492673992674 0.7311698717948718 0.5512820512820513 0.7276785714285715 0.5552312271062272 0.7283653846153846 0.5571771978021979 0.7313988095238095 0.5550595238095238 0.7350045787545788 0.5526556776556777 0.7357486263736264 0.5497367216117216 0.7340315934065934
0 0.2955729166666667 0.544921875 0.29736328125 0.5504557291666666 0.2942708333333333 0.55712890625 0.2898763020833333 0.5597330729166666 0.2835286458333333 0.5594075520833334 0.2789713541666667 0.5568033854166666 0.2757161458333333 0.5530598958333334 0.275390625 0.5489908854166666 0.2762044270833333 0.5437825520833334 0.2799479166666667 0.5406901041666666 0.2874348958333333 0.5382486979166666 0.2931315104166667 0.5397135416666666 0.29541015625 0.54296875
0 0.3116861979166667 0.5771484375 0.3045247395833333 0.5748697916666666 0.3019205729166667 0.5694986979166666 0.3019205729166667 0.564453125 0.3056640625 0.55859375 0.31201171875 0.556640625 0.3196614583333333 0.5603841145833334 0.32177734375 0.56884765625 0.3203125 0.5734049479166666
0 0.3512369791666667 0.6201171875 0.3538411458333333 0.61669921875 0.359375 0.6173502604166666 0.36328125 0.62109375 0.3621419270833333 0.62646484375 0.35595703125 0.6290690104166666 0.3517252604166667 0.6277669270833334
0 0.34848273942093544 0.6106393838158871 0.3490395322939866 0.6129129547141796 0.3481579435783222 0.6164393095768375 0.3457451744617669 0.6182024870081663 0.3424972160356347 0.6186664810690423 0.33948125463994056 0.6179240905716407 0.3378108760207869 0.6152793244246474 0.3377644766146993 0.6119849665924276 0.33864606533036373 0.6091546028210839 0.34170842613214547 0.6072522271714922 0.3457451744617669 0.6077162212323682 0.34848273942093544 0.6099433927245731
0 0.35757702301410543 0.5959771714922049 0.35901540460282105 0.598761135857461 0.35776262063845576 0.6020554936896807 0.35507145508537485 0.6041898663697105 0.35182349665924273 0.6045146622123238 0.34936432813659984 0.6039578693392725 0.3473227542687453 0.6015914996288048 0.3467195619896065 0.598761135857461 0.34783314773570895 0.5959771714922049 0.3498747216035635 0.5933324053452116 0.35409706755753523 0.5931004083147736
0 0.3602304227304228 0.6055093555093555 0.36365211365211364 0.6029106029106029 0.36733367983367987 0.6022176022176021 0.37075537075537074 0.604123354123354 0.3718814968814969 0.607545045045045 0.3718814968814969 0.6104469854469855 0.36975918225918225 0.6133056133056133 0.36685724185724183 0.6143884268884269 0.36408523908523915 0.6145616770616771 0.36148648648648646 0.612482674982675 0.36057692307692313 0.6104469854469855 0.3604469854469855 0.6074151074151074
0 0.6796125599520384 0.7366044664268585 0.6808490707434053 0.7391524280575539 0.6805867805755396 0.7415505095923262 0.6791254496402878 0.7436863009592326 0.6766898980815348 0.745035221822542 0.6739171163069545 0.7448104016786571 0.6721560251798562 0.7435738908872902 0.6706572242206235 0.7415130395683452 0.6703199940047961 0.7392648381294964 0.6711068645083933 0.7371665167865707 0.67279301558753 0.7354803657074341 0.6755283273381295 0.7342813249400479 0.6786008693045564 0.7352555455635491
0 0.6842588429256595 0.7341689148681055 0.682123051558753 0.7340939748201439 0.6797249700239809 0.7330822841726619 0.6781512290167866 0.7309839628297362 0.6781512290167866 0.7284734712230216 0.6783760491606714 0.7260379196642687 0.6808865407673861 0.7242018884892086 0.6846335431654677 0.7239021282973621 0.6871065647482014 0.7250262290167866 0.6883805455635491 0.7275367206235012 0.6885678956834532 0.7306467326139089 0.6877810251798562 0.7322954136690648
0 0.6886053657074341 0.7511803057553957 0.6865070443645084 0.7525666966426859 0.684146432853717 0.7530538069544365 0.6822729316546763 0.7521170563549161 0.6812237709832134 0.7501311450839329 0.6809989508393286 0.7475831834532375 0.682535221822542 0.7453724520383693 0.6858325839328537 0.7448853417266187 0.6883805455635491 0.7461967925659473 0.6889800659472423 0.7485948741007195
0 0.6938511690647482 0.7587867206235012 0.6919776678657075 0.7582621402877698 0.6902915167865707 0.7574752697841727 0.6898044064748202 0.7560888788968825 0.6895795863309353 0.7538406774580336 0.690029226618705 0.7525666966426859 0.691265737410072 0.7509929556354916 0.6943382793764988 0.750505845323741 0.6967738309352518 0.7524168165467625 0.6972609412470024 0.7544776678657075 0.6972234712230216 0.7567258693045563 0.6956872002398082 0.7584869604316548
0 0.6910409172661871 0.7446979916067146 0.6892048860911271 0.744210881294964 0.6872939148681055 0.7424872601918465 0.68658198441247 0.7406137589928057 0.687181504796163 0.7380283273381295 0.6891674160671464 0.7366419364508393 0.6917153776978417 0.7364171163069545 0.6941134592326139 0.7379159172661871 0.6948253896882494 0.7406137589928057 0.6937387589928058 0.7432741306954437
0 0.7000337230215827 0.7500562050359711 0.6981227517985612 0.7500562050359711 0.6958745503597122 0.7489695743405276 0.6950876798561151 0.7465340227817746 0.6953874400479616 0.7444731714628298 0.6968487709832134 0.7428619604316548 0.6992093824940048 0.7421125599520384 0.7016449340527577 0.7430867805755396 0.7028439748201439 0.7448478717026379 0.7031812050359711 0.7471335431654677 0.7014950539568345 0.749306804556355
0 0.6971860011990407 0.7360798860911271 0.6952750299760192 0.7356677158273381 0.6934764688249401 0.7345436151079137 0.6926146582733813 0.7329698741007195 0.6925771882494005 0.7310963729016786 0.6934389988009593 0.7294476918465228 0.6950502098321343 0.7283610611510791 0.6974108213429256 0.7280987709832134 0.6994716726618705 0.7289231115107914 0.7007081834532375 0.7311338429256595 0.6999213129496403 0.7340190347721823 0.6983101019184652 0.7354054256594724
0 0.7061038669064749 0.7418502697841727 0.7035559052757794 0.7414380995203836 0.7015699940047961 0.7401266486810552 0.7008955335731415 0.7374662769784173 0.7016824040767387 0.7356677158273381 0.7033310851318946 0.7341314448441247 0.7061788069544365 0.7339815647482014 0.708089778177458 0.7356302458033573 0.7086518285371702 0.7382156774580336 0.7081272482014389 0.7403139988009593
0 0.7039680755395684 0.7272369604316548 0.7020571043165468 0.7276491306954437 0.6996590227817746 0.7267873201438849 0.6985349220623501 0.7251761091127098 0.6982351618705036 0.7228154976019184 0.6996590227817746 0.720492356115108 0.7017573441247003 0.7196305455635491 0.7044177158273381 0.7200801858513189 0.7061038669064749 0.7219536870503598 0.7063286870503598 0.7250636990407674
0 0.7130358213429256 0.732857464028777 0.7103754496402878 0.7333820443645084 0.7079024280575539 0.7326326438848921 0.706478567146283 0.7300846822541966 0.7071530275779377 0.7274617805755396 0.7090265287769785 0.725738159472422 0.7128859412470024 0.7258880395683452 0.714796912470024 0.7288481714628298 0.7140849820143884 0.7317708333333334
0 0.692533263305322 0.7227620214752567 0.6901406395891689 0.7230246265172735 0.6872519841269841 0.7218574929971988 0.6859097805788982 0.7201651493930905 0.685297035480859 0.7175390989729225 0.6862890989729225 0.7149714052287581 0.6880397992530345 0.7133957749766573 0.6899947478991596 0.7129580999066293 0.6925040849673202 0.7133957749766573 0.6948675303454714 0.7150005835667599 0.6955969887955181 0.7177433473389355 0.6954802754435107 0.7206320028011204
0 0.6987083333333333 0.7028749999999999 0.6975625 0.7042291666666666 0.6958125 0.70475 0.69325 0.7043958333333333 0.6922708333333333 0.7026874999999999 0.6918333333333333 0.7003958333333332 0.6927916666666666 0.6987916666666666 0.6946041666666667 0.6978958333333333 0.6969583333333332 0.6977083333333334 0.6987708333333333 0.6993958333333333 0.699 0.7019166666666666
0 0.7069973062217588 0.706497653806048 0.706671445950643 0.7083441953423705 0.7054331769204032 0.7097562565172054 0.7040862877997914 0.7103428050052137 0.7014359575947167 0.7095607403545359 0.7003932047271463 0.7086483315954119 0.6998718282933611 0.7067148939867918 0.7002628606187 0.7048249044143204 0.7018052659019812 0.703608359402155 0.7039776677094195 0.7031521550225929 0.7060631734445603 0.7041514598540146
0 0.7122762426138338 0.7157303614876607 0.7099083246437261 0.7156651894334376 0.708083507125478 0.7142748522766771 0.7076707507820647 0.7127541710114702 0.707692474800139 0.711037973583594 0.7087352276677094 0.7095824643726103 0.7101038408063954 0.7085831595411888 0.7113855578727841 0.7086266075773375 0.7137100278067431 0.7093000521376434 0.7148179527285367 0.7111248696558915 0.7152089850538755 0.7132972714633298 0.7137317518248175 0.715122088981578
0 0.7217585403726708 0.7149434955141477 0.7228368702553485 0.7169060559006211 0.7226859040717736 0.7183725845410628 0.721844806763285 0.7199685127674258 0.7205508109040718 0.7210037094547963 0.7187176501035196 0.7212409420289855 0.7166041235334714 0.7201841787439613 0.7158708592132506 0.7189333160800552 0.7159139924085576 0.7166903899240855 0.7168844893029676 0.7149434955141477 0.7188686162870945 0.714102398205659 0.7209821428571428 0.7143827639751552
0 0.699550160836349 0.6970119622034581 0.6979166666666666 0.6959313429835143 0.6971124849215923 0.6941470647366306 0.697187876960193 0.6925135705669482 0.6981679734620024 0.6909554684358665 0.7004046039404905 0.6903272014475271 0.7028925412143145 0.6908549457177322 0.7040485524728588 0.6925135705669482 0.7043249899477282 0.6945994169682349 0.7033448934459188 0.6963585645355851 0.7012841777241657 0.6974140530759951
0 0.7054410460992908 0.701207890070922 0.7049534574468085 0.6997672872340426 0.7049977836879432 0.6983045212765957 0.7061502659574469 0.6966422872340426 0.707989804964539 0.6957335992907802 0.7098071808510638 0.6960660460992908 0.7114915780141845 0.6972850177304964 0.7120456560283688 0.6989029255319149 0.7118018617021277 0.7006981382978723 0.7109153368794326 0.7022717198581561 0.7095633865248226 0.7028922872340426 0.7075465425531915 0.7028922872340426 0.7065048758865248 0.7022717198581561
0 0.7134389226100152 0.7068633029843197 0.7126169701568033 0.7051561709661103 0.7129014921598381 0.7032593576125442 0.7144189428426909 0.7016470662620132 0.716315756196257 0.7012677035913 0.7180861153262519 0.7017419069296914 0.7195719524532119 0.7029748356095094 0.7199513151239252 0.705061330298432 0.7190345220030349 0.70721105209914 0.7176435255437532 0.7084755943348507 0.7156518715225088 0.7083175265553869
0 0.7243139858371269 0.71372344461305 0.7224803995953465 0.7130911734951947 0.7212474709155285 0.7116685634800202 0.721057789580172 0.7097717501264542 0.7212474709155285 0.7083491401112797 0.7228597622660596 0.7069897572078907 0.7242507587253414 0.7066736216489631 0.7264320940819423 0.7074007334344966 0.727570182094082 0.7087601163378857 0.7279495447647951 0.7106569296914517 0.7268114567526556 0.7127434243803743
0 0.7298191391941393 0.7066277472527474 0.728331043956044 0.7062614468864469 0.7267513736263738 0.7050938644688646 0.7260187728937729 0.7036515567765569 0.7259729853479854 0.7018429487179488 0.7270489926739927 0.7001717032967033 0.7286057692307694 0.6993017399267399 0.7308951465201465 0.6995535714285714 0.7322229853479854 0.7004235347985349 0.732772435897436 0.7018658424908425 0.7328411172161172 0.703537087912088 0.7320856227106227 0.7052083333333334 0.7305746336996338 0.7064217032967034
0 0.7205001686909582 0.7006578947368421 0.719256072874494 0.7000885627530364 0.7183071862348178 0.6989498987854251 0.7178854588394062 0.6978744939271255 0.7179698043184886 0.6965038798920378 0.718602395411606 0.695238697705803 0.7197199730094467 0.6941211201079622 0.7214068825910931 0.6938891700404859 0.7231148785425102 0.6942898110661269 0.7241691970310392 0.69549173414305 0.72492830634278 0.6971997300944669 0.7239372469635628 0.6994348852901484 0.7223557692307693 0.7005735492577597
0 0.7147306658395367 0.6953706575682381 0.7125852977667493 0.6950604838709676 0.7109051902398675 0.6940265715467329 0.7102589950372209 0.692139681555004 0.7104399296939619 0.6904078784119106 0.7114996898263026 0.6889345533498759 0.7134124276261372 0.6883400537634409 0.7157904259718775 0.68890870554177 0.716927729528536 0.6905888130686516 0.717108664185277 0.6928117245657567 0.716514164598842 0.6944918320926387
0 0.7315416666666666 0.6973125 0.7310833333333333 0.6960208333333333 0.7314583333333333 0.6939791666666667 0.7322916666666667 0.6925208333333334 0.7341875 0.6917916666666667 0.7365625 0.6922916666666666 0.7379999999999999 0.6940625 0.7381458333333333 0.6959166666666666 0.7375833333333333 0.6975416666666666 0.7362916666666667 0.6985208333333333 0.7349166666666667 0.6987708333333333 0.733375 0.6984583333333333
0 0.7230416666666667 0.6913333333333332 0.7229583333333333 0.6900416666666667 0.7230833333333333 0.6888958333333333 0.7238541666666667 0.6875625 0.7251458333333333 0.6864583333333333 0.7274166666666666 0.6865625 0.7291249999999999 0.68775 0.7302291666666666 0.6895625 0.7293958333333334 0.6920624999999999 0.7277708333333333 0.693 0.7259583333333333 0.693125 0.7242083333333333 0.6923541666666666
0 0.7156666666666667 0.6859375 0.7152083333333333 0.6846875 0.7155208333333334 0.6831666666666666 0.7160624999999999 0.6821458333333332 0.7177291666666666 0.6812708333333333 0.7198541666666666 0.68125 0.7214166666666666 0.6824374999999999 0.722125 0.6838333333333333 0.7221875 0.6857708333333333 0.7211041666666667 0.6874791666666666 0.7190416666666666 0.6881458333333333 0.7170208333333333 0.6878125 0.7161041666666667 0.6867916666666667
0 0.70775 0.680625 0.7074166666666667 0.6792708333333334 0.7077708333333332 0.6777708333333333 0.7088541666666667 0.6760625 0.7108125 0.6754375 0.7129791666666666 0.6761041666666666 0.7144166666666666 0.6777291666666666 0.7142499999999999 0.6796666666666666 0.7137916666666666 0.6810625 0.7126458333333333 0.6820208333333333 0.7104166666666667 0.6823541666666666 0.7087083333333333 0.6817083333333332
0 0.7388096316425121 0.6916326992753623 0.7372999698067634 0.6908401268115941 0.7362809480676328 0.6891040157004831 0.7359790157004831 0.6869150060386474 0.737601902173913 0.6851034118357487 0.7396022041062802 0.6844240640096618 0.7419799214975846 0.6850656702898551 0.7432253925120773 0.686688556763285 0.7430744263285024 0.6896323973429952 0.7418666968599034 0.6910665760869565
0 0.7309992283950617 0.6863184799382716 0.7292148919753086 0.6856674382716049 0.7283227237654321 0.6842447916666665 0.7278645833333333 0.6829185956790124 0.728370949074074 0.6808690200617283 0.7296971450617283 0.679566936728395 0.7318190586419753 0.6791087962962963 0.7338445216049382 0.679615162037037 0.7353395061728395 0.6816888503086419 0.7353636188271604 0.6839313271604938 0.7336516203703702 0.6860291280864197 0.7313368055555555 0.6863908179012345
0 0.7235625 0.6808958333333333 0.7223958333333333 0.6806041666666666 0.7210624999999999 0.6795 0.7202708333333333 0.6783124999999999 0.7201874999999999 0.6762708333333333 0.7209583333333334 0.6747291666666666 0.7224791666666666 0.6737291666666666 0.7250833333333333 0.6735416666666667 0.7269166666666667 0.6751874999999999 0.7274583333333333 0.6772499999999999 0.7269166666666667 0.6791458333333332 0.7258541666666667 0.6801666666666666
0 0.7156946017365043 0.6751368440921102 0.7143969422423556 0.674948093620234 0.7130285013212533 0.6741694979237448 0.7123206870517176 0.672730275575689 0.7123442808607021 0.6704180822952057 0.7135947527368818 0.6689316723291808 0.7154586636466591 0.6681766704416762 0.7184078897697244 0.6687193280483201 0.7194932049830124 0.6709135522838807 0.7193752359380898 0.6728482446206115 0.7185966402416006 0.6740987164967912 0.7166619479048698 0.6752076255190638
0 0.7528958333333332 0.6728749999999999 0.7534791666666666 0.6739999999999999 0.7539166666666666 0.6755416666666666 0.7533541666666667 0.6769583333333332 0.7520208333333332 0.6785 0.7489791666666666 0.6789791666666667 0.74725 0.6778333333333333 0.7466041666666666 0.6758958333333333 0.7468958333333333 0.6743125 0.7476666666666666 0.6728958333333332 0.7490625 0.6720833333333334 0.7516666666666667 0.67175
0 0.7555208333333333 0.6717291666666666 0.7540416666666666 0.6716041666666667 0.752875 0.6710416666666666 0.7520625 0.6698333333333333 0.7516666666666667 0.6682291666666667 0.7522916666666667 0.6665 0.7531458333333333 0.6652916666666666 0.7543124999999999 0.6648125 0.7563958333333333 0.6648749999999999 0.7579583333333333 0.6660625 0.7586875 0.6675208333333333 0.7585625 0.6690208333333333 0.7582708333333333 0.6701874999999999 0.7572291666666666 0.671125
0 0.7602291666666666 0.6645625 0.7587708333333333 0.6640833333333334 0.7572916666666667 0.6631666666666667 0.7565 0.6614374999999999 0.7570625 0.6589791666666667 0.7587083333333333 0.6577916666666666 0.7613958333333333 0.6574375 0.7634166666666666 0.6589999999999999 0.7640416666666666 0.6611041666666666 0.76325 0.6632916666666666 0.7617083333333333 0.6644583333333333
0 0.7643333333333333 0.6570833333333334 0.7634375 0.6565 0.7623125 0.6555 0.7618958333333333 0.6538958333333333 0.7619166666666666 0.6522291666666666 0.7626666666666666 0.6512291666666666 0.7645624999999999 0.6502083333333334 0.767125 0.6503541666666667 0.7684791666666666 0.6520416666666666 0.7688541666666666 0.6539583333333333 0.7686041666666666 0.6553958333333333 0.767125 0.6568958333333333 0.7655208333333333 0.6573749999999999
0 0.7699583333333334 0.6497916666666667 0.7687916666666667 0.6494791666666667 0.7676458333333332 0.6487083333333333 0.7667083333333333 0.646875 0.7669791666666667 0.6454375 0.7673749999999999 0.6441875 0.7686458333333334 0.643125 0.7704374999999999 0.6429791666666667 0.7723333333333333 0.6434583333333334 0.7736249999999999 0.6451666666666666 0.7739791666666666 0.646875 0.7735000000000001 0.6483541666666667 0.7721458333333334 0.6493333333333333 0.7711041666666667 0.6497083333333333
0 0.7603541666666667 0.6437916666666667 0.7597291666666667 0.6431874999999999 0.7591458333333333 0.6419583333333333 0.7591249999999999 0.6407083333333332 0.7595833333333334 0.6391875 0.7606041666666666 0.6379374999999999 0.7626875 0.6375 0.7649166666666667 0.6382916666666666 0.7658541666666666 0.6397708333333333 0.766125 0.6417083333333333 0.7655 0.6430416666666666 0.7641041666666666 0.6440625 0.7621458333333333 0.6447708333333333
0 0.637489504617968 0.49144626364399663 0.6359151973131821 0.4901343408900084 0.6353904282115868 0.4885075566750629 0.6352854743912678 0.4873530646515532 0.6369647355163727 0.4854114189756507 0.6391162888329135 0.4849391267842149 0.6412153652392946 0.48661838790931994 0.641635180520571 0.4897145256087322 0.6397984886649875 0.49149874055415615
0 0.628568429890848 0.48530646515533155 0.6268366918555835 0.484256926952141 0.6259445843828716 0.4824202350965574 0.6258396305625524 0.48084592779177154 0.626889168765743 0.4793765743073048 0.6284109991603695 0.47832703610411426 0.6303526448362721 0.4788518052057094 0.6320319059613769 0.48042611251049533 0.6321893366918556 0.4828925272879932 0.631244752308984 0.48488664987405533
0 0.6210711705202312 0.4785494942196532 0.6193250240847784 0.4785494942196532 0.6167961223506744 0.47740546724470134 0.6161036849710982 0.47520773121387283 0.6172477119460501 0.47297988921001927 0.6192949181117533 0.47186596820809246 0.6220044556840076 0.47240787572254334 0.622817316955684 0.4743045520231214 0.6229377408477842 0.4770441955684008
0 0.5935140237324703 0.47869471413160736 0.5946264832793959 0.47721143473570654 0.5960086299892124 0.4764697950377562 0.5982335490830637 0.47724514563106796 0.5995145631067961 0.47920037756202805 0.5990763214670982 0.48132416396979505 0.5974581984897519 0.4822343581445523 0.5958063646170443 0.482200647249191 0.5942219525350594 0.48149271844660196 0.5937162891046386 0.480346548004315
0 0.5889293419633226 0.4763686623516721 0.5876146170442287 0.4764697950377562 0.5859964940668824 0.47535733549083065 0.585423408845739 0.47363807982740025 0.5854908306364617 0.47191882416396985 0.5874460625674218 0.47084007551240564 0.5899743797195254 0.47154800431499455 0.5907834412081985 0.47316612729234087 0.5907160194174758 0.47515507011866237
0 0.6025485436893204 0.47377292340884575 0.6007618662351671 0.47377292340884575 0.5991774541531824 0.47191882416396985 0.5992785868392665 0.47019956850053934 0.6003573354908306 0.4687162891046386 0.6026159654800431 0.46794093851132684 0.6047734627831716 0.46908710895361383 0.6052791262135923 0.4710086299892125 0.6044363538295577 0.4729638619201726
0 0.5947613268608415 0.4681432038834952 0.593311758360302 0.4681769147788565 0.5913902373247034 0.4669970334412082 0.5908845738942826 0.4648058252427184 0.5919633225458468 0.46305285868392665 0.5937162891046386 0.4622775080906149 0.5956378101402373 0.4629854368932039 0.5965142934196332 0.4646709816612729 0.5956040992448759 0.46746898597626746
0 0.5790429042904292 0.4620049504950495 0.5800742574257426 0.4638613861386139 0.5800330033003301 0.4662953795379538 0.578052805280528 0.4679455445544555 0.5759075907590759 0.4677392739273928 0.5740099009900991 0.46633663366336636 0.5737211221122113 0.4646039603960396 0.574463696369637 0.4625412541254125 0.5756188118811881 0.4616749174917492 0.5784653465346535 0.46155115511551154
0 0.5707920792079209 0.4596122112211221 0.5693481848184819 0.4611798679867987 0.5674092409240924 0.46159240924092415 0.5653052805280528 0.46056105610561054 0.5646452145214522 0.4587871287128713 0.565016501650165 0.4568069306930694 0.5667079207920793 0.45544554455445546 0.5683993399339934 0.45515676567656765 0.5701732673267327 0.4561056105610561 0.5707920792079209 0.457549504950495
0 0.5846122112211222 0.4584983498349835 0.5823844884488448 0.4585808580858086 0.5806518151815182 0.4571782178217822 0.5803630363036304 0.45540429042904296 0.5805280528052805 0.45379537953795385 0.581394389438944 0.45321782178217823 0.5820544554455446 0.45255775577557755 0.5841996699669968 0.4521452145214522 0.5858085808580858 0.45330033003300335 0.5867161716171617 0.4555693069306931 0.5859323432343234 0.457549504950495 0.5850660066006601 0.4583745874587459
0 0.5752062706270628 0.4521039603960396 0.5732260726072608 0.45181518151815186 0.5712458745874588 0.45074257425742575 0.5707920792079209 0.4481848184818482 0.5719884488448844 0.446493399339934 0.5740099009900991 0.4457508250825083 0.5766914191419142 0.4468234323432343 0.5775990099009901 0.44909240924092414 0.5768976897689769 0.45140264026402643
0 0.5821782178217823 0.44273927392739276 0.5802805280528053 0.44290429042904295 0.5778052805280528 0.44166666666666665 0.5774752475247525 0.4398927392739274 0.5777227722772277 0.4382425742574258 0.579414191419142 0.43659240924092413 0.5815594059405941 0.4366336633663367 0.5835808580858086 0.4384075907590759 0.5838283828382839 0.44075907590759084 0.5827557755775579 0.44212046204620464
0 0.590552805280528 0.4498349834983498 0.5886551155115511 0.4493811881188119 0.5867574257425743 0.4473184818481848 0.586509900990099 0.4457508250825083 0.5876650165016502 0.4433168316831684 0.5903465346534653 0.44273927392739276 0.5926980198019802 0.44484323432343237 0.5931930693069307 0.44616336633663367 0.59236798679868 0.44880363036303633 0.5909653465346535 0.4499587458745875
0 0.5657020872865275 0.42465211891208104 0.5636464263124604 0.42445445920303615 0.562460468058191 0.42184535104364335 0.562539531941809 0.4200268817204301 0.5641998734977862 0.41832700822264396 0.5676391524351676 0.4187223276407338 0.5686669829222011 0.42129190385831755 0.5676391524351676 0.42394054395951936
0 0.558111954459203 0.41808981657179006 0.5558191018342821 0.418208412397217 0.553763440860215 0.41706198608475653 0.5535262492093612 0.4152039848197344 0.5542378241619229 0.41283206831119545 0.5553051865907653 0.4120809614168248 0.557953826691967 0.4120809614168248 0.5596141682479443 0.41378083491461104 0.5598908918406073 0.41599462365591405
0 0.634876179245283 0.11748231132075472 0.6358588836477987 0.1207252358490566 0.6328125 0.12544221698113206 0.629373034591195 0.12583529874213836 0.62593356918239 0.12455778301886793 0.624754323899371 0.12160966981132075 0.6246560534591195 0.11866155660377359 0.6255404874213836 0.115811713836478 0.6285868710691824 0.11463246855345913 0.6330090408805031 0.11561517295597486
0 0.6382173742138365 0.11482900943396226 0.6349744496855345 0.11355149371069181 0.632124606918239 0.11001375786163521 0.6330090408805031 0.10647602201257861 0.6342865566037736 0.10460888364779874 0.6387087264150942 0.10313482704402514 0.6424430031446541 0.10460888364779874 0.6447032232704403 0.10952240566037735 0.6418533805031447 0.1136497641509434
0 0.6464720911949685 0.1037244496855346 0.6431308962264151 0.10136595911949686 0.640379323899371 0.09890919811320754 0.6407724056603773 0.09537146226415094 0.6441136006289307 0.09183372641509434 0.6483392295597483 0.09222680817610061 0.6517786949685535 0.09507665094339622 0.651876965408805 0.09841784591194967 0.6512873427672955 0.10126768867924528 0.6489288522012578 0.10323309748427673
0 0.6115860849056604 0.11443592767295599 0.6090310534591195 0.11423938679245282 0.6059846698113208 0.1136497641509434 0.6047071540880502 0.11109473270440252 0.6047071540880502 0.10804834905660378 0.6076552672955974 0.10608294025157233 0.6120774371069182 0.10686910377358491 0.6131584119496855 0.1114878144654088
