0 0.12938596491228077 0.8138495276653172 0.13098852901484487 0.8062584345479082 0.1358805668016195 0.801197705802969 0.1445681511470986 0.8006916329284751 0.15055668016194337 0.8065958164642375 0.15089406207827266 0.8142712550607288 0.14676113360323892 0.820091093117409 0.1381578947368422 0.8227901484480432 0.13267543859649128 0.8191632928475033
0 0.15435222672064783 0.8296221322537113 0.1568825910931175 0.8217780026990553 0.16303981106612692 0.8178137651821863 0.16936572199730104 0.8181511470985157 0.17586032388663975 0.8253205128205128 0.1745951417004049 0.833755060728745 0.16961875843454796 0.8380566801619432 0.1633771929824562 0.8389844804318489 0.1574730094466937 0.8363697705802969
0 0.14397773279352233 0.7895580296896088 0.1484480431848854 0.7817139001349528 0.15418353576248323 0.7787618083670717 0.16236504723346837 0.7813765182186234 0.1666666666666667 0.7881241565452093 0.16354588394062086 0.7968117408906883 0.15679824561403516 0.8005229419703105 0.15030364372469643 0.7993421052631579 0.146255060728745 0.796221322537112
0 0.1589562908496732 0.7682291666666666 0.1615093954248366 0.7617953431372548 0.16773897058823525 0.7574040032679739 0.17733864379084968 0.7597528594771241 0.1805044934640523 0.7654718137254902 0.18070874183006533 0.7718035130718954 0.17672589869281044 0.7771139705882354 0.1707005718954248 0.7800755718954249 0.162734885620915 0.7773182189542485
0 0.18346609477124182 0.7828329248366013 0.1916360294117647 0.7748672385620915 0.2007250816993464 0.7762969771241831 0.20593341503267973 0.782935049019608 0.2037888071895425 0.7932495915032679 0.19858047385620917 0.7957005718954249 0.1916360294117647 0.7960069444444444 0.1847937091503268 0.7918198529411764
0 0.19245158450704225 0.8461340962441316 0.19421214788732394 0.8402655516431925 0.19839348591549297 0.8377714201877935 0.20367517605633803 0.8385783450704226 0.2069762323943662 0.8418794014084507 0.20748973004694837 0.8486282276995306 0.20301496478873238 0.852442781690141 0.1972931338028169 0.8528829225352113 0.1942855046948357 0.850462147887324
0 0.20462881455399062 0.8312426643192489 0.2075630868544601 0.8258876173708921 0.2138717723004695 0.8242737676056339 0.21952024647887322 0.8283083920187795 0.21937353286384975 0.8347637910798122 0.2158524061032864 0.8390918427230047 0.21064407276995306 0.8390918427230047 0.206756161971831 0.837037852112676
0 0.21519219483568075 0.8167180164319249 0.21761296948356806 0.8112896126760564 0.225168720657277 0.8100425469483569 0.23023034037558687 0.8145906690140847 0.22846977699530518 0.8217796361502349 0.2236282276995305 0.8253007629107982 0.216806044600939 0.8228066314553992
0 0.21025219298245615 0.8563048245614033 0.21266447368421051 0.8511513157894737 0.2182565789473684 0.8493969298245614 0.22373903508771928 0.8518092105263158 0.22571271929824557 0.8582785087719297 0.22231359649122803 0.8635416666666664 0.21639254385964912 0.8648574561403507 0.21101973684210523 0.8628837719298245
0 0.22298177083333334 0.8400691105769231 0.2252854567307692 0.8367137419871795 0.22939202724358973 0.8353114983974358 0.23334835737179485 0.8370643028846154 0.2350010016025641 0.8406700721153846 0.23369891826923075 0.8448267227564102 0.22999298878205124 0.8471804887820513 0.22578625801282048 0.8466296073717947 0.22343249198717946 0.8428735977564102
0 0.23780548878205124 0.8466296073717947 0.23910757211538458 0.8432241586538461 0.24241286057692307 0.8418219150641025 0.24636919070512817 0.8431239983974358 0.24777143429487178 0.8457782451923076 0.24641927083333334 0.8500851362179487 0.24351462339743588 0.8515374599358974 0.23990885416666666 0.8512870592948717
0 0.2525869205298013 0.8243998344370862 0.2543115342163355 0.8215714679911701 0.2587265452538631 0.8205366997792496 0.26217577262693154 0.823434050772627 0.2621067880794702 0.8278490618101545 0.2585885761589404 0.8306084437086092 0.25472544150110377 0.8297806291390728 0.2528628587196468 0.8279180463576158
0 0.24251517660044147 0.8149489514348787 0.2437568984547461 0.8123275386313467 0.24658526490066224 0.8114307395143489 0.2505863686534216 0.813707229580574 0.25031043046357615 0.8173634105960265 0.24699917218543044 0.8199848233995585 0.2436189293598234 0.8186741169977926
0 0.17716471354166666 0.7451171875 0.177490234375 0.7386067708333334 0.183349609375 0.7327473958333334 0.19010416666666666 0.731689453125 0.19547526041666666 0.7350260416666666 0.19905598958333334 0.7395833333333334 0.19734700520833334 0.7477213541666666 0.19295247395833334 0.752685546875 0.1865234375 0.7538248697916666 0.18074544270833334 0.7504069010416666
0 0.20572916666666666 0.7608045212765957 0.20517508865248227 0.7519392730496454 0.2108266843971631 0.7440713652482269 0.21924867021276592 0.7424091312056738 0.22844636524822695 0.7457335992907801 0.23243572695035458 0.7563718971631206 0.22623005319148934 0.7666777482269503 0.21935948581560283 0.7690048758865248 0.21049423758865246 0.7667885638297872
0 0.2339275486827033 0.8259951317296678 0.23571735395189003 0.8234894043528065 0.23972651775486825 0.8224155211912944 0.2423754295532646 0.8238473654066437 0.243664089347079 0.82649627720504 0.24301975945017182 0.8300758877434135 0.24008447880870556 0.83243843069874 0.23679123711340205 0.8317941008018327 0.23478665521191294 0.8305054410080184
0 0.2453107101947308 0.8363044100801833 0.2475300687285223 0.8312929553264604 0.2523267468499427 0.8304338487972509 0.2556915807560137 0.8327247995418099 0.25590635738831613 0.8366623711340205 0.25204037800687284 0.8406715349369989 0.24860395189003437 0.8401703894616266
0 0.2346628978224456 0.7820875209380234 0.2362332495812395 0.7770623953098827 0.24042085427135673 0.7743404522613065 0.24659757118927975 0.7759108040201004 0.24911013400335008 0.7802030988274707 0.24816792294807366 0.7858563651591289 0.2439803182579564 0.7889970686767169 0.23801298157453932 0.7882642378559465 0.2346628978224456 0.7849141541038526
0 0.24911013400335008 0.7918237018425461 0.252250837520938 0.7859610552763819 0.25863693467336685 0.7843907035175879 0.26408082077051925 0.788787688442211 0.2634526800670017 0.7960113065326633 0.25800879396984927 0.799570770519263 0.25193676716917923 0.7983144891122277
0 0.26418551088777215 0.8030255443886097 0.26617462311557794 0.7971628978224455 0.2714091289782244 0.7945456448911222 0.2788421273031826 0.7982097989949749 0.2783186767169179 0.8053287269681743 0.2738170016750419 0.8094116415410386 0.2668027638190955 0.8077365996649916
0 0.24827261306532666 0.7623010887772194 0.2501570351758794 0.7570665829145728 0.25664782244556117 0.7549727805695142 0.2624057788944723 0.7594744556113903 0.2612541876046901 0.7669074539363484 0.25675251256281406 0.7703622278056951 0.2509945561139028 0.7683731155778895 0.24879606365159135 0.7664886934673366
0 0.2619870184254607 0.7727701005025126 0.26648869346733667 0.7660699329983249 0.27329355108877723 0.765860552763819 0.27758584589614743 0.7707809882747069 0.27622487437185933 0.7774811557788944 0.2718278894472362 0.7805171691792294 0.26648869346733667 0.779784338358459
0 0.27779522613065327 0.7820875209380234 0.2806218592964824 0.7776905360134002 0.28533291457286436 0.7758061139028476 0.2909861809045226 0.7781092964824121 0.29234715242881076 0.7840766331658291 0.28931113902847577 0.7897298994974874 0.28460008375209384 0.7905674204355109 0.27915619765494143 0.7884736180904522
0 0.26002506265664155 0.7457706766917293 0.2619047619047619 0.7412280701754386 0.2655858395989975 0.7395833333333334 0.2705983709273183 0.7400532581453634 0.27420112781954886 0.744204260651629 0.27326127819548873 0.75015664160401 0.27052005012531327 0.7533677944862155 0.26347117794486213 0.7532894736842105 0.26119987468671674 0.75046992481203
0 0.2745201310861423 0.7562617041198502 0.27592462546816476 0.75187265917603 0.27838249063670406 0.7498829588014981 0.28283005617977525 0.749063670411985 0.28710205992509363 0.7513459737827716 0.2889747191011236 0.756437265917603 0.2863998127340824 0.7622308052434457 0.28136704119850187 0.7634012172284644 0.27756320224719105 0.7617041198501873
0 0.28908150851581516 0.7655109489051095 0.29098236009732364 0.7617092457420924 0.2950121654501217 0.7588959854014599 0.30132299270073 0.760492700729927 0.3036800486618005 0.7657390510948905 0.3019312652068127 0.771213503649635 0.29782542579075433 0.7735705596107055 0.2932633819951338 0.7732664233576642 0.2905261557177616 0.770985401459854
0 0.20180643459915612 0.7101133966244726 0.20246571729957805 0.7025975738396624 0.20839926160337552 0.6966640295358649 0.21947521097046413 0.6978507383966244 0.22356276371308012 0.7057621308016877 0.22132120253164553 0.7139372362869197 0.21340981012658222 0.7186840717299577 0.20470727848101264 0.71604694092827
0 0.22290348101265825 0.7312104430379747 0.2258043248945147 0.7197389240506328 0.2362209915611814 0.7156513713080168 0.2467695147679325 0.7188159282700421 0.24993407172995782 0.7302874472573839 0.2434731012658228 0.7404404008438819 0.23239715189873417 0.7418908227848101 0.22619989451476794 0.7375395569620252
0 0.2246936274509804 0.6840073529411764 0.22420343137254897 0.676531862745098 0.2295955882352941 0.6689338235294118 0.23854166666666668 0.6678308823529412 0.24613970588235295 0.6723651960784314 0.24773284313725488 0.6791053921568627 0.24466911764705884 0.6889093137254902 0.23462009803921566 0.6919730392156863 0.22787990196078434 0.6892769607843138
0 0.23985460069444448 0.6533745659722223 0.24506293402777782 0.6443684895833334 0.2564561631944445 0.6426323784722223 0.2638346354166667 0.6490342881944445 0.2645941840277778 0.6584743923611112 0.2587348090277778 0.6661783854166666 0.24994574652777782 0.667697482638889 0.24148220486111113 0.66162109375
0 0.2524686897880539 0.7052625240847785 0.24957851637764933 0.6945447976878614 0.2562018304431599 0.686235549132948 0.26619701348747593 0.6853925818882467 0.27294075144508667 0.6916546242774566 0.2746266859344894 0.6994821772639692 0.27101396917148357 0.7076710019267823 0.2628251445086705 0.7109224470134875
0 0.26641579406631766 0.6742473821989527 0.26946989528795806 0.6662849040139616 0.2773232984293193 0.6606130017452007 0.28724912739965097 0.663121727748691 0.29172120418848163 0.6709751308900522 0.2904123036649215 0.6793739092495636 0.2828861256544502 0.6859184118673647 0.2743782722513089 0.6853730366492146 0.26925174520069806 0.6813372600349039
0 0.2791775741710296 0.6450152705061082 0.28561300174520066 0.6359620418848166 0.2951025305410122 0.6341077661431064 0.30328315881326345 0.6401068935427573 0.3043739092495637 0.650032722513089 0.29793848167539266 0.6581042757417102 0.2905213787085515 0.6591950261780104 0.28332242582897027 0.6560318499127399
0 0.3140318627450981 0.6709558823529411 0.3155637254901961 0.6622242647058824 0.32398897058823534 0.6567095588235293 0.33517156862745107 0.6590073529411764 0.3390012254901961 0.6714154411764706 0.3322610294117648 0.680453431372549 0.3223039215686275 0.6815257352941176 0.31541053921568635 0.6775428921568627
0 0.3371629901960785 0.6856617647058824 0.34313725490196084 0.6750919117647058 0.3556985294117648 0.6741727941176471 0.36335784313725494 0.6833639705882353 0.36014093137254904 0.6943933823529411 0.3530943627450981 0.6992953431372548 0.3432904411764707 0.6973039215686274 0.3390012254901961 0.6942401960784313
0 0.29978553921568635 0.7363664215686274 0.302389705882353 0.7282475490196079 0.3089767156862746 0.7239583333333334 0.318014705882353 0.7251838235294118 0.3213848039215687 0.7311580882352942 0.32291666666666674 0.7392769607843137 0.31250000000000006 0.7457107843137255 0.3054534313725491 0.7440257352941176
0 0.278952205882353 0.7166053921568627 0.28385416666666674 0.7090992647058824 0.29549632352941185 0.7090992647058824 0.3019301470588236 0.7172181372549019 0.2977941176470589 0.7279411764705882 0.2899816176470589 0.7302389705882353 0.2820159313725491 0.7287071078431372
0 0.2921262254901961 0.6988357843137255 0.2985600490196079 0.688265931372549 0.3100490196078432 0.6881127450980392 0.31510416666666674 0.6931678921568627 0.31571691176470595 0.7034313725490197 0.3062193627450981 0.7098651960784313 0.29901960784313736 0.7066482843137255
0 0.3138786764705883 0.7129289215686274 0.3207720588235295 0.7032781862745098 0.3293504901960785 0.7015931372549019 0.3368566176470589 0.7084865196078431 0.33563112745098045 0.7202818627450981 0.32322303921568635 0.7238051470588235 0.316482843137255 0.7193627450980392
0 0.24916331994645252 0.8781793842034807 0.2500836680053548 0.8750836680053548 0.2530120481927711 0.872657295850067 0.25719544846050874 0.8729082998661312 0.26020749665327986 0.8757530120481928 0.25895247657295856 0.8805220883534137 0.25535475234270416 0.8835341365461848 0.2504183400267738 0.8819444444444444
0 0.2771084337349398 0.8411144578313254 0.2802878179384204 0.8375167336010709 0.28555890227576974 0.8375167336010709 0.2879852744310576 0.8420348058902275 0.2846385542168675 0.8468875502008033 0.2792001338688086 0.845632530120482
0 0.27325970548862116 0.8498995983935742 0.27593708165997327 0.8466365461847389 0.2795348058902276 0.8476405622489961 0.2807898259705489 0.850317938420348 0.27945113788487286 0.8535809906291835 0.2762717536813923 0.8535809906291835 0.27384538152610444 0.8535809906291835
0 0.2677376171352075 0.8578480589022758 0.27066599732262386 0.8539156626506025 0.27526773761713524 0.8553380187416332 0.2747657295850067 0.8595214190093707 0.2720046854082999 0.8616967871485944 0.26857429718875503 0.8597724230254351
0 0.2616298527443106 0.8662985274431058 0.2646419009370817 0.8634538152610443 0.26924364123159306 0.8640394912985274 0.26865796519410984 0.8687248995983936 0.26556224899598396 0.8703145917001338 0.2625502008032129 0.8688922356091031
0 0.26941097724230256 0.8769243641231594 0.27242302543507363 0.8709002677376172 0.27961847389558236 0.8704819277108434 0.2813755020080322 0.8781793842034807 0.2761044176706828 0.881777108433735 0.27175368139223566 0.8803547523427041
0 0.2797021419009371 0.866214859437751 0.2812081659973227 0.8627008032128515 0.2853915662650603 0.8631191432396252 0.2853915662650603 0.8678882195448461 0.28196117804551546 0.8675535475234271
0 0.28685897435897434 0.8965455840455842 0.2879273504273504 0.8913817663817664 0.2931801994301994 0.8889779202279201 0.2983440170940171 0.8902243589743589 0.3006588319088319 0.8943198005698006 0.2996794871794872 0.900462962962963 0.296474358974359 0.9036680911680912 0.28935185185185186 0.9026887464387463
0 0.3001246438746439 0.8833689458689459 0.29976851851851855 0.8790064102564104 0.3038639601139601 0.8746438746438747 0.30991809116809116 0.8753561253561253 0.31196581196581197 0.8806980056980058 0.3085826210826211 0.8861289173789174 0.3039529914529915 0.8866631054131054
0 0.3058226495726496 0.8663639601139601 0.3091168091168091 0.8613782051282052 0.31525997150997154 0.861111111111111 0.3179309116809117 0.8665420227920227 0.31525997150997154 0.8717948717948718 0.30974002849002846 0.8718839031339032
0 0.30647183641975306 0.9051408179012346 0.3067611882716049 0.9013792438271605 0.3091724537037037 0.8987750771604939 0.3136091820987654 0.8985821759259259 0.3162133487654321 0.9020543981481481 0.3149594907407407 0.9065875771604939 0.3119695216049383 0.9086130401234567 0.3078221450617284 0.9074556327160492
0 0.3111979166666667 0.8872974537037036 0.3132233796296296 0.8834394290123456 0.31630979938271603 0.8826678240740741 0.32036072530864196 0.8840181327160492 0.3209394290123457 0.8879726080246914 0.31843171296296297 0.8916377314814815 0.3147665895061728 0.8921199845679013 0.31264467592592593 0.8909625771604939
0 0.31910686728395066 0.8783275462962962 0.32016782407407407 0.8759162808641975 0.3232542438271605 0.8748553240740741 0.3259548611111111 0.8778452932098765 0.3253761574074074 0.8811246141975307 0.3236400462962963 0.8821855709876544 0.3206500771604938 0.8817033179012346
0 0.32315779320987653 0.8704185956790124 0.3260513117283951 0.8666570216049382 0.3303915895061728 0.8681037808641975 0.33270640432098764 0.8715760030864197 0.3290412808641975 0.8754340277777777 0.32412229938271603 0.8745659722222221
0 0.33684738955823296 0.9240294511378848 0.3364290495314592 0.919260374832664 0.339190093708166 0.9160809906291835 0.34253681392235613 0.9154953145917002 0.34630187416332003 0.9156626506024097 0.3488119143239626 0.9211847389558233 0.3454651941097725 0.9274598393574297 0.3401941097724231 0.9267904953145918
0 0.35274431057563593 0.9184236947791166 0.3545013386880857 0.912817938420348 0.3575970548862115 0.9126506024096386 0.36127844712182067 0.9132362784471217 0.3632864792503347 0.9166666666666666 0.36127844712182067 0.9220214190093707 0.35701137884872824 0.9227744310575635 0.3522423025435074 0.9197623828647926
0 0.47043918918918926 0.8917042042042043 0.46734234234234234 0.8867304804804805 0.4691253753753754 0.8842905405405405 0.47184684684684686 0.8821321321321322 0.47531906906906907 0.8825075075075076 0.47972972972972977 0.8862612612612613 0.47710210210210213 0.8920795795795796 0.47400525525525533 0.8930180180180181
0 0.45842717717717724 0.903246996996997 0.45842717717717724 0.8993993993993994 0.4608671171171172 0.8967717717717718 0.46724849849849853 0.897897897897898 0.4693130630630631 0.9014639639639639 0.46724849849849853 0.9054992492492492 0.4656531531531532 0.9072822822822822 0.4620870870870871 0.9071884384384384
0 0.5252777777777778 0.8845833333333334 0.5252777777777778 0.8751388888888888 0.5329166666666667 0.8670833333333333 0.5433333333333333 0.8694444444444444 0.5497222222222223 0.8801388888888888 0.5420833333333334 0.8906944444444443 0.5352777777777779 0.89
0 0.5459722222222223 0.8458333333333334 0.5522222222222223 0.8358333333333334 0.5618055555555557 0.8351388888888889 0.5708333333333333 0.8398611111111112 0.5706944444444445 0.8512500000000001 0.5661111111111111 0.8572222222222221 0.5561111111111111 0.85875
0 0.7254050925925926 0.530150462962963 0.725173611111111 0.5265625 0.7274884259259259 0.5221643518518518 0.7321180555555555 0.5203125 0.7383680555555555 0.5213541666666667 0.7416087962962963 0.5274884259259259 0.7379050925925926 0.5335069444444444 0.7335069444444444 0.5359375 0.7286458333333332 0.5352430555555555
0 0.7352430555555555 0.5149884259259259 0.7354745370370369 0.508275462962963 0.7423032407407407 0.5045717592592592 0.748900462962963 0.5078125 0.7517939814814815 0.5149884259259259 0.747974537037037 0.5196180555555555 0.7423032407407407 0.5211226851851851 0.7383680555555555 0.5191550925925926
0 0.7005208333333333 0.5152199074074073 0.7043402777777777 0.5101273148148148 0.7133680555555555 0.5092013888888889 0.7159143518518518 0.5148726851851851 0.7147569444444444 0.5210069444444444 0.7105902777777777 0.522974537037037 0.703761574074074 0.522511574074074
0 0.7146412037037037 0.49473379629629627 0.7196180555555555 0.4883680555555555 0.7286458333333332 0.49045138888888884 0.7292245370370369 0.498900462962963 0.724363425925926 0.5030671296296296 0.7177662037037036 0.5024884259259259
0 0.6810763888888889 0.5020254629629629 0.6867476851851851 0.4940393518518518 0.6954282407407407 0.4967013888888889 0.6967013888888889 0.5031828703703702 0.6934606481481481 0.5080439814814814 0.6877893518518519 0.5109375 0.6821180555555555 0.5071180555555556
0 0.6946180555555556 0.48200231481481476 0.6985532407407407 0.4758680555555555 0.7060763888888889 0.47459490740740734 0.7098958333333333 0.47910879629629627 0.7107060185185184 0.4847800925925926 0.7054976851851852 0.4896412037037036 0.6982060185185185 0.4891782407407407
0 0.6710069444444444 0.4811921296296296 0.6766782407407407 0.4741319444444444 0.6853587962962963 0.4740162037037036 0.6872106481481481 0.48269675925925926 0.6777199074074073 0.4884837962962963 0.6728587962962963 0.4853587962962963
0 0.5718550955414012 0.16593683651804667 0.5742436305732483 0.1597001061571125 0.5802149681528662 0.1546576433121019 0.5913614649681529 0.15439225053078554 0.5973328025477707 0.16102707006369424 0.5978635881104033 0.1700504246284501 0.59229033970276 0.17695063694267513 0.5841958598726115 0.1788083864118896 0.5772956475583865 0.1778795116772824 0.573182059447983 0.17442940552016983
0 0.5422367330016584 0.20817786069651745 0.5424440298507462 0.20517205638474298 0.5446206467661692 0.2020626036484246 0.5487665837479271 0.20133706467661697 0.5536380597014926 0.20351368159203986 0.5539490049751244 0.20859245439469323 0.5507359038142621 0.21294568822553903 0.5463826699834162 0.21284203980099511 0.5436878109452737 0.21108001658374798
0 0.5521869817578773 0.21937189054726375 0.5538453565505804 0.21512230514096192 0.55882048092869 0.21450041459369823 0.5634846600331674 0.21760986733001664 0.5623445273631841 0.22351782752902163 0.5578876451077944 0.22579809286898847 0.5537417081260365 0.22424336650082927
0 0.5495951417004049 0.1963562753036438 0.5510290148448043 0.19095816464237525 0.5567645074224021 0.18809041835357632 0.5626686909581646 0.19272941970310398 0.5603070175438597 0.19964574898785434 0.5563427800269907 0.20074224021592446 0.5521255060728746 0.19964574898785434
0 0.5579453441295548 0.18530701754385973 0.5583670715249663 0.17999325236167346 0.5621626180836707 0.1767881241565453 0.5675607287449393 0.17796896086369776 0.5707658569500675 0.18480094466936578 0.5658738191632929 0.18901821862348187 0.5601383265856951 0.18893387314439952
0 0.5611504723346828 0.21052631578947376 0.5600539811066128 0.20571862348178144 0.5625843454790823 0.20099527665317146 0.5688259109311741 0.19989878542510126 0.5734649122807018 0.2028508771929825 0.5738866396761133 0.20934547908232123 0.569585020242915 0.21406882591093124 0.5641869095816464 0.2131410256410257
0 0.569585020242915 0.19264507422402166 0.5716093117408908 0.18775303643724703 0.5765856950067477 0.1857287449392713 0.5821524966261808 0.18766869095816469 0.5838394062078273 0.19458502024291505 0.5803812415654521 0.19897098515519573 0.574814439946019 0.19956140350877202 0.5709345479082322 0.1966936572199731
0 0.5843369324473975 0.2111364894795128 0.5844753599114064 0.20663759689922487 0.5896663898117386 0.20414590254706538 0.5949266334440754 0.20525332225913628 0.5981796788482835 0.20850636766334446 0.5980412513842747 0.21314368770764125 0.5963109080841639 0.21660437430786275 0.5921580841638981 0.21854235880398676 0.5857212070874862 0.21618909191583616
0 0.5983181063122923 0.2213801218161684 0.5996331672203765 0.21646594684385387 0.603578349944629 0.2136973975636767 0.6091154485049834 0.21480481727574754 0.6116763565891473 0.2188884274640089 0.6113995016611296 0.22428709856035445 0.6074543189368771 0.22774778516057595 0.603578349944629 0.22781699889258036 0.5998408084163898 0.22574058693244747
0 0.5939193766937669 0.20020325203252032 0.5943428184281843 0.19359756097560976 0.5975609756097561 0.19063346883468835 0.6028963414634146 0.19029471544715448 0.6068766937669376 0.19308943089430897 0.6082317073170732 0.19834010840108401 0.6050135501355013 0.2040989159891599 0.5989159891598915 0.2043529810298103
0 0.6072154471544715 0.2067242547425474 0.6106876693766937 0.20062669376693767 0.6171239837398373 0.20003387533875341 0.6218665311653117 0.2054539295392954 0.619579945799458 0.21239837398373984 0.614159891598916 0.21417682926829273 0.6085704607046071 0.21189024390243905
0 0.6055216802168022 0.18860094850948508 0.6032350948509485 0.18419715447154472 0.6039972899728997 0.17750677506775067 0.611280487804878 0.17598238482384823 0.6171239837398373 0.1797086720867209 0.6167852303523035 0.18707655826558267 0.6117886178861789 0.19029471544715448
0 0.6172933604336044 0.19410569105691058 0.6182249322493225 0.1891937669376694 0.6223746612466124 0.18580623306233066 0.628980352303523 0.18716124661246614 0.6310128726287262 0.1945291327913279 0.6281334688346883 0.1985941734417344 0.6229674796747967 0.199779810298103 0.6188177506775067 0.19774728997289975
0 0.6129742547425474 0.16776761517615177 0.6160230352303523 0.16353319783197834 0.6212737127371274 0.161670054200542 0.6255928184281843 0.16463414634146342 0.6270325203252032 0.1701388888888889 0.6254234417344173 0.1745426829268293 0.6220359078590786 0.1758976964769648 0.6166158536585366 0.17522018970189707 0.6136517615176151 0.17335704607046074
0 0.6266937669376693 0.1780149051490515 0.6288956639566395 0.1729336043360434 0.6349932249322493 0.17132452574525747 0.639989837398374 0.1731876693766938 0.6417682926829268 0.1780149051490515 0.63965108401084 0.1836890243902439 0.6349932249322493 0.1853827913279133 0.630420054200542 0.18428184281842822
0 0.6087454212454213 0.24198717948717946 0.6120268620268621 0.23778998778998778 0.6169871794871795 0.23649267399267396 0.6211843711843712 0.23847680097680096 0.6227106227106227 0.2425213675213675 0.6216422466422467 0.24771062271062272 0.6175213675213675 0.2509920634920635 0.6099664224664224 0.24877899877899878
0 0.6227869352869353 0.25465506715506714 0.6234737484737485 0.2499236874236874 0.6260683760683761 0.24710012210012208 0.6308760683760684 0.2464896214896215 0.635989010989011 0.24900793650793648 0.6367521367521368 0.2547313797313797 0.6343101343101343 0.259539072039072 0.6282814407814408 0.2610653235653235
0 0.618513431013431 0.22809829059829062 0.6213369963369964 0.22367216117216115 0.6270604395604396 0.22283272283272282 0.632020757020757 0.2271062271062271 0.6317918192918194 0.23336385836385834 0.625 0.23656898656898656 0.6201159951159951 0.23458485958485956
0 0.6330891330891331 0.2429029304029304 0.6324023199023198 0.2364163614163614 0.6375152625152625 0.23237179487179488 0.644078144078144 0.23366910866910867 0.646443833943834 0.2406898656898657 0.6407967032967032 0.24587912087912087 0.6351495726495725 0.24473443223443223
0 0.627686984687868 0.21529004711425206 0.6305580094228505 0.20998969375736162 0.6354166666666666 0.20851737338044762 0.6406434040047114 0.2113147820965842 0.6413795641931684 0.21654151943462896 0.6391710836277974 0.2205904004711425 0.634606890459364 0.22220995288574794 0.630410777385159 0.22095848056537104
0 0.6414531802120141 0.22581713780918727 0.6443242049469965 0.21992785630153122 0.6516121908127208 0.2181610718492344 0.6566180800942285 0.22397673733804477 0.6539679034157833 0.23082302709069494 0.6502871024734983 0.23266342756183747 0.6441033568904593 0.23067579505300354
0 0.6374042991755006 0.20211277974087163 0.6399808598351001 0.19556095406360427 0.6474160777385158 0.19475117785630155 0.6525691990577149 0.2004932273262662 0.6501398704358068 0.2068978209658422 0.6453548292108363 0.20829652532391052 0.6393919316843345 0.20660335689045936
0 0.652053886925795 0.21293433451118968 0.6530108951707891 0.20682420494699646 0.658973792697291 0.20351148409893993 0.6650103062426383 0.2074867491166078 0.6652311542991755 0.21381772673733807 0.6608878091872792 0.21808745583038872 0.6541887514723204 0.2168359835100118
0 0.6510225885225887 0.1858974358974359 0.6510225885225887 0.17994505494505494 0.6562118437118437 0.1755952380952381 0.6626984126984127 0.17567155067155066 0.6662087912087913 0.18185286935286935 0.6634615384615384 0.18757631257631255 0.6614774114774113 0.19001831501831504 0.6540750915750916 0.1891788766788767
0 0.6639194139194139 0.19383394383394384 0.6662087912087913 0.18757631257631255 0.672542735042735 0.18475274725274726 0.6791819291819291 0.1884157509157509 0.6802503052503052 0.1948260073260073 0.6752136752136751 0.19978632478632477 0.669490231990232 0.19963369963369962
0 0.6656746031746033 0.17574786324786326 0.6609432234432233 0.17254273504273504 0.6601800976800977 0.16712454212454214 0.6639957264957265 0.16193528693528692 0.6723901098901099 0.16285103785103786 0.6750610500610501 0.16727716727716724 0.6737637362637362 0.17300061050061052 0.6697191697191697 0.17643467643467645
0 0.6813186813186812 0.18650793650793648 0.6750610500610501 0.1829212454212454 0.6746031746031746 0.1765873015873016 0.6789529914529915 0.17124542124542128 0.6858974358974359 0.17208485958485956 0.6895604395604396 0.1781898656898657 0.6859737484737485 0.18452380952380953
0 0.6892551892551892 0.17155067155067152 0.6842948717948718 0.16704822954822954 0.6845238095238094 0.161019536019536 0.6884920634920635 0.15758547008547008 0.6960470085470085 0.15865384615384615 0.6985653235653236 0.1662087912087912 0.6935286935286935 0.1717032967032967
0 0.6758241758241758 0.1617826617826618 0.6709401709401709 0.15796703296703293 0.6701770451770452 0.15132783882783885 0.6768925518925518 0.1472069597069597 0.6845238095238094 0.151480463980464 0.6835317460317459 0.15865384615384615 0.6793345543345544 0.1617063492063492
0 0.6799159356725146 0.14117324561403516 0.6808296783625731 0.13642178362573104 0.6877741228070176 0.1338633040935673 0.6938961988304094 0.13788377192982465 0.6927997076023392 0.14501096491228077 0.6888706140350878 0.14766081871345038 0.6839364035087719 0.1471125730994153 0.6820175438596491 0.1456505847953217
0 0.6896016081871346 0.12929459064327495 0.6906067251461988 0.12271564327485389 0.6974597953216375 0.11979166666666671 0.7028508771929824 0.12472587719298252 0.701937134502924 0.1321271929824562 0.6978252923976608 0.1344115497076024 0.6927997076023392 0.1341374269005849
0 0.6006944444444445 0.1544225146198831 0.5897295321637427 0.14912280701754393 0.5900950292397661 0.135233918128655 0.5999634502923977 0.12865497076023397 0.6108369883040936 0.13203581871345038 0.6144919590643275 0.14117324561403516 0.612390350877193 0.15049342105263164
0 0.643640350877193 0.15268640350877202 0.6360562865497076 0.14555921052631585 0.6387061403508772 0.13194444444444453 0.6504020467836258 0.12710160818713456 0.6614583333333334 0.13240131578947376 0.6640168128654971 0.14117324561403516 0.6620065789473684 0.14967105263157904 0.6557017543859649 0.15551900584795328
0 0.6166567930489731 0.12998617693522907 0.6078692733017378 0.12554304897314375 0.6054008688783571 0.11399091627172198 0.613595971563981 0.10589454976303317 0.6242594786729858 0.10579581358609795 0.6305785939968405 0.11300355450236968 0.6310722748815166 0.12366706161137439 0.620902448657188 0.13057859399684044
0 0.6662223538704581 0.12890007898894154 0.6549664296998421 0.12169233807266981 0.6545714849921012 0.11023894154818327 0.6629640600315957 0.10234004739336493 0.6724427330173777 0.10234004739336493 0.6812302527646129 0.10885663507109006 0.6827112954186415 0.11853278041074253 0.6757997630331755 0.1270240916271722
0 0.6336366033755273 0.10647415611814345 0.624011075949367 0.1014636075949367 0.6215058016877636 0.09038765822784811 0.6277030590717299 0.08089398734177217 0.6402294303797468 0.07957542194092826 0.6473496835443038 0.08550896624472573 0.6498549578059072 0.09632120253164556 0.6424709915611814 0.10634229957805907
0 0.6509191176470588 0.08131127450980394 0.6405024509803922 0.07334558823529413 0.6405024509803922 0.06121323529411766 0.6479779411764707 0.053615196078431376 0.6612132352941177 0.054227941176470604 0.6689338235294118 0.06439950980392158 0.6645220588235293 0.07665441176470589
0 0.6746936274509804 0.05569852941176471 0.6642769607843138 0.04822303921568628 0.6693014705882353 0.03314950980392157 0.6838848039215686 0.034129901960784324 0.6893995098039215 0.04466911764705882 0.6848651960784314 0.053860294117647055
0 0.6884191176470589 0.103125 0.6745710784313725 0.09662990196078432 0.6723651960784314 0.08241421568627452 0.6842524509803922 0.07518382352941176 0.6965073529411764 0.07935049019607843 0.7011642156862745 0.08866421568627451 0.6957720588235293 0.100796568627451
0 0.689425355450237 0.06106832543443918 0.6978179304897315 0.050306082148499215 0.7094687993680885 0.05050355450236967 0.7169727488151659 0.057118878357030015 0.7175651658767773 0.06699249605055292 0.7122334123222749 0.07429897314375987 0.7007800157977884 0.07745853080568721 0.6951520537124803 0.07341034755134282
0 0.7037863756613757 0.11094576719576722 0.7028769841269842 0.1060681216931217 0.705109126984127 0.10176917989417991 0.7119708994708995 0.09995039682539683 0.7175925925925927 0.1033399470899471 0.7186673280423281 0.10846560846560849 0.7161044973544974 0.11317791005291004 0.7104828042328042 0.11590608465608464 0.7059358465608466 0.1138392857142857
0 0.7199900793650794 0.12384259259259257 0.7171792328042328 0.12045304232804233 0.7173445767195767 0.11367394179894182 0.7213955026455027 0.11061507936507936 0.7277612433862434 0.10987103174603173 0.7314814814814815 0.11292989417989417 0.7322255291005291 0.11689814814814814 0.730406746031746 0.12293320105820106 0.7261904761904762 0.12450396825396827
0 0.7186673280423281 0.10193452380952381 0.7135416666666666 0.09796626984126984 0.7124669312169313 0.08986441798941798 0.7194940476190477 0.08606150793650795 0.7256117724867724 0.087880291005291 0.7281746031746033 0.09333664021164022 0.7251984126984128 0.09986772486772487
0 0.7272652116402116 0.10747354497354498 0.7267691798941799 0.10152116402116401 0.7313988095238095 0.09556878306878307 0.7393353174603174 0.0970568783068783 0.7421461640211641 0.10276124338624339 0.7390873015873016 0.10920965608465608 0.7330522486772487 0.11102843915343916
0 0.7290013227513228 0.08713624338624339 0.7233796296296297 0.0844080687830688 0.7223048941798942 0.07721560846560847 0.7260251322751323 0.07333002645502647 0.7322255291005291 0.07258597883597882 0.7379298941798942 0.07655423280423279 0.736276455026455 0.08449074074074076
0 0.7409887566137566 0.09639550264550265 0.7368551587301587 0.09275793650793651 0.7370205026455027 0.08556547619047619 0.7428902116402116 0.08134920634920634 0.7512400793650794 0.08531746031746033 0.7505787037037037 0.0931712962962963 0.746362433862434 0.09680886243386244
0 0.7378472222222223 0.07308201058201058 0.732473544973545 0.06952711640211641 0.7321428571428571 0.06357473544973545 0.7373511904761905 0.05836640211640212 0.7446263227513228 0.059854497354497355 0.7469411375661376 0.06506283068783068 0.7438822751322752 0.07258597883597882
0 0.752066798941799 0.08333333333333334 0.7464451058201058 0.07911706349206349 0.7457837301587302 0.07233796296296297 0.7499173280423281 0.06729497354497356 0.7566964285714286 0.0685350529100529 0.7609126984126985 0.07448743386243387 0.7595899470899471 0.08035714285714286
0 0.3787076271186441 0.7261652542372882 0.386475988700565 0.7314618644067797 0.3854166666666667 0.7402895480225989 0.37835451977401136 0.7464689265536724 0.37164548022598876 0.7471751412429378 0.36617231638418074 0.7420550847457628 0.3637005649717514 0.7367584745762712 0.36528954802259883 0.7314618644067797 0.3684675141242938 0.7268714689265537 0.375 0.7252824858757062
0 0.38947740112994356 0.7236935028248588 0.38400423728813565 0.7192796610169492 0.3811793785310735 0.7118644067796611 0.381885593220339 0.7060381355932204 0.38965395480225995 0.7002118644067797 0.3967161016949152 0.702683615819209 0.4025423728813559 0.7070974576271187 0.40289548022598876 0.717337570621469 0.39742231638418074 0.7212217514124294
0 0.40413135593220334 0.7630649717514124 0.39530367231638425 0.7618290960451978 0.3880649717514124 0.7582980225988701 0.3880649717514124 0.7489406779661016 0.3926553672316384 0.7438206214689266 0.3977754237288136 0.74170197740113 0.4073093220338983 0.7445268361581922 0.4113700564971752 0.7515889830508475 0.4069562146892655 0.7604166666666666
0 0.4140183615819209 0.7390536723163842 0.40925141242937857 0.7369350282485876 0.4058968926553672 0.7341101694915254 0.4051906779661017 0.7261652542372882 0.40960451977401136 0.7191031073446328 0.4184322033898305 0.71875 0.426024011299435 0.7249293785310735 0.426024011299435 0.734816384180791 0.4201977401129943 0.7388771186440678
0 0.5119212962962962 0.5753472222222222 0.5133680555555555 0.5761574074074073 0.5140046296296297 0.5785300925925926 0.5133680555555555 0.5800347222222222 0.5114004629629629 0.5809027777777778 0.5094907407407406 0.580324074074074 0.5087384259259259 0.5790509259259259 0.5083333333333333 0.5774305555555556 0.509085648148148 0.5761574074074073
0 0.506712962962963 0.5718171296296296 0.5083912037037036 0.5734953703703702 0.5081597222222222 0.575462962962963 0.5069444444444444 0.5769675925925926 0.5044560185185185 0.576736111111111 0.5032407407407407 0.5753472222222222 0.5030092592592592 0.5736689814814814 0.5041666666666667 0.5718749999999999
0 0.5016782407407406 0.5675347222222222 0.5030092592592592 0.5690393518518518 0.5034722222222222 0.5713541666666666 0.5023726851851852 0.5725694444444444 0.5008680555555555 0.5729166666666665 0.4997685185185185 0.5726851851851852 0.4982060185185185 0.5714699074074073 0.497974537037037 0.5693287037037036 0.4993634259259259 0.567824074074074
0 0.505787037037037 0.5629050925925926 0.5072916666666667 0.5641203703703703 0.5071180555555556 0.5657407407407407 0.505150462962963 0.5671296296296297 0.5034143518518518 0.5668981481481481 0.5023726851851852 0.5655671296296296 0.502199074074074 0.5634837962962963 0.5045138888888888 0.562673611111111
0 0.5103009259259259 0.566261574074074 0.5119212962962962 0.5669560185185185 0.5120949074074074 0.5687499999999999 0.5106481481481481 0.5699652777777777 0.509085648148148 0.5702546296296296 0.5079282407407407 0.5697337962962963 0.507349537037037 0.5679976851851851 0.5082175925925926 0.566261574074074
0 0.5206391478029295 0.5593652907234798 0.5221371504660453 0.5606136262760764 0.5224422991566801 0.5623890368397692 0.5212771859742565 0.5636373723923657 0.5196682201509099 0.5639702618730581 0.5183089214380826 0.5634709276520196 0.5172547714158899 0.5621116289391922 0.5174212161562362 0.5607523302263648 0.5182256990679095 0.5597536617842876 0.5198346648912561 0.5590878828229028
0 0.516228362183755 0.5558422103861518 0.5170328450954284 0.5568131380381713 0.5178650687971593 0.5584221038615179 0.5172270306258323 0.5595872170439414 0.5158954727030626 0.5601975144252108 0.5142310252996005 0.5604471815357303 0.5130936529072349 0.5597536617842876 0.5125110963160231 0.5583111407012872 0.512982689747004 0.5566744340878829 0.5140090989791389 0.556202840656902 0.5149245450510431 0.5556757656458056
0 0.5231999105545617 0.5401200059630292 0.5240198270721527 0.5420207215265355 0.5238334824090638 0.5439959749552773 0.5223799940369709 0.5450022361359571 0.5207774299344068 0.5451140429338104 0.5199575134168157 0.5448158914728682 0.5185412939773406 0.543735092426953 0.5182431425163984 0.542430679785331 0.5185040250447228 0.5408653846153846 0.5193984794275492 0.5398963923673227 0.5215973464519976 0.5392255515802028
0 0.5257341979725701 0.5397100477042338 0.5233862552176506 0.5391510137149673 0.5223054561717352 0.5380702146690519 0.5222681872391175 0.5363185748360167 0.5231626416219439 0.5351259689922482 0.5253615086463924 0.5347532796660704 0.526554114490161 0.5354986583184258 0.5270013416815742 0.5371012224209899 0.5267031902206321 0.538703786523554
0 0.5287157125819917 0.5346414728682172 0.5270013416815742 0.5341942456768038 0.5257341979725701 0.5321444543828264 0.5257341979725701 0.5305418902802624 0.5268522659511032 0.5288275193798451 0.5287902504472272 0.5286039057841384 0.5308773106738224 0.5293120155038761 0.5319953786523555 0.5313245378652356 0.5315481514609423 0.5339706320810973
0 0.5360949612403101 0.5385919797257007 0.533672480620155 0.5384801729278474 0.532703488372093 0.5374739117471676 0.5321817233154443 0.5357968097793679 0.5325916815742398 0.5338960942158617 0.5343433214072749 0.5328152951699463 0.5369521466905188 0.5332625223613596 0.5382565593321408 0.5347532796660704 0.5382938282647586 0.5362440369707813 0.5375857185450209 0.5379584078711985
0 0.5312917222963951 0.5435858923008455 0.5302069425901201 0.5435858923008455 0.5288440142412105 0.5429183355585224 0.5284267912772584 0.5414997774810859 0.5286771250556297 0.5400812194036493 0.5303460169114375 0.5387182910547396 0.5320705384957721 0.539218958611482 0.5330440587449933 0.5403593680462839 0.5330718736092568 0.5420004450378282 0.5320705384957721 0.5432799287939474
0 0.5286249999999999 0.5443958333333333 0.529375 0.5454999999999999 0.5295624999999999 0.5469791666666667 0.5288958333333333 0.5481666666666666 0.5278333333333333 0.5488124999999999 0.5267916666666667 0.5487708333333333 0.5257916666666667 0.5481874999999999 0.525 0.5471666666666666 0.5250833333333332 0.5459166666666666 0.5258124999999999 0.5442291666666667 0.5268958333333333 0.5441458333333332
