0 0.3905985617597293 0.9174598138747886 0.39493443316412863 0.9077305414551609 0.40593274111675126 0.9024428934010152 0.4167195431472081 0.9086823181049071 0.4216899323181049 0.9167195431472082 0.4188346023688664 0.9259200507614215 0.4100571065989848 0.9324767343485619 0.3967322335025381 0.9300444162436549 0.39197335025380714 0.924016497461929
0 0.31847504230118445 0.9344860406091372 0.32376269035532995 0.9234877326565144 0.3364530456852792 0.9214784263959391 0.34649957698815564 0.9284581218274112 0.34692258883248733 0.939350676818951 0.34279822335025384 0.9478109137055839 0.3292618443316413 0.9485511844331643 0.32143612521150594 0.9450613367174282
0 0.34470177664974616 0.8894352791878174 0.3509412013536379 0.8787542301184434 0.3656408629441624 0.8771679357021998 0.3758989001692048 0.8876374788494079 0.3735723350253807 0.8988472927241964 0.366169627749577 0.9059327411167514 0.3515757191201354 0.9060384940778342 0.3452305414551608 0.8978955160744501
0 0.2886527072758038 0.9211611675126905 0.2833650592216582 0.9136527072758038 0.2863261421319797 0.901596869712352 0.2974302030456853 0.8983185279187818 0.3054674280879865 0.9007508460236888 0.3109665820642978 0.9088938240270729 0.30811125211505924 0.9184115905245348 0.3002855329949239 0.9238049915397633
0 0.30102580372250426 0.872197546531303 0.29986252115059225 0.8627855329949239 0.30525592216582065 0.8528447546531303 0.316571489001692 0.8512584602368866 0.3269352791878173 0.8565461082910323 0.33053087986463625 0.8649005922165821 0.32682952622673433 0.8742068527918783 0.32037859560067683 0.8796002538071067 0.308428510998308 0.8787542301184434
0 0.4354093309859155 0.8880941901408452 0.435556044600939 0.8809052230046949 0.43775674882629106 0.8770906690140847 0.44274501173708924 0.8745965375586855 0.44883362676056343 0.8756235328638499 0.45360181924882637 0.8788512323943662 0.454262030516432 0.8842796361502349 0.45316167840375593 0.8887544014084507 0.4493471244131456 0.8916886737089204 0.44428550469483574 0.892862382629108 0.4395173122065728 0.8922021713615025
0 0.40650674882629106 0.8704151995305165 0.4073136737089202 0.8641798708920188 0.41186179577464793 0.8586781103286385 0.41809712441314556 0.8582379694835682 0.42374559859154926 0.8614656690140847 0.4261663732394366 0.8673342136150236 0.4249926643192488 0.8725425469483569 0.42059125586854457 0.8756968896713615 0.41589642018779344 0.8771640258215964 0.4103213028169014 0.8752567488262912
0 0.4505208333333334 0.8544234154929579 0.45594923708920193 0.8464275234741785 0.46643926056338036 0.8464275234741785 0.47025381455399073 0.8523694248826291 0.4706939553990611 0.8585313967136151 0.4662191901408451 0.863299589201878 0.458149941314554 0.8649867957746479 0.4533083920187794 0.8616857394366197
0 0.4214715375586855 0.8402655516431925 0.4261663732394366 0.8318295187793427 0.4336487676056339 0.8296288145539906 0.4398840962441315 0.8330765845070424 0.4430384389671362 0.8386517018779343 0.4394439553990611 0.845987382629108 0.4350425469483569 0.8481147300469485 0.4275601525821597 0.8480413732394367
0 0.4563026474127558 0.8185168471720818 0.4593862815884477 0.8121991576413958 0.467132972322503 0.809190734055355 0.4742027677496992 0.8125752105896511 0.4764590854392299 0.819043321299639 0.4744283995186523 0.8249097472924187 0.46931407942238274 0.8288206979542719 0.4610409145607701 0.8279181708784596 0.45735559566787004 0.8239320096269555
0 0.4687123947051745 0.7968561973525873 0.47172081829121537 0.7897864019253912 0.47894103489771356 0.7866275571600482 0.48781588447653434 0.7901624548736461 0.48932009626955475 0.7967809867629362 0.48631167268351383 0.8054302045728039 0.4780385078219013 0.8062575210589651 0.4718712394705175 0.8046028880866426
0 0.4362966305655836 0.8070096269554753 0.43922984356197353 0.8012184115523466 0.4466756919374248 0.7979843561973525 0.4563778580024067 0.8032490974729243 0.4560770156438027 0.8131016847172082 0.4462996389891697 0.8183664259927799 0.43802647412755713 0.8150571600481348
0 0.4482551143200963 0.7840703971119134 0.45306859205776173 0.7770006016847173 0.46119133574007226 0.7751203369434416 0.4690884476534296 0.7810619735258724 0.4687123947051745 0.7897111913357402 0.46201865222623345 0.7946750902527077 0.45299338146811075 0.7932460890493381 0.45043622141997597 0.7900872442839951
0 0.4153880866425993 0.7964049338146811 0.4197503008423586 0.7888838748495788 0.427572202166065 0.7868531889290012 0.43471720818291215 0.7901624548736461 0.43659747292418777 0.7969314079422383 0.4335890493381468 0.8038507821901323 0.4263688327316486 0.8062575210589651 0.41884777376654636 0.8045276774969916
0 0.42839951865222625 0.77278880866426 0.4331377858002407 0.7653429602888087 0.44306558363417575 0.7637635379061372 0.4486311672683514 0.769705174488568 0.4484055354993983 0.7770758122743683 0.44344163658243085 0.7830926594464501 0.4335890493381468 0.782716606498195 0.4301293622141998 0.7788808664259927
0 0.39523164861612514 0.7840703971119134 0.3988417569193743 0.7776774969915765 0.40756618531889294 0.7748194945848376 0.4147864019253911 0.7787304452466908 0.4169675090252708 0.7847472924187725 0.4126805054151625 0.7916666666666667 0.4064380264741276 0.7945246690734055 0.39981949458483756 0.792794825511432 0.3966606498194946 0.789259927797834
0 0.4087695547533093 0.7606799037304453 0.4125300842358604 0.7539109506618532 0.42117930204572807 0.7519554753309265 0.42885078219013245 0.756468110709988 0.4290764139590854 0.7648164861612515 0.4256167268351384 0.7702316486161251 0.41787003610108303 0.7720367027677496 0.40982250300842354 0.7688778580024067
0 0.375 0.7721871239470517 0.3780836341756919 0.76617027677497 0.3851534296028881 0.763387484957882 0.3933513838748496 0.766546329723225 0.39673586040914566 0.772638387484958 0.39440433212996395 0.7787304452466908 0.38756016847172087 0.782942238267148 0.3795126353790614 0.7816636582430807 0.3762033694344164 0.7782039711191336
0 0.3877105896510229 0.750150421179302 0.3923736462093863 0.7422533092659447 0.4001955475330927 0.740147412755716 0.40869434416365824 0.7455625752105897 0.40884476534296027 0.7541365824308063 0.4031287605294826 0.7594765342960289 0.3938026474127558 0.7593261131167268 0.38981648616125153 0.7557912154031288
0 0.3545427196149218 0.7635379061371842 0.35792719614921786 0.7556407942238267 0.36394404332129965 0.7521811070998797 0.37289410348977137 0.7542870036101083 0.3765042117930204 0.7601534296028881 0.37484957882069797 0.7657942238267148 0.3707129963898917 0.7699308062575211 0.3626654632972323 0.7711341756919374 0.35785198555956677 0.7688026474127557
0 0.37041215403128763 0.7461642599277979 0.36845667870036103 0.7378158844765343 0.3714651022864019 0.7311973525872443 0.38011432009626955 0.7284897713598075 0.3873345367027678 0.733378459687124 0.38944043321299643 0.740297833935018 0.38402527075812276 0.7481949458483754 0.37394705174488574 0.7481949458483754
0 0.4921875 0.7653729838709676 0.49470766129032256 0.7612567204301075 0.49949596774193544 0.7573084677419355 0.5092405913978494 0.7576444892473118 0.5146169354838709 0.7644489247311828 0.5131888440860215 0.7736895161290324 0.5078125 0.7784778225806451 0.49789986559139776 0.7788978494623656 0.49327956989247307 0.774361559139785
0 0.4695900537634409 0.7589885752688171 0.46967405913978494 0.7505880376344085 0.4759744623655914 0.7444556451612903 0.48538306451612895 0.7441196236559139 0.4915994623655914 0.7501680107526881 0.4907594086021505 0.7596606182795699 0.4852150537634409 0.7650369623655914 0.47782258064516125 0.7662970430107526 0.47261424731182794 0.7628528225806451
0 0.44764254385964913 0.748172514619883 0.44618055555555564 0.7412280701754387 0.44846491228070184 0.7335526315789473 0.45659722222222227 0.7299890350877193 0.46491228070175444 0.7333698830409358 0.4692068713450293 0.7384868421052632 0.4669225146198831 0.7475328947368421 0.46226242690058483 0.7522843567251463 0.4570540935672515 0.7532894736842105 0.451937134502924 0.7521929824561404
0 0.505926724137931 0.7400023946360154 0.51143438697318 0.7315014367816092 0.5201748084291188 0.7304238505747127 0.5279573754789272 0.7367696360153256 0.5289152298850575 0.7461087164750958 0.5213721264367815 0.7536518199233717 0.5116738505747127 0.7518558429118775 0.508441091954023 0.7464679118773947
0 0.482698754789272 0.7283884099616859 0.48868534482758624 0.7185704022988506 0.49898227969348663 0.7172533524904215 0.5052083333333334 0.7230004789272031 0.5078424329501916 0.7277897509578545 0.5035320881226053 0.7367696360153256 0.4974257662835249 0.7401221264367815 0.4884458812260537 0.7380866858237548
0 0.460308908045977 0.7140205938697318 0.4656968390804598 0.7058788314176245 0.47587404214559387 0.7038433908045977 0.483536877394636 0.7106681034482759 0.48401580459770116 0.7196479885057471 0.47838840996168586 0.724676724137931 0.46940852490421453 0.7265924329501916 0.4635416666666667 0.7227610153256705
0 0.44251207729468595 0.7175120772946859 0.44426328502415446 0.714855072463768 0.447403381642512 0.713647342995169 0.45078502415458926 0.7151570048309178 0.45175120772946853 0.7185386473429951 0.4503019323671497 0.7221014492753622 0.4478864734299517 0.7227053140096618 0.4441425120772946 0.7217391304347825
0 0.44891304347826083 0.709903381642512 0.44861111111111107 0.7073067632850241 0.44987922705314 0.7043478260869565 0.45289855072463764 0.7035024154589371 0.456219806763285 0.7041062801932366 0.45778985507246367 0.7067028985507245 0.45754830917874384 0.7103864734299515 0.4556159420289854 0.71237922705314 0.45175120772946853 0.7123188405797101
0 0.4886204481792717 0.6923144257703081 0.4896708683473389 0.6872373949579832 0.4943977591036415 0.6853991596638654 0.5000875350140056 0.6878501400560224 0.5006127450980392 0.6922268907563025 0.4978116246498599 0.6966036414565826 0.49185924369747897 0.6972163865546218
0 0.4776014680483593 0.6864205526770294 0.4774395509499137 0.683937823834197 0.478896804835924 0.6808074265975821 0.4826748704663213 0.6792422279792747 0.4866148531951641 0.680591537132988 0.4884499136442142 0.6839917962003454 0.48704663212435234 0.6886873920552677 0.48337651122625225 0.6906843696027634 0.47922063903281525 0.6887953367875649
0 0.48399873257287707 0.6733998732572877 0.4850285171102662 0.6698352344740178 0.4885931558935362 0.6676964512040557 0.4931083650190114 0.6692015209125476 0.4951679340937897 0.6726869455006337 0.4924746514575412 0.6775190114068441 0.48962294043092525 0.6788656527249683 0.48574144486692017 0.6769645120405577
0 0.4951679340937897 0.6791825095057035 0.49754435994930296 0.6752217997465146 0.5015842839036756 0.6741128010139417 0.5053073510773131 0.67617237008872 0.5064163498098859 0.680766793409379 0.5037230671736376 0.6848859315589354 0.5 0.6854404309252218 0.4967522179974652 0.6833016476552599
0 0.5393337673611112 0.68212890625 0.5421549479166666 0.6790907118055556 0.547580295138889 0.67919921875 0.5498589409722223 0.6824544270833334 0.5489908854166666 0.6877712673611112 0.545627170138889 0.68994140625 0.5402018229166666 0.6877712673611112 0.5391167534722223 0.68505859375
0 0.5462226640159045 0.6715540092776673 0.5472995361166335 0.669358846918489 0.5498674618952949 0.66708084824387 0.552766732935719 0.6672051027170312 0.555044731610338 0.6683648111332008 0.5565772034459907 0.6709741550695825 0.5558730947647448 0.6747017892644135 0.5539264413518886 0.6772282968853545 0.5512756792577865 0.6778495692511597 0.5482935719019217 0.67668986083499 0.5468853545394301 0.6751573889993372
0 0.5314777998674618 0.6832339297548045 0.5283300198807156 0.6808730947647448 0.5274188204108681 0.677766732935719 0.5285371106693174 0.6747017892644135 0.5306908548707753 0.6727551358515573 0.536779324055666 0.6727137176938369 0.5384774685222001 0.6761514247846255 0.5386431411530814 0.6796305500331344 0.5366964877402253 0.6828611663353213
0 0.5339628893306826 0.6664181577203446 0.5352468522200132 0.6627733598409542 0.539181577203446 0.6602468522200132 0.5448972829688534 0.6619449966865474 0.5462226640159045 0.6648442677269715 0.545435719019218 0.6691931742876076 0.54208084824387 0.6719267726971503 0.5368621603711067 0.671512591119947 0.5352468522200132 0.6701457919151755
0 0.5149758454106279 0.671135265700483 0.5176932367149757 0.6669685990338163 0.5217391304347825 0.6655797101449274 0.5263285024154588 0.6669685990338163 0.5278985507246376 0.6692632850241544 0.527536231884058 0.6732487922705314 0.5244565217391304 0.6763888888888888 0.5205917874396134 0.6769927536231883 0.5168478260869565 0.6755434782608695
0 0.5219806763285023 0.6609903381642511 0.523731884057971 0.6557367149758453 0.5279589371980676 0.6535024154589371 0.5331521739130435 0.6551932367149758 0.5350845410628019 0.6588768115942029 0.5335144927536232 0.6627415458937197 0.5301932367149758 0.6649758454106279 0.5267512077294686 0.6654589371980675 0.5239734299516907 0.6639492753623187
0 0.5038043478260869 0.6648550724637681 0.506159420289855 0.6606280193236714 0.5108091787439613 0.658574879227053 0.5150966183574878 0.6607487922705314 0.5167874396135265 0.6632850241545892 0.5147342995169081 0.6687198067632849 0.5103260869565217 0.6707125603864733 0.5060386473429951 0.6694444444444444
0 0.49245169082125595 0.6583937198067632 0.49353864734299513 0.6547705314009662 0.4972826086956521 0.6521135265700483 0.5019323671497583 0.6528985507246376 0.5047101449275362 0.6549516908212559 0.5049516908212559 0.6580917874396135 0.5028985507246376 0.6618961352657005 0.5006642512077294 0.6634661835748792 0.49776570048309166 0.6637681159420289 0.4939613526570048 0.6631642512077294
0 0.5106884057971014 0.6531400966183574 0.5121980676328503 0.6493357487922704 0.5163647342995169 0.6477053140096618 0.5202898550724636 0.6487922705314009 0.5221014492753623 0.6519323671497583 0.5221618357487922 0.6559178743961352 0.5183574879227052 0.6589371980676328 0.5134057971014492 0.6585144927536232 0.5109299516908211 0.6554347826086956
0 0.49849033816425115 0.6455917874396134 0.5017512077294686 0.6410628019323671 0.5070652173913043 0.641183574879227 0.5096618357487922 0.643599033816425 0.5108695652173912 0.6484299516908212 0.5077294685990338 0.6521135265700483 0.5044685990338164 0.6522342995169081 0.5006642512077294 0.6506642512077294
0 0.5556255247691017 0.6551742233417296 0.557357262804366 0.6526553316540721 0.5594563392107471 0.6508186397984888 0.5629198152812762 0.6508186397984888 0.5649664147774979 0.6523929471032747 0.566173383711167 0.6554890848026869 0.5658585222502099 0.6590575146935348 0.5631297229219143 0.6610516372795969 0.5607682619647356 0.6618387909319898 0.5568324937027708 0.6606318219983207 0.5558354324097398 0.6591624685138538
0 0.5622900923593619 0.6454135180520572 0.5623950461796808 0.6428946263643996 0.5650713685978168 0.6395885810243493 0.5697942905121746 0.6395885810243493 0.5731003358522251 0.6423173803526449 0.5722607052896724 0.6478274559193955 0.5690071368597817 0.6496116708648194 0.5655961376994122 0.6498215785054575 0.5634445843828716 0.6486146095717883
0 0.5436083123425692 0.6491393786733837 0.54575986565911 0.6454659949622165 0.5493807724601174 0.6442065491183878 0.5526343408900084 0.6456759026028548 0.5545235096557514 0.6482472712006717 0.5541561712846347 0.652340470193115 0.5501679261125105 0.6552267002518891 0.5460747271200671 0.653914777497901 0.5442905121746431 0.6524979009235936
0 0.5498005877413938 0.6378043660789253 0.5523194794290511 0.6337111670864819 0.5559928631402183 0.6324517212426533 0.5604534005037783 0.6346557514693535 0.5612930310663308 0.6393261964735516 0.5585642317380352 0.6429995801847188 0.5536314021830393 0.6431045340050378
0 0.5319584382871536 0.6421599496221662 0.5343198992443325 0.638958858102435 0.5376259445843828 0.6373320738874895 0.5414567590260285 0.6386439966414778 0.5428211586901763 0.6424223341729639 0.5416666666666666 0.6463056255247691 0.5382031905961376 0.6479324097397144 0.5349496221662469 0.6477749790092359 0.5332178841309824 0.6462531486146096
0 0.5388329135180521 0.6315596137699413 0.540407220822838 0.6277287993282956 0.5436607892527288 0.625892107472712 0.5480688497061292 0.6274139378673383 0.5495906801007557 0.6317695214105794 0.5474916036943744 0.6358627204030226 0.543975650713686 0.6367548278757346 0.5408795130142736 0.6357577665827037
0 0.5206759026028548 0.6362825356842988 0.5218303946263643 0.6334487825356843 0.5244542401343409 0.631244752308984 0.5289672544080605 0.6317695214105794 0.5315910999160369 0.6347082283795131 0.5311188077246012 0.6388539042821159 0.528914777497901 0.6411104114189756 0.5256087321578506 0.6420025188916877 0.5227225020990763 0.6405856423173802
0 0.527445424013434 0.6244227539882451 0.5287573467674224 0.620854324097397 0.5323257766582704 0.6190176322418136 0.5367338371116709 0.6210642317380352 0.5382031905961376 0.6269416456759025 0.5355268681780015 0.629565491183879 0.5306465155331653 0.630142737195634 0.5285474391267841 0.6279911838790933
0 0.50892107472712 0.6315596137699413 0.5099706129303105 0.6273614609571787 0.51338161209068 0.6243702770780857 0.5172124265323258 0.6252099076406381 0.5200461796809402 0.6283585222502099 0.5198362720403021 0.6326091519731318 0.5175797649034424 0.6349181360201512 0.5150083963056256 0.6357577665827037 0.5119647355163727 0.6351280436607893
0 0.5156905961376994 0.6183354324097398 0.5178946263643996 0.6139798488664987 0.522092779177162 0.613612510495382 0.5250839630562553 0.6148719563392107 0.526553316540722 0.6188077246011755 0.524769101595298 0.6229009235936187 0.521777917716205 0.624212846347607 0.5182619647355163 0.6232682619647356 0.51674013434089 0.6216939546599497
0 0.5726877289377289 0.6291781135531136 0.575206043956044 0.6265453296703296 0.5794413919413919 0.6261446886446886 0.5826465201465202 0.6290064102564104 0.5820741758241759 0.6332417582417582 0.5785828754578755 0.6350160256410257 0.5749198717948718 0.634271978021978 0.5732600732600733 0.6328411172161172
0 0.5783539377289377 0.6216231684981685 0.5797275641025641 0.6176739926739927 0.581959706959707 0.6162431318681318 0.5860805860805861 0.6168727106227107 0.5881410256410257 0.6192765567765568 0.5879120879120879 0.6242559523809524 0.5841918498168498 0.6257440476190476 0.5801282051282052 0.6251144688644689
0 0.5631868131868132 0.6254578754578755 0.5646176739926739 0.6223099816849818 0.5673649267399267 0.6204784798534799 0.5712568681318682 0.6215659340659341 0.5732600732600733 0.6239697802197802 0.571771978021978 0.6274038461538461 0.5703983516483516 0.6299221611721612 0.5656478937728938 0.6288919413919414
0 0.5695398351648351 0.6165293040293041 0.5699404761904762 0.6136675824175823 0.5724015567765568 0.6113782051282052 0.5766369047619048 0.6118360805860806 0.5784111721611722 0.6148122710622711 0.5773809523809524 0.617445054945055 0.5757783882783883 0.61996336996337 0.5728021978021979 0.6193910256410257
0 0.5542010073260073 0.6215659340659341 0.5540865384615384 0.6185897435897436 0.5556891025641025 0.6153846153846154 0.5590086996336997 0.6149839743589745 0.5620421245421245 0.6157852564102565 0.5633585164835165 0.6180746336996337 0.5628434065934066 0.6221955128205128 0.5604967948717948 0.6241414835164835 0.5570627289377289 0.6241414835164835
0 0.559581043956044 0.6110347985347986 0.5604967948717948 0.6074290293040293 0.5630723443223443 0.6052541208791209 0.5670215201465202 0.6059409340659341 0.568853021978022 0.6072573260073261 0.5686240842490843 0.6109203296703296 0.5669642857142857 0.6141826923076924 0.5637591575091576 0.6146978021978022 0.5611836080586081 0.6135531135531136
0 0.5448717948717948 0.6149839743589745 0.5448145604395604 0.6122367216117216 0.5478479853479854 0.6096039377289377 0.5519688644688645 0.6100618131868132 0.5538003663003663 0.6124656593406593 0.5533997252747253 0.6155563186813188 0.5518543956043956 0.6177884615384616 0.5497367216117216 0.6185897435897436 0.5472184065934066 0.6176167582417582
0 0.550309065934066 0.6065705128205128 0.550309065934066 0.6040521978021979 0.5515682234432234 0.6009043040293041 0.5562042124542125 0.6002174908424909 0.5577495421245421 0.6017628205128205 0.5596382783882784 0.6043956043956044 0.5577495421245421 0.6079441391941391 0.5558035714285715 0.6091460622710623 0.5524839743589745 0.6088598901098902
0 0.5357142857142857 0.6106913919413919 0.5351419413919414 0.6077724358974359 0.53628663003663 0.6050824175824177 0.5389194139194139 0.6043956043956044 0.5421245421245421 0.604739010989011 0.544356684981685 0.6074862637362638 0.543154761904762 0.611092032967033 0.5404647435897436 0.6126945970695971 0.5378319597069597 0.612293956043956
0 0.5409798534798536 0.6010760073260073 0.5409226190476191 0.5978708791208791 0.5416094322344323 0.5959821428571429 0.5440132783882784 0.5946085164835165 0.5478479853479854 0.5952380952380952 0.549393315018315 0.5984432234432234 0.5484775641025641 0.6022206959706959 0.5455586080586081 0.6033653846153846 0.5427541208791209 0.6026785714285715
0 0.5266712454212454 0.606856684981685 0.5251831501831502 0.60382326007326 0.5269001831501832 0.6009615384615384 0.5295902014652014 0.5993589743589745 0.5322229853479854 0.600103021978022 0.533768315018315 0.6021634615384616 0.533768315018315 0.6050824175824177 0.5317078754578755 0.6077724358974359 0.5288461538461539 0.608173076923077
0 0.5330815018315018 0.5980425824175823 0.5317078754578755 0.5958104395604397 0.5310210622710623 0.5928342490842491 0.5330242673992674 0.589915293040293 0.53680173992674 0.5898580586080586 0.539320054945055 0.5913461538461539 0.5403502747252747 0.5943795787545788 0.5380036630036631 0.5976991758241759 0.535885989010989 0.5986149267399267
0 0.5734463276836159 0.5649717514124294 0.5758298022598871 0.5617055084745763 0.5790960451977402 0.5599399717514124 0.5832450564971752 0.5621468926553673 0.5836864406779662 0.5669138418079097 0.5812146892655367 0.5710628531073447 0.5779484463276836 0.570268361581921 0.5747704802259888 0.5688559322033898
0 0.5526129943502825 0.5527012711864407 0.5564088983050848 0.5470515536723164 0.5625 0.5452860169491526 0.567090395480226 0.5492584745762712 0.5668255649717514 0.5565854519774012 0.5624117231638418 0.5601165254237288 0.5552612994350283 0.558792372881356
0 0.5617055084745763 0.5361935028248588 0.5650600282485876 0.5319562146892655 0.5685028248587571 0.5308968926553673 0.5755649717514124 0.533545197740113 0.576271186440678 0.5394597457627118 0.5727401129943502 0.5437853107344633 0.5684145480225988 0.5455508474576272 0.5632062146892655 0.543167372881356
0 0.5718573446327684 0.519774011299435 0.5743290960451978 0.5154484463276836 0.5799788135593221 0.515625 0.5825388418079097 0.5182733050847458 0.5828036723163842 0.5228637005649718 0.5787429378531074 0.5258651129943502 0.5730049435028249 0.5247175141242938
0 0.5832450564971752 0.5136829096045198 0.5784781073446328 0.5109463276836159 0.5788312146892655 0.5060911016949152 0.582715395480226 0.503266242937853 0.5878354519774012 0.5052083333333334 0.5890713276836159 0.5097104519774012 0.5857168079096046 0.5143008474576272
0 0.5823622881355933 0.5254237288135593 0.5865112994350283 0.5218926553672316 0.5915430790960452 0.5219809322033898 0.5942796610169492 0.5264830508474576 0.5929555084745763 0.5309851694915254 0.588718220338983 0.5326624293785311 0.5848340395480226 0.53125
0 0.5899540960451978 0.5154484463276836 0.5915430790960452 0.5113877118644068 0.5961334745762712 0.5097987288135593 0.6005473163841809 0.5125353107344633 0.6003707627118644 0.518802966101695 0.5950741525423728 0.520656779661017 0.591896186440678 0.519774011299435
0 0.5948975988700564 0.5338983050847458 0.5959569209039548 0.530808615819209 0.5996645480225988 0.5282485875706214 0.6044314971751412 0.529837570621469 0.6059322033898304 0.5323093220338984 0.6055790960451978 0.5356638418079096 0.6031073446327684 0.5386652542372882 0.5990466101694916 0.5387535310734464 0.5959569209039548 0.5369879943502825
0 0.6011652542372882 0.5235699152542374 0.6025776836158192 0.5185381355932204 0.6071680790960452 0.5161546610169492 0.6114053672316385 0.5186264124293786 0.6124646892655367 0.5217161016949152 0.6111405367231638 0.525688559322034 0.6086687853107345 0.5274540960451978 0.6049611581920904 0.5268361581920904
0 0.6062853107344633 0.5397245762711864 0.6077860169491526 0.5366348870056498 0.611670197740113 0.534957627118644 0.6154661016949152 0.5367231638418078 0.6170550847457628 0.5403425141242938 0.6150247175141242 0.5441384180790961 0.6112288135593221 0.5453742937853108 0.607962570621469 0.5434322033898304
0 0.612641242937853 0.5284251412429378 0.6152895480225988 0.523481638418079 0.620409604519774 0.5235699152542374 0.6238524011299436 0.5260416666666666 0.6236758474576272 0.5315148305084746 0.6202330508474576 0.5341631355932204 0.6152895480225988 0.5331920903954802
0 0.6179378531073447 0.5451094632768362 0.6200564971751412 0.5416666666666666 0.6269420903954802 0.5410487288135593 0.6296786723163842 0.5456391242937852 0.6278248587570622 0.5511122881355933 0.6223516949152542 0.5527895480225988 0.6189088983050848 0.550494350282486
0 0.6243820621468926 0.5352224576271186 0.6275600282485876 0.5295727401129944 0.6331214689265537 0.53027895480226 0.6367408192090396 0.535399011299435 0.633739406779661 0.5405190677966102 0.6293255649717514 0.5414018361581922 0.6261475988700564 0.5391949152542374
0 0.5567064606741573 0.46892556179775274 0.5602176966292134 0.46377574906367036 0.5671231273408239 0.4627223782771535 0.5718047752808988 0.4671699438202247 0.5708684456928839 0.4729049625468164 0.5693469101123595 0.4761821161048689 0.5646652621722846 0.4781718164794007 0.558696161048689 0.4758309925093633
0 0.5398525280898876 0.45932818352059923 0.5426615168539325 0.45406132958801493 0.5510884831460674 0.45359316479400746 0.5556530898876404 0.45897705992509363 0.5530781835205992 0.4657654494382022 0.5478113295880149 0.46892556179775274 0.5409058988764045 0.46506320224719094
0 0.6062416998671979 0.38520916334661365 0.6068227091633467 0.37998007968127495 0.6102257636122178 0.3757470119521913 0.6158698539176627 0.37458499335989376 0.6214309428950864 0.37832005312085 0.62234395750332 0.3848771580345286 0.6186088977423639 0.39027224435590974 0.6124667994687915 0.3905212483399735 0.6069057104913679 0.3864541832669323
0 0.5868193891102258 0.3722609561752988 0.5904714475431607 0.36537184594953526 0.598605577689243 0.3633798140770253 0.6037516600265604 0.36885790172642774 0.602257636122178 0.3767430278884462 0.5966135458167331 0.3803950863213812 0.5892264276228419 0.37790504648074374
0 0.5690571049136787 0.3623007968127491 0.5718791500664011 0.354913678618858 0.5794322709163348 0.35433266932270924 0.5846613545816733 0.3597277556440903 0.5823373173970784 0.36711487383798147 0.5763612217795485 0.3697709163346614 0.5698871181938912 0.36586985391766275
0 0.6302083333333334 0.5179014900662252 0.6317259933774835 0.5158319536423842 0.6349682671081678 0.5156939845474614 0.6364169426048565 0.517487582781457 0.6368998344370861 0.5201779801324503 0.6337955298013246 0.5222475165562914 0.6307602097130243 0.5209368101545254
0 0.6341404525386314 0.5112789735099338 0.6353131898454746 0.5087265452538632 0.6384864790286976 0.5075538079470199 0.6403490618101546 0.5088645143487859 0.6412458609271524 0.5113479580573952 0.6393142935982341 0.5139693708609272 0.6371067880794702 0.5141763245033113 0.6352442052980133 0.5134174944812363
0 0.6227580022075055 0.5147282008830022 0.6234478476821192 0.5123827262693157 0.6258623068432672 0.5108650662251656 0.6279318432671083 0.511485927152318 0.6293115342163356 0.5132795253863135 0.6288976269315674 0.5156939845474614 0.6279318432671083 0.5170046909492274 0.6255863686534217 0.5172806291390729 0.6241376931567328 0.5167977373068433
0 0.6265521523178809 0.5073468543046358 0.6275869205298014 0.5042425496688742 0.6307602097130243 0.5027248896247241 0.6331056843267108 0.5041045805739515 0.6338645143487859 0.5069329470198676 0.6323468543046358 0.5094853752759382 0.6302083333333334 0.5102442052980133 0.628069812362031 0.5094853752759382
0 0.6150317328918322 0.5093474061810155 0.6157905629139073 0.5074848233995585 0.6186189293598234 0.5065190397350994 0.6212403421633554 0.5076917770419427 0.6217922185430464 0.5107270971302429 0.6201365894039735 0.513003587196468 0.6166873620309051 0.5131415562913908 0.6151007174392936 0.5112099889624724
0 0.6187568984547461 0.5022419977924945 0.6212403421633554 0.4986548013245033 0.6249655077262694 0.4998275386313466 0.626207229580574 0.5016901214128036 0.624896523178808 0.5054152869757175 0.62248206401766 0.5057602097130243 0.6203435430463576 0.5052773178807947
0 0.6071674944812363 0.5058981788079471 0.6085471854304636 0.5032077814569537 0.6113755518763798 0.5020350441501105 0.6141349337748344 0.5036906732891833 0.6139969646799117 0.5069329470198676 0.6129621964679912 0.5086575607064018 0.6099958609271524 0.5093474061810155 0.6079953090507726 0.5080366997792495
0 0.6119274282560707 0.4977580022075056 0.6129621964679912 0.49513658940397354 0.6160665011037527 0.49465369757174393 0.6184119757174393 0.4961023730684327 0.6190328366445916 0.4989307395143488 0.6165493929359823 0.5015521523178809 0.6135830573951435 0.5006553532008831
0 0.6000620860927153 0.5013451986754967 0.6008209161147903 0.4990687086092715 0.6032353752759382 0.498033940397351 0.6062706953642385 0.49886175496688745 0.6062706953642385 0.5022419977924945 0.6048220198675497 0.5045184878587197 0.6016487306843268 0.5036906732891833
0 0.6047530353200884 0.49486065121412803 0.6043391280353202 0.49168736203090513 0.6073744481236203 0.49010071743929357 0.6108236754966887 0.4914114238410596 0.6110996136865342 0.49527455849889623 0.608616169977925 0.4965162803532009 0.6068225717439294 0.4968612030905078
0 0.5926117549668874 0.49768901766004414 0.5926117549668874 0.4958264348785873 0.5937155077262694 0.49410182119205304 0.5961299668874173 0.49396385209713034 0.5981995033112584 0.49423979028697573 0.5995791942604857 0.49617135761589404 0.5988203642384107 0.4987927704194261 0.595509105960265 0.5010002759381899
0 0.5970267660044151 0.4897557947019868 0.5972337196467992 0.4879621964679912 0.5984064569536424 0.4864445364238411 0.6008899006622517 0.4860306291390729 0.6033043598233996 0.4879621964679912 0.6031663907284769 0.49058360927152317 0.6030284216335541 0.4922392384105961 0.6003380242825607 0.49258416114790293 0.5976476269315674 0.4925151766004416
0 0.5858512693156733 0.49472268211920534 0.5848854856512142 0.49272213024282563 0.5864721302428256 0.48941087196467997 0.5900593267108168 0.4896868101545255 0.5918529249448123 0.4922392384105961 0.5900593267108168 0.49596440397351
0 0.592335816777042 0.4887210264900663 0.5890245584988962 0.4867894591611479 0.5893004966887417 0.4842370309050773 0.5908871412803532 0.4816846026490067 0.5941983995584988 0.48161561810154535 0.5958540286975718 0.4838921081677704 0.5964059050772628 0.4869274282560707 0.5939224613686535 0.48844508830022076
0 0.49069816053511717 0.4732093088071349 0.49250975473801567 0.47704152731326643 0.49153428093645496 0.4834517837235228 0.48582079152731333 0.48721432552954297 0.4804556856187291 0.48693561872909696 0.4769021739130435 0.48393952062430323 0.47516025641025633 0.48003762541806017 0.47516025641025633 0.4757873467112597 0.4778776477146043 0.4714673913043479 0.4822672798216276 0.46944676700111493 0.48651755852842804 0.47042224080267564
0 0.47265189520624307 0.46352424749163884 0.47293060200668907 0.46770484949832775 0.47139771460423635 0.4725822185061315 0.46770484949832775 0.475090579710145 0.46164297658862874 0.4759267001114828 0.4567656075808249 0.472791248606466 0.4557901337792642 0.4684016164994426 0.45585981047937574 0.4631061872909699 0.46017976588628773 0.45934364548494994 0.4661719620958752 0.45871655518394655 0.4704919175027872 0.46031911928651065
0 0.4513785855588527 0.4536041048466865 0.4521822453016815 0.4583024233432245 0.45181132542037594 0.46232072205736896 0.4482875865479723 0.46466988130563797 0.4450729475766568 0.46516444114737887 0.4423528684470821 0.46436078140455 0.43963278931750743 0.46188798219584576 0.4387054896142433 0.45904426310583585 0.4390145895153314 0.45626236399604353 0.43988006923837786 0.4539132047477745 0.4434038081107814 0.4514404055390703 0.4468039070227498 0.45156404549950546
0 0.43425445103857563 0.45459322453016815 0.43122527200791294 0.4556441641938675 0.4261560336300692 0.45527324431256183 0.4233123145400593 0.45174950544015824 0.4231886745796241 0.44804030662710187 0.424610534124629 0.4449493076162216 0.42770153313550946 0.44284742828882295 0.4338217111770524 0.44377472799208706 0.4362945103857567 0.4478548466864491 0.4361708704253215 0.4519349653808111
0 0.48252795527156545 0.4360689563365282 0.48352635782747605 0.43913072417465393 0.4827941959531416 0.44472177848775296 0.4776025026624068 0.4473841853035143 0.4732760915867945 0.44665202342918 0.47127928647497336 0.4450545793397231 0.4703474440894569 0.44259185303514376 0.47028088391906286 0.43919728434504796 0.47087992545260915 0.43693423855165064 0.4737420127795527 0.433739350372737 0.4773362619808306 0.43307374866879655 0.48146299254526087 0.43527023429179984
0 0.4624267838125666 0.4238218849840256 0.46382454739084134 0.426417731629393 0.4642904685835995 0.4292798189563365 0.4636914270500533 0.4328075079872205 0.46029685835995743 0.43433839190628326 0.45603700745473913 0.4342718317358893 0.4534411608093717 0.4315428647497338 0.4526424387646432 0.4276823748668797 0.4547058040468584 0.4238218849840256 0.4580338125665602 0.4230231629392971
0 0.4481163471778488 0.4168330670926518 0.44984691160809376 0.4197617145899894 0.4499134717784878 0.4236887646432375 0.4479166666666667 0.426351171458999 0.44432241746538875 0.4274826943556976 0.441260649627263 0.42675053248136313 0.4393969648562301 0.4244209265175719 0.43853168264110753 0.42215788072417465 0.43853168264110753 0.41949547390841324 0.441194089456869 0.4162340255591054 0.44545394036208735 0.41516906283280086
0 0.45670260915867944 0.40378727369542067 0.4579672523961661 0.4057175186368477 0.4581669329073482 0.40891240681576146 0.455837326943557 0.41210729499467524 0.4526424387646432 0.4130391373801917 0.4497137912673057 0.41210729499467524 0.4477835463258786 0.4105764110756124 0.44645234291799785 0.4073815228966986 0.44691826411075614 0.4040535143769968 0.4507121938232162 0.40145766773162944 0.45483892438764645 0.40145766773162944
0 0.47081336528221507 0.41157481363152293 0.47174520766773165 0.4130391373801917 0.47241080937167196 0.4169661874334398 0.4698149627263046 0.4202941959531416 0.46455670926517567 0.42129259850905226 0.4606962193823216 0.41809771033013843 0.46009717784877535 0.415435303514377 0.46142838125665603 0.4112420127795527 0.4643570287539936 0.40991080937167196 0.4690828008519702 0.4095114483493078
0 0.7807683044315994 0.16154865125240847 0.7830563583815029 0.1668473025048169 0.7825746628131021 0.1735910404624277 0.7786006743737959 0.17985308285163779 0.7719773603082852 0.18238198458574179 0.7625842967244703 0.18093689788053952 0.758128612716763 0.17744460500963388 0.7566835260115607 0.17009874759152216 0.7572856454720617 0.1626324662813102 0.7634272639691715 0.15733381502890173 0.7696893063583816 0.15625 0.7770351637764932 0.15709296724470134
0 0.7350414691943128 0.1440067140600316 0.7375098736176936 0.15131319115323857 0.736423775671406 0.15733609794628753 0.7315857030015799 0.16247037914691945 0.7255627962085308 0.16316153238546605 0.720033570300158 0.16118680884676148 0.7158866508688784 0.15536137440758296 0.7155904423380727 0.14963467614533968 0.7180588467614535 0.1440067140600316 0.723489336492891 0.14153830963665087 0.7312894944707742 0.14074842022116907
0 0.7139119273301738 0.13354067930489733 0.7146030805687205 0.1395635860979463 0.7126283570300158 0.1449940758293839 0.707494075829384 0.14914099526066352 0.6994964454976303 0.1487460505529226 0.6939672195892576 0.14450039494470776 0.6925849131121643 0.13739139020537128 0.696731832543444 0.1296899684044234 0.704926935229068 0.12722156398104265 0.7107523696682465 0.12959123222748814
0 0.6873895759717314 0.09779888103651356 0.6824573027090696 0.09713633686690223 0.6760527090694934 0.09375000000000001 0.6731080683156655 0.08749263839811544 0.6731816843345112 0.07865871613663132 0.6775986454652533 0.07291666666666669 0.6860644876325088 0.06879416961130742 0.6926163133097762 0.07034010600706714 0.6984319787985865 0.07460983510011777 0.7025544758539458 0.08013103651354535 0.7013030035335689 0.08660924617196702 0.7002723792697291 0.09168875147232038 0.6965179623085983 0.09573763250883392 0.690702296819788 0.09801972909305065
0 0.7344210914454277 0.11808628318584079 0.7359882005899704 0.1131084070796461 0.7395833333333334 0.10859144542772867 0.7454830383480826 0.10545722713864314 0.7567293510324484 0.10840707964601776 0.7607853982300885 0.1162426253687316 0.7580199115044247 0.12564528023598825 0.753226401179941 0.13025442477876112 0.7466814159292036 0.13136061946902663 0.7397676991150441 0.12887168141592928 0.7356194690265486 0.12334070796460182
0 0.791200248756219 0.14205016583747934 0.7868470149253731 0.14059908789386408 0.7815609452736318 0.13614220563847435 0.7795916252072969 0.12971600331674968 0.7809390547263682 0.12256426202321734 0.7853959369817579 0.11696724709784419 0.7944133499170811 0.11530887230514106 0.8000103648424545 0.11821102819237155 0.8051927860696516 0.12297885572139312 0.8061256218905472 0.1311670812603649 0.8042599502487563 0.1358312603648425 0.7996994195688226 0.13997719734660038 0.7934805140961858 0.1423611111111112
0 0.8177342454394693 0.10027985074626873 0.8134846600331674 0.10007255389718084 0.8065402155887231 0.09644485903814269 0.8032234660033166 0.09012230514096195 0.804467247097844 0.08110489220563855 0.8120335820895523 0.07530058043117754 0.8200145107794361 0.07519693200663358 0.8286173300165837 0.08048300165837488 0.8293428689883914 0.09146973466003325 0.8262334162520729 0.09872512437810953
0 0.781469298245614 0.07324561403508771 0.7822368421052631 0.07927631578947368 0.7808662280701755 0.08563596491228069 0.7757675438596491 0.09046052631578945 0.7654057017543859 0.09073464912280702 0.7601973684210526 0.08876096491228068 0.7574561403508772 0.08283991228070174 0.7569078947368421 0.07609649122807016 0.7616228070175438 0.06853070175438596 0.7709978070175438 0.06540570175438595 0.7779605263157895 0.06716008771929824
0 0.7416310541310541 0.0763888888888889 0.7324608262108263 0.0734508547008547 0.7265847578347578 0.06641737891737894 0.7271189458689459 0.054932336182336186 0.7330840455840457 0.049412393162393174 0.7411858974358975 0.04718660968660969 0.74732905982906 0.049323361823361826 0.7530270655270657 0.05377492877492878 0.7556089743589745 0.06027421652421652 0.7550747863247864 0.06721866096866097 0.7517806267806268 0.0722934472934473
0 0.7239138176638178 0.039351851851851846 0.7246260683760685 0.047631766381766395 0.7194622507122508 0.055199430199430195 0.7122507122507123 0.05884971509971511 0.7021011396011397 0.05626780626780628 0.6973824786324787 0.05128205128205128 0.6951566951566952 0.04335826210826211 0.6976495726495727 0.035434472934472945 0.7052172364672366 0.029914529914529916 0.7152777777777779 0.029914529914529916 0.7234686609686611 0.03721509971509973
