0 0.25708333333333333 0.9108333333333334 0.25854166666666667 0.9014583333333334 0.26708333333333334 0.8952083333333334 0.27708333333333335 0.895 0.28229166666666666 0.89875 0.285 0.9097916666666667 0.27791666666666665 0.920625 0.26875 0.921875 0.26145833333333335 0.91875
0 0.2225 0.8872916666666667 0.22708333333333333 0.8795833333333334 0.23833333333333334 0.876875 0.24770833333333334 0.884375 0.248125 0.895625 0.24020833333333333 0.9029166666666667 0.230625 0.9039583333333333 0.22416666666666665 0.8970833333333333
0 0.2565476190476191 0.8809523809523809 0.2566964285714286 0.8708333333333333 0.2638392857142857 0.8641369047619049 0.275 0.8641369047619049 0.28110119047619053 0.8720238095238094 0.2805059523809524 0.8831845238095238 0.27410714285714294 0.8897321428571427 0.265327380952381 0.8897321428571427 0.25967261904761907 0.8858630952380951
0 0.22142857142857147 0.8645833333333334 0.22113095238095246 0.8563988095238094 0.22648809523809527 0.8476190476190476 0.23645833333333338 0.8458333333333333 0.24315476190476196 0.850297619047619 0.24672619047619052 0.8581845238095239 0.24375000000000005 0.8686011904761906 0.2351190476190477 0.8727678571428572 0.22648809523809527 0.8700892857142858
0 0.25372023809523814 0.8488095238095239 0.2541666666666667 0.8398809523809524 0.26071428571428573 0.8334821428571427 0.2702380952380953 0.8322916666666667 0.27812500000000007 0.8383928571428573 0.27916666666666673 0.8492559523809524 0.275 0.85625 0.26369047619047625 0.8586309523809524 0.2568452380952381 0.8541666666666666
0 0.2186011904761905 0.8315476190476191 0.21785714285714292 0.825 0.22217261904761912 0.8175595238095239 0.23065476190476195 0.8141369047619048 0.23839285714285718 0.8163690476190476 0.24330357142857148 0.8227678571428573 0.2436011904761905 0.8321428571428572 0.23839285714285718 0.8389880952380951 0.23065476190476195 0.8409226190476191 0.22217261904761912 0.8376488095238095
0 0.2522321428571429 0.821577380952381 0.2508928571428572 0.8116071428571427 0.25625000000000003 0.8023809523809524 0.2671130952380953 0.8002976190476191 0.2754464285714286 0.8058035714285715 0.27663690476190483 0.8154761904761906 0.27321428571428574 0.8236607142857143 0.26696428571428577 0.8270833333333333 0.2574404761904763 0.8260416666666667
0 0.06632313829787236 0.5512522163120568 0.06765292553191489 0.5451573581560283 0.07396941489361702 0.5410571808510638 0.0805075354609929 0.5428302304964538 0.08427526595744679 0.5474844858156028 0.08471852836879432 0.5546875 0.0805075354609929 0.559341755319149 0.07385859929078015 0.5608931737588653 0.06820700354609929 0.5576795212765957
0 0.08859707446808511 0.5531360815602837 0.08937278368794326 0.5469304078014184 0.09402703900709218 0.5430518617021277 0.10012189716312057 0.5420545212765957 0.10466533687943262 0.5444924645390071 0.10754654255319149 0.549146719858156 0.10699246453900708 0.5559064716312057 0.10156249999999999 0.5606715425531915 0.0966866134751773 0.5606715425531915 0.09092420212765957 0.5581227836879432
0 0.11153590425531917 0.5542442375886525 0.11175753546099292 0.5477061170212766 0.1177415780141844 0.5419437056737589 0.12472296099290778 0.5431626773049646 0.12993129432624112 0.5474844858156028 0.1294880319148936 0.5559064716312057 0.12461214539007093 0.5608931737588653 0.11751994680851065 0.5618905141843972
0 0.1370234929078014 0.5553523936170213 0.13757757092198578 0.5478169326241136 0.1433399822695035 0.5423869680851063 0.15242686170212763 0.5434951241134752 0.15663785460992907 0.5515846631205674 0.15242686170212763 0.5601174645390071 0.1459995567375886 0.5621121453900709 0.13968306737588654 0.5600066489361701
0 0.1629543439716312 0.5569038120567376 0.16317597517730495 0.5490359042553191 0.1683843085106383 0.5434951241134752 0.1783577127659574 0.5440492021276595 0.18134973404255314 0.5530252659574468 0.17680629432624112 0.5614472517730497 0.17048980496453897 0.5626662234042553
0 0.20915570175438603 0.46929824561403516 0.21034356725146205 0.4629934210526316 0.21600877192982462 0.4578764619883041 0.22249634502923982 0.4576937134502924 0.22770467836257316 0.4609831871345029 0.22953216374269014 0.4685672514619883 0.22596856725146205 0.4750548245614036 0.22249634502923982 0.47788742690058483 0.21591739766081877 0.4776133040935673 0.21098318713450298 0.474780701754386
0 0.2342836257309942 0.47176535087719307 0.2342836257309942 0.4672880116959065 0.23812134502923982 0.4615314327485381 0.24424342105263164 0.4597953216374269 0.2525584795321638 0.46408991228070184 0.25420321637426907 0.4695723684210527 0.25191885964912286 0.4763340643274854 0.24771564327485388 0.4798062865497077 0.24177631578947376 0.48017178362573104 0.23720760233918137 0.47770467836257313
0 0.20933845029239773 0.44279970760233917 0.20897295321637435 0.4356725146198831 0.2155519005847954 0.4295504385964912 0.22304459064327495 0.4294590643274854 0.2288925438596492 0.4345760233918129 0.2291666666666667 0.4433479532163743 0.2245065789473685 0.4488304093567252 0.22021198830409366 0.4506578947368422 0.21281067251461996 0.44828216374269014
0 0.23464912280701763 0.4438048245614036 0.23464912280701763 0.4391447368421053 0.2376644736842106 0.4332054093567252 0.2466191520467837 0.43183479532163743 0.2529239766081872 0.43594663742690065 0.2541118421052632 0.44307383040935683 0.2508223684210527 0.4490131578947369 0.244608918128655 0.45157163742690065 0.2385782163742691 0.45056652046783624
0 0.2724286786786787 0.4773836336336336 0.2712087087087087 0.47306681681681684 0.2729917417417418 0.4684684684684685 0.2777777777777778 0.46593468468468474 0.2820945945945946 0.4668731231231231 0.2848160660660661 0.4691253753753754 0.28603603603603606 0.47466216216216217 0.2825638138138139 0.48010510510510507 0.2768393393393394 0.48123123123123124
0 0.29926801801801806 0.4791666666666667 0.2979542042042042 0.47334834834834844 0.2995495495495496 0.46875 0.3036786786786787 0.46659159159159164 0.30865240240240244 0.46715465465465467 0.31193693693693697 0.47062687687687693 0.3128753753753754 0.4758821321321322 0.3094031531531532 0.47972972972972977 0.3048048048048049 0.4811373873873874 0.29983108108108114 0.4799174174174175
0 0.29870495495495497 0.4571133633633634 0.2982357357357358 0.451951951951952 0.30180180180180183 0.44763513513513514 0.30799549549549554 0.44744744744744747 0.3111861861861862 0.449512012012012 0.31315690690690695 0.45551801801801806 0.31024774774774777 0.4604917417417418 0.3048048048048049 0.4617117117117117 0.3000187687687688 0.46002252252252257
0 0.2724286786786787 0.4572072072072072 0.2714902402402403 0.4528903903903904 0.2745870870870871 0.44847972972972977 0.2803115615615616 0.44688438438438444 0.28528528528528535 0.4500750750750751 0.2850975975975976 0.4570195195195196 0.2822822822822823 0.4607732732732733 0.2770270270270271 0.4616178678678679
0 0.27252252252252257 0.43843843843843844 0.2721471471471472 0.4311186186186186 0.2769331831831832 0.4273648648648649 0.2835022522522523 0.4284909909909911 0.2865052552552553 0.4333708708708709 0.28415915915915924 0.43947072072072074 0.2809684684684685 0.44209834834834844 0.27674549549549554 0.441722972972973
0 0.2994557057057058 0.43881381381381385 0.2990803303303304 0.43243243243243246 0.30330330330330335 0.42755255255255253 0.31024774774774777 0.4284909909909911 0.3132507507507508 0.4341216216216216 0.31193693693693697 0.43984609609609615 0.30715090090090097 0.44219219219219225 0.3019894894894895 0.4414414414414415
0 0.3441074346405229 0.4243770424836601 0.34512867647058826 0.41988357843137253 0.3498263888888889 0.416921977124183 0.3549325980392157 0.4184538398692811 0.35687295751633985 0.4243770424836601 0.3538092320261438 0.42948325163398693 0.3474775326797385 0.4296875
0 0.35891544117647056 0.42264093137254904 0.3570772058823529 0.4187602124183006 0.3590175653594771 0.41375612745098034 0.3640216503267974 0.4123263888888889 0.367391748366013 0.4138582516339869 0.37025122549019607 0.41681985294117646 0.3698427287581699 0.42213031045751637 0.3664726307189543 0.42478553921568624 0.3631025326797385 0.42509191176470584
0 0.4284529988465974 0.4384010957324105 0.43003892733564003 0.43602220299884653 0.43285034602076117 0.4355175893886966 0.43486880046136095 0.4375360438292964 0.4353734140715109 0.44063581314878886 0.43342704728950393 0.4421496539792387 0.43104815455594 0.44236591695501726 0.42953431372549017 0.44106833910034593
0 0.4261461937716263 0.43212946943483277 0.42542531718569776 0.42982266435986155 0.42665080738177624 0.42794838523644746 0.4288134371395616 0.42722750865051895 0.4319132064590541 0.4285250865051902 0.43234573241061125 0.4319132064590541 0.43039936562860426 0.43393166089965396 0.42794838523644746 0.43407583621683965
0 0.4230464244521338 0.42405565167243364 0.4227580738177624 0.42167675893886963 0.42405565167243364 0.4193699538638985 0.4268670703575547 0.41893742791234134 0.42902970011534025 0.42110005767012687 0.42874134948096876 0.42376730103806226 0.4268670703575547 0.4253532295271049 0.42427191464821223 0.4253532295271049
0 0.420090830449827 0.41518886966551327 0.41987456747404844 0.4125216262975778 0.4216046712802768 0.41100778546712796 0.42463235294117646 0.41050317185697804 0.42636245674740486 0.41309832756632064 0.4260741061130335 0.416270184544406 0.42326268742791234 0.4173514994232987 0.4211721453287197 0.41699106113033446
0 0.41763985005767007 0.4082684544405998 0.41663062283737023 0.40610582468281425 0.4175677623990772 0.40379901960784315 0.4195141291810842 0.4021410034602076 0.4222534602076124 0.4029339677047289 0.4236952133794694 0.40516868512110726 0.42311851211072665 0.40798010380622834 0.4207396193771626 0.40934976931949246
0 0.4439875730994153 0.43283991228070184 0.444718567251462 0.4284539473684211 0.44700292397660824 0.42607821637426907 0.4504751461988304 0.4251644736842106 0.45403874269005856 0.4275402046783627 0.45550073099415206 0.43037280701754393 0.45467836257309946 0.43448464912280704 0.4511147660818714 0.4366776315789474 0.44764254385964913 0.4366776315789474
0 0.43923611111111116 0.41748903508771934 0.438139619883041 0.4131030701754386 0.44115497076023397 0.4099963450292398 0.4455409356725147 0.4089912280701755 0.4500182748538012 0.4120979532163743 0.4500182748538012 0.41767178362573104 0.4469115497076024 0.4215095029239766 0.44033260233918137 0.41995614035087725
0 0.43539839181286555 0.40551900584795325 0.4340277777777778 0.4021381578947369 0.43594663742690065 0.397843567251462 0.4394188596491228 0.3963815789473685 0.44197733918128657 0.3964729532163743 0.4445358187134503 0.3993969298245615 0.4451754385964912 0.40433114035087725 0.44197733918128657 0.4070723684210527 0.43768274853801176 0.4072551169590644
0 0.4185558354324097 0.37074937027707805 0.41860831234256923 0.3674433249370277 0.4202350965575146 0.36439966414777497 0.42280646515533166 0.36303526448362716 0.42684718723761533 0.36376994122586065 0.42905121746431574 0.36555415617128467 0.4302581863979848 0.36870277078085645 0.42947103274559195 0.37290092359361876 0.4263224181360201 0.37526238455079763 0.4238560033585222 0.37541981528127627 0.42044500419815284 0.37458018471872373
0 0.4039147774979009 0.37772879932829556 0.4027602854743912 0.374212846347607 0.40428211586901763 0.3701721242653232 0.4088476070528967 0.36823047858942065 0.41315071368597817 0.36917506297229213 0.41456759026028545 0.371536523929471 0.4150923593618807 0.37541981528127627 0.4134655751469353 0.3793555835432409 0.41099916036943746 0.38066750629722923 0.4073782535684298 0.3804575986565911
0 0.4532528118609407 0.39254217791411045 0.4546587423312884 0.3893468813905931 0.45791794478527614 0.3885800102249489 0.46047418200408996 0.3901776584867076 0.4613688650306749 0.3933090490797546 0.4599629345603272 0.39554575664621683 0.4567037321063395 0.39663215746421265 0.45408358895705525 0.39541794478527614
0 0.45632029652351735 0.40142510224948885 0.458812627811861 0.3982298057259714 0.4613049591002045 0.39797418200408996 0.463413854805726 0.3990605828220859 0.46481978527607365 0.40155291411042954 0.4630943251533743 0.4051955521472393 0.4616244887525563 0.4064097648261759 0.4584930981595092 0.4052594580777097
0 0.4659700920245399 0.39797418200408996 0.4678872699386504 0.39522622699386506 0.4715299079754602 0.3949066973415133 0.47383052147239263 0.39675996932515345 0.474086145194274 0.4003387014314929 0.472041155419223 0.402383691206544 0.4698044478527607 0.40295884458077713 0.46750383435582826 0.4017446319018405
0 0.4621996421267894 0.4170820552147239 0.46124105316973424 0.414334100204499 0.46328604294478526 0.4109470858895706 0.4671203987730062 0.41120270961145194 0.4691653885480573 0.4135033231083845 0.46897367075664625 0.417465490797546 0.46520322085889576 0.41970219836400824
0 0.4715938139059305 0.41414238241308793 0.47101866053169733 0.4106914621676892 0.4728719325153375 0.4080074130879346 0.4768980061349693 0.4081352249488753 0.47919861963190186 0.4116500511247444 0.478303936605317 0.4149092535787322 0.4753003578732106 0.4159317484662577
0 0.4747891104294479 0.4234087423312884 0.47421395705521474 0.42085250511247446 0.4758116053169735 0.4177211145194275 0.47939033742331294 0.41676252556237225 0.48252172801635995 0.42014953987730064 0.48207438650306755 0.42372827198364016 0.478303936605317 0.42551763803680986
0 0.4650754089979551 0.4276265337423313 0.4643085378323109 0.42398389570552153 0.4673760224948876 0.42014953987730064 0.4719772494887526 0.4212359406952965 0.4729997443762782 0.4262206032719837 0.4701239775051125 0.4287768404907976
0 0.6923406862745097 0.34393382352941176 0.6943014705882352 0.334375 0.6993259803921569 0.3284926470588236 0.7083946078431373 0.3284926470588236 0.7164828431372549 0.3314338235294118 0.7206495098039215 0.33805147058823526 0.718811274509804 0.3487132352941177 0.7103553921568627 0.3541053921568627 0.7012867647058824 0.353125
0 0.7297054597701149 0.3575790229885057 0.7353328544061303 0.3491977969348659 0.746587643678161 0.3466834291187739 0.755926724137931 0.3526700191570882 0.7588002873563218 0.36212883141762453 0.7524545019157088 0.3714679118773947 0.7450311302681992 0.37398227969348663 0.7347341954022988 0.36991139846743293
0 0.7088721264367815 0.306573275862069 0.7134219348659004 0.29711446360153254 0.7239583333333334 0.2935225095785441 0.7370090996168582 0.30022749042145597 0.7373682950191571 0.3127993295019157 0.7303041187739464 0.3210608237547893 0.7190493295019157 0.32165948275862066 0.7104286398467433 0.3156728927203065
0 0.7461087164750958 0.3258500957854406 0.7516163793103449 0.31603208812260536 0.7626317049808429 0.3127993295019157 0.7746048850574713 0.3207016283524904 0.7760416666666666 0.33207614942528735 0.7675407088122606 0.34045737547892724 0.757602969348659 0.3406968390804598 0.7476652298850575 0.33447078544061304
0 0.7629909003831418 0.2955579501915709 0.7653855363984674 0.2866977969348659 0.7746048850574713 0.28047174329501917 0.7886135057471264 0.2844228927203065 0.7932830459770114 0.29723419540229884 0.7855004789272031 0.30812978927203066 0.7761613984674329 0.30824952107279696 0.7659841954022988 0.3038194444444445
0 0.7801125478927203 0.2614343869731801 0.7827466475095785 0.2526939655172414 0.7918462643678161 0.24634818007662834 0.806573275862069 0.2528136973180077 0.8090876436781609 0.2637092911877395 0.8047772988505748 0.2730483716475096 0.7963960727969349 0.2759219348659004 0.7847820881226054 0.2723299808429119
0 0.7971144636015326 0.22934626436781608 0.799030172413793 0.22144396551724138 0.806573275862069 0.21402059386973182 0.8175886015325671 0.21593630268199235 0.8245330459770114 0.2222820881226054 0.8263290229885059 0.2316211685823755 0.8192648467432949 0.24107998084291188 0.8122006704980843 0.2431154214559387 0.8019037356321839 0.23844588122605365
0 0.8026221264367815 0.19893438697318008 0.8033405172413792 0.1931872605363985 0.8071719348659004 0.19043342911877392 0.813757183908046 0.19175047892720307 0.817109674329502 0.19689894636015326 0.8132782567049808 0.20360392720306517 0.8070522030651341 0.20360392720306517
0 0.8241738505747126 0.21042863984674332 0.8234554597701149 0.20492097701149428 0.8271671455938697 0.20144875478927204 0.8331537356321839 0.20180795019157088 0.8361470306513411 0.20480124521072796 0.8354286398467432 0.21126676245210727 0.8330340038314177 0.21461925287356323 0.8260895593869733 0.21318247126436782
0 0.8335129310344828 0.18744013409961685 0.8351891762452106 0.18169300766283528 0.8387811302681992 0.17905890804597704 0.845007183908046 0.18169300766283528 0.8472820881226054 0.18971503831417627 0.8415349616858239 0.19354645593869735 0.8342313218390804 0.1918702107279694
0 0.8119612068965517 0.1770234674329502 0.8144755747126436 0.17091714559386972 0.8207016283524905 0.16876197318007666 0.8258500957854407 0.17367097701149428 0.8236949233716475 0.1812140804597701 0.8193845785440612 0.18277059386973182
0 0.8228568007662835 0.15403496168582373 0.8246527777777777 0.1499640804597701 0.8303999042145593 0.14744971264367815 0.8361470306513411 0.1517600574712644 0.8351891762452106 0.1587045019157088 0.830639367816092 0.16121886973180077 0.8245330459770114 0.15930316091954025
0 0.8438098659003831 0.1639727011494253 0.846683429118774 0.1596623563218391 0.8514727011494254 0.1587045019157088 0.8579382183908046 0.16325431034482762 0.8566211685823756 0.1696000957854406 0.8497964559386972 0.17175526819923373 0.8456058429118773 0.16936063218390804
0 0.33557830459770116 0.4814116379310345 0.33611709770114945 0.47692169540229895 0.3397988505747127 0.4735991379310345 0.3446479885057472 0.4735991379310345 0.3483297413793104 0.47764008620689663 0.3469827586206897 0.48410560344827586 0.3425826149425288 0.48670977011494254 0.33818247126436785 0.4851831896551725
0 0.35129310344827586 0.4819504310344829 0.3523706896551725 0.475933908045977 0.35605244252873564 0.47323994252873564 0.3611709770114943 0.47449712643678166 0.36476293103448276 0.4777298850574713 0.36251795977011503 0.4844647988505748 0.35910560344827586 0.48661997126436785 0.3548850574712644 0.48599137931034486
0 0.3619791666666667 0.4663254310344829 0.3623383620689656 0.46345186781609193 0.3653915229885058 0.4611170977011495 0.3683548850574713 0.46156609195402304 0.37033045977011503 0.4648886494252874 0.3689834770114943 0.46830100574712646 0.3653915229885058 0.4696479885057472
0 0.3516522988505747 0.4649784482758621 0.3529094827586207 0.46156609195402304 0.35730962643678166 0.4611170977011495 0.3594647988505747 0.46336206896551724 0.3592852011494253 0.4668642241379311 0.35704022988505746 0.4689295977011495 0.35380747126436785 0.46910919540229895
0 0.3415948275862069 0.46542744252873564 0.3369252873563219 0.46461925287356326 0.33602729885057475 0.4608477011494253 0.3377334770114943 0.4563577586206897 0.3408764367816092 0.4551005747126437 0.34527658045977017 0.4571659482758621 0.34680316091954033 0.4597701149425288 0.34527658045977017 0.46434985632183917
0 0.33665589080459773 0.4480064655172414 0.3362068965517242 0.4445941091954023 0.33961925287356326 0.4403735632183909 0.34482758620689663 0.4416307471264368 0.3464439655172414 0.4454022988505747 0.3464439655172414 0.4486350574712644 0.3436602011494253 0.45105962643678166 0.34033764367816094 0.4519576149425288
0 0.35264008620689663 0.45734554597701155 0.3513829022988506 0.4552801724137931 0.3523706896551725 0.45177801724137934 0.3556034482758621 0.44962284482758624 0.35991379310344834 0.452496408045977 0.3594647988505747 0.45761494252873564 0.3562320402298851 0.45842313218390807
0 0.3523706896551725 0.4464798850574713 0.3517420977011494 0.44441451149425293 0.352819683908046 0.4403735632183909 0.35605244252873564 0.439385775862069 0.35964439655172414 0.44118175287356326 0.3603627873563219 0.44504310344827586 0.3574892241379311 0.4481860632183909
0 0.3624198717948718 0.4305288461538461 0.3654647435897436 0.42676282051282044 0.37027243589743586 0.4263621794871795 0.3750801282051282 0.4299679487179487 0.3745192307692308 0.4353365384615384 0.3704326923076923 0.4393429487179487 0.3646634615384616 0.4374999999999999 0.36249999999999993 0.4338942307692308
0 0.3679487179487179 0.44302884615384613 0.37227564102564104 0.43990384615384615 0.3776442307692308 0.4411858974358974 0.3798878205128205 0.44551282051282043 0.3794871794871795 0.44895833333333324 0.37636217948717954 0.4518429487179486 0.3725961538461538 0.45264423076923077 0.3689102564102564 0.4512820512820512 0.36730769230769234 0.4481570512820512
0 0.3786858974358975 0.45504807692307686 0.38020833333333326 0.45056089743589745 0.383974358974359 0.44767628205128207 0.3893429487179488 0.4490384615384615 0.39246794871794877 0.4540865384615384 0.3891826923076923 0.46025641025641023 0.3844551282051282 0.46169871794871786 0.3796474358974359 0.4581730769230769
0 0.3744369369369369 0.416554054054054 0.3763513513513513 0.4127815315315315 0.37927927927927924 0.4120495495495496 0.381813063063063 0.41340090090090087 0.38271396396396395 0.4157657657657657 0.38141891891891894 0.41936936936936936 0.37804054054054054 0.42032657657657657 0.3751126126126126 0.41875
0 0.38338963963963957 0.4143018018018017 0.3831644144144144 0.4119932432432432 0.3846283783783784 0.4096846846846846 0.3876689189189189 0.40912162162162163 0.3903716216216216 0.4108671171171171 0.3912725225225225 0.41368243243243236 0.3896396396396396 0.4167229729729729 0.3863738738738739 0.4168355855855856
0 0.37781531531531526 0.4256756756756756 0.37787162162162163 0.42291666666666666 0.3793355855855856 0.4212837837837838 0.38215090090090087 0.4204954954954955 0.3849099099099099 0.42184684684684676 0.38552927927927927 0.4256756756756756 0.383277027027027 0.42843468468468465 0.38063063063063063 0.42843468468468465 0.3783783783783784 0.42736486486486486
0 0.38676801801801797 0.42381756756756755 0.38609234234234224 0.4208896396396396 0.3878941441441441 0.41829954954954957 0.39054054054054055 0.41728603603603603 0.3931869369369369 0.4189189189189189 0.39420045045045043 0.42190315315315313 0.3923423423423423 0.4251126126126126 0.3877815315315315 0.42533783783783785
0 0.38141891891891894 0.43547297297297294 0.3816441441441441 0.4329954954954955 0.3840090090090089 0.43102477477477474 0.38704954954954957 0.4315315315315315 0.3886261261261261 0.43440315315315314 0.3867117117117117 0.4374436936936937 0.3839527027027027 0.4376689189189189
0 0.39138513513513506 0.43400900900900896 0.3902027027027027 0.4320382882882883 0.390990990990991 0.4293918918918918 0.39369369369369367 0.4283783783783784 0.3959459459459459 0.4293355855855856 0.3967905405405405 0.4314189189189189 0.39667792792792783 0.43378378378378374 0.39493243243243237 0.4349662162162161
0 0.39026109898107714 0.4442549126637554 0.39057951237263466 0.4420715065502183 0.3920806040756914 0.4411617540029112 0.3934452328966521 0.44129821688500726 0.395219250363901 0.4424354075691411 0.39535571324599705 0.44475527656477437 0.39390010917030566 0.4464383187772926 0.391398289665211 0.44593795487627363
0 0.39253548034934493 0.4493040393013101 0.39358169577874813 0.44771197234352256 0.3954012008733624 0.4476209970887918 0.3973571688500727 0.4484852620087336 0.3978575327510917 0.4506686681222707 0.39553766375545846 0.45248817321688495 0.393809133915575 0.45257914847161573 0.3925809679767103 0.451214519650655
0 0.3985853347889374 0.4489401382823871 0.39840338427947597 0.4475755094614265 0.3993131368267831 0.4458924672489083 0.4013600800582242 0.44521015283842796 0.4031795851528384 0.44625636826783116 0.4035889737991266 0.4484397743813683 0.4025427583697234 0.45003184133915575 0.40117812954876275 0.4506231804949054
0 0.3964474163027656 0.4426173580786026 0.3961744905385735 0.44088882823871905 0.397129730713246 0.43943322416302766 0.39935862445414844 0.43893286026200873 0.40113264192139736 0.4403429767103348 0.4012236171761281 0.4422079694323144 0.3999044759825327 0.44393649927219797 0.39808497088791844 0.444072962154294
0 0.4077347809948032 0.40796677802524123 0.4088483667409057 0.40643559762435044 0.4110755382331106 0.4058788047512991 0.413117112100965 0.4073171863400148 0.4135347067557535 0.4100547512991834 0.41200352635486265 0.41177152932442457 0.4100547512991834 0.4123747216035635 0.4077347809948032 0.41088994060876016
0 0.4106579435783222 0.4184530438010393 0.4104723459539717 0.41613307349665923 0.4120963251670378 0.41413789903489234 0.41529788418708236 0.41427709725315515 0.41636507052709715 0.41715386043058644 0.41594747587230885 0.41900983667409053 0.41302431328878986 0.420355419450631 0.41121473645137335 0.4193346325167038
0 0.41372030438010393 0.4259233481811433 0.41362750556792865 0.4240209725315515 0.41483389012620636 0.42216499628804743 0.41752505567928727 0.42221139569413507 0.4184994432071269 0.42439216778025235 0.41752505567928727 0.42685133630289535 0.4151586859688196 0.4270833333333333
0 0.41590107646622115 0.43200167037861914 0.41590107646622115 0.4305632887899035 0.41710746102449886 0.42866091314031185 0.4193346325167038 0.42866091314031185 0.42086581291759456 0.4300528953229399 0.420123422420193 0.43260486265775794 0.4180354491462509 0.4334400519673348 0.4164578693392725 0.43320805493689685
0 0.4179426503340757 0.4382191907943579 0.4178498515219005 0.4365952115812918 0.4195202301410541 0.4349248329621381 0.4218865998515219 0.4351568299925761 0.4231857832219747 0.436920007423905 0.4226289903489235 0.43872958426132147 0.42146900519673347 0.4396575723830735 0.4199378247958425 0.4397967706013363
0 0.41984502598366735 0.4452255011135857 0.420587416481069 0.4421167409057164 0.42221139569413507 0.4407247587230883 0.42545935412026725 0.44179194506310326 0.42494896065330356 0.4448543058648849 0.42337138084632514 0.44633908685968826
0 0.28263888888888894 0.32051767676767684 0.2835227272727273 0.3168560606060607 0.2875631313131313 0.31357323232323236 0.2931186868686869 0.3144570707070708 0.29539141414141423 0.31875000000000003 0.29488636363636367 0.324179292929293 0.28958333333333336 0.32695707070707075 0.2849116161616162 0.32506313131313136
0 0.29943181818181824 0.31546717171717176 0.2989267676767677 0.3107954545454546 0.3006944444444445 0.30726010101010104 0.3059974747474748 0.3054924242424243 0.3102904040404041 0.3078914141414142 0.311679292929293 0.31395202020202023 0.30637626262626266 0.3193813131313132 0.3008207070707071 0.31773989898989907
0 0.3168560606060607 0.3111742424242425 0.3155934343434344 0.30523989898989906 0.31773989898989907 0.30183080808080814 0.3225378787878789 0.3013257575757576 0.3260732323232324 0.3043560606060607 0.3244318181818182 0.3111742424242425 0.32026515151515156 0.31231060606060607
0 0.27544191919191924 0.30801767676767683 0.2753156565656566 0.29993686868686875 0.2815025252525253 0.29678030303030306 0.2861742424242425 0.2986742424242425 0.2880681818181819 0.3049873737373738 0.2847853535353536 0.3094065656565657 0.2811237373737374 0.31016414141414145
0 0.2918560606060607 0.3013257575757576 0.29084595959595966 0.2945075757575758 0.29375000000000007 0.2902146464646465 0.3009469696969697 0.2900883838383839 0.3035984848484849 0.29614898989898997 0.301199494949495 0.301199494949495 0.29678030303030306 0.3034722222222223
0 0.3083964646464647 0.2926136363636364 0.3070075757575758 0.2878156565656566 0.30852272727272734 0.28453282828282833 0.3143308080808081 0.28377525252525254 0.3174873737373738 0.287689393939394 0.3169823232323233 0.29172979797979803 0.31332070707070714 0.29463383838383844
0 0.32594696969696973 0.29652777777777783 0.3244318181818182 0.2929924242424243 0.3260732323232324 0.2894570707070708 0.33049242424242425 0.287689393939394 0.33503787878787883 0.2909722222222223 0.3349116161616162 0.2960227272727273 0.33226010101010106 0.2985479797979798 0.3273358585858586 0.2986742424242425
0 0.32051767676767684 0.2859217171717172 0.3184974747474748 0.2815025252525253 0.32039141414141414 0.27733585858585863 0.3249368686868687 0.27594696969696975 0.3299873737373738 0.27973484848484853 0.32821969696969705 0.2864267676767677 0.3236742424242424 0.287689393939394
0 0.2641941391941392 0.2875457875457875 0.26594932844932845 0.28548534798534797 0.26854395604395603 0.2844932844932845 0.27045177045177043 0.2853327228327228 0.27167277167277165 0.2876984126984127 0.2719017094017094 0.28998778998778996 0.270528083028083 0.29227716727716724 0.26625457875457875 0.29258241758241754 0.2644230769230769 0.29082722832722835
0 0.260989010989011 0.28327228327228327 0.26053113553113555 0.2799145299145299 0.2622100122100122 0.2771672771672772 0.2657967032967033 0.276480463980464 0.26816239316239315 0.27892246642246643 0.26694139194139194 0.2831196581196581 0.26526251526251526 0.28395909645909645
0 0.2735805860805861 0.2867826617826618 0.2723595848595849 0.28464590964590963 0.2733516483516484 0.2819749694749695 0.2757173382173382 0.28083028083028083 0.2787698412698413 0.28144078144078144 0.28021978021978017 0.284035409035409 0.27915140415140416 0.28731684981684985 0.27556471306471303 0.2883852258852259 0.2742673992673993 0.28731684981684985
0 0.2702991452991453 0.279532967032967 0.2683913308913309 0.2767857142857143 0.26915445665445664 0.2731227106227106 0.2735042735042735 0.27228327228327226 0.2760989010989011 0.27586996336996333 0.2745726495726496 0.2796855921855922
0 0.2825091575091575 0.2837301587301587 0.28105921855921856 0.280982905982906 0.2809065934065934 0.27831196581196577 0.2844169719169719 0.2767857142857143 0.28777472527472525 0.27793040293040294 0.2883089133089133 0.281517094017094 0.28556166056166055 0.28434065934065933
0 0.27823565323565325 0.2754884004884005 0.2767857142857143 0.2731227106227106 0.27777777777777773 0.2692307692307692 0.2809065934065934 0.26816239316239315 0.28418803418803423 0.270528083028083 0.284035409035409 0.27419108669108666 0.28166971916971917 0.2761752136752137
0 0.2893772893772894 0.2786172161172161 0.2889194139194139 0.275030525030525 0.291056166056166 0.27258852258852256 0.2947954822954823 0.2731990231990232 0.29685592185592186 0.27556471306471303 0.29494810744810745 0.27945665445665446 0.2922008547008547 0.2806013431013431
0 0.28609584859584863 0.2712912087912088 0.2844932844932845 0.2683150183150183 0.2857142857142857 0.2648809523809524 0.2905982905982906 0.26434676434676435 0.292506105006105 0.26816239316239315 0.2912087912087912 0.27136752136752135
0 0.2989163614163614 0.2760989010989011 0.29693223443223443 0.27258852258852256 0.29876373626373626 0.26869658119658124 0.30357142857142855 0.26846764346764346 0.3053266178266178 0.2731227106227106 0.30318986568986567 0.27594627594627597
0 0.2948717948717949 0.2679334554334554 0.2926587301587302 0.2638125763125763 0.29494810744810745 0.2599969474969475 0.30067155067155066 0.26159951159951156 0.3001373626373626 0.2667124542124542 0.2957112332112332 0.2683150183150183
0 0.2639921815408085 0.2596538901601831 0.26284801678108316 0.2572702135774218 0.26289569031273835 0.25340865751334857 0.264945652173913 0.25131102212051865 0.267901411136537 0.24988081617086194 0.2722873760488177 0.25140636918382914 0.274051296720061 0.2547911899313501 0.27314549961861173 0.2589864607170099 0.270237414187643 0.26151315789473684 0.2662805110602593 0.26132246376811596
0 0.2772454233409611 0.25340865751334857 0.27586289092295957 0.2510726544622426 0.27567219679633864 0.2463529748283753 0.2798674675819985 0.2433495423340961 0.2844918001525553 0.24411231884057968 0.2873522120518688 0.24897501906941263 0.2853975972540046 0.25426678108314266 0.2801058352402746 0.2551725781845919
0 0.29016812865497077 0.2468201754385965 0.2883406432748538 0.24382309941520466 0.28943713450292397 0.23870614035087717 0.2954312865497076 0.23687865497076022 0.3001827485380117 0.24060672514619882 0.2991593567251462 0.24660087719298246 0.2957236842105263 0.2488669590643275 0.29221491228070173 0.24864766081871342
0 0.30369152046783626 0.24024122807017542 0.30201023391812865 0.23760964912280702 0.30237573099415205 0.23336988304093567 0.3065423976608187 0.23008040935672516 0.31239035087719297 0.23198099415204676 0.3137061403508772 0.2379020467836257 0.31048976608187134 0.2417763157894737 0.3073464912280702 0.24228801169590644
0 0.3197942905121747 0.23105583543240973 0.32016162888329136 0.2272774979009236 0.32289042821158687 0.2249685138539043 0.32635390428211586 0.2253883291351805 0.32897774979009237 0.22848446683459278 0.32829554995801846 0.23200041981528124 0.3261964735516373 0.23404701931150296 0.3227329974811083 0.23425692695214106
0 0.3261964735516373 0.24323047858942065 0.3245172124265323 0.24023929471032746 0.3255667506297229 0.23635600335852222 0.32971242653232574 0.23462426532325775 0.3332808564231738 0.23709068010075565 0.3338581024349286 0.24097397145256086 0.3313916876574307 0.24433249370277077 0.3269311502938707 0.24359781696053734
0 0.33042635658914726 0.22662306201550383 0.32988129844961234 0.2242611434108527 0.33115310077519383 0.22147529069767444 0.3341206395348837 0.21953730620155038 0.3386022286821705 0.22153585271317827 0.3391472868217054 0.22535125968992248 0.3370881782945737 0.22862160852713173 0.3332727713178295 0.22953003875968989
0 0.33599806201550386 0.2365552325581395 0.33569525193798444 0.23395106589147285 0.3370881782945737 0.23140746124031011 0.3407824612403101 0.23092296511627902 0.3430232558139535 0.23328488372093023 0.34272044573643407 0.23673691860465113 0.340297965116279 0.23843265503875966 0.3374515503875969 0.2380087209302326
0 0.3479287790697675 0.2333454457364341 0.34683866279069764 0.22965116279069767 0.3490794573643411 0.22595687984496124 0.3536216085271318 0.22571463178294568 0.35658914728682173 0.22934835271317827 0.3560440891472869 0.2330426356589147 0.3530159883720931 0.23492005813953493
0 0.343265503875969 0.22311046511627902 0.34235707364341084 0.22068798449612406 0.3429626937984496 0.21681201550387594 0.3474442829457364 0.2154190891472868 0.3507751937984496 0.21735707364341086 0.35132025193798455 0.22153585271317827 0.3485949612403101 0.22474563953488372 0.3445978682170543 0.2245639534883721
0 0.24407136524822695 0.24673093971631205 0.24384973404255314 0.24074689716312056 0.2475066489361702 0.23642508865248227 0.2554853723404255 0.23664671985815602 0.2581449468085106 0.24185505319148934 0.2570367907801418 0.24839317375886524 0.2508311170212766 0.25160682624113473 0.24540115248226949 0.24905806737588648
0 0.23853058510638298 0.2307734929078014 0.23653590425531912 0.22611923758865246 0.2397495567375886 0.22035682624113473 0.24606604609929075 0.21880540780141844 0.2511635638297872 0.223792109929078 0.25094193262411346 0.22900044326241134 0.24662012411347514 0.2335438829787234 0.2414117907801418 0.2328789893617021
0 0.2360926418439716 0.20894281914893617 0.23276817375886524 0.20262632978723402 0.23409796099290778 0.1952016843971631 0.24019281914893617 0.1902149822695035 0.24883643617021273 0.19054742907801417 0.255042109929078 0.1957557624113475 0.25526374113475175 0.20550753546099287 0.24950132978723402 0.21204565602836875 0.2431848404255319 0.21370789007092195
0 0.2586263020833333 0.19471571180555558 0.2574327256944445 0.18679470486111113 0.26199001736111116 0.17919921875 0.2736002604166667 0.17854817708333334 0.2802191840277778 0.18701171875 0.27761501736111116 0.19742838541666666 0.2689344618055556 0.20014105902777782 0.26220703125 0.19970703125
0 0.3075629340277778 0.20209418402777782 0.3043077256944445 0.19666883680555558 0.3074544270833333 0.18614366319444448 0.31689453125 0.18386501736111113 0.3251410590277778 0.18961588541666666 0.3251410590277778 0.19873046875 0.31982421875 0.20534939236111113 0.3140733506944445 0.20534939236111113
0 0.28521050347222227 0.1852756076388889 0.2816297743055556 0.17909071180555558 0.28369140625 0.16954210069444448 0.29204644097222227 0.16541883680555558 0.30007595486111116 0.16791449652777782 0.30398220486111116 0.17583550347222224 0.30083550347222227 0.18538411458333334 0.2946506076388889 0.18842230902777782
0 0.3079969618055556 0.17388237847222224 0.3052842881944445 0.1647677951388889 0.3124457465277778 0.15294053819444448 0.32568359375 0.15554470486111113 0.3288302951388889 0.16606987847222224 0.32351345486111116 0.17605251736111113 0.3124457465277778 0.17616102430555558
0 0.23583553791887127 0.5827270723104057 0.23568856554967665 0.5850786302175192 0.2341820987654321 0.5868422986478543 0.23109567901234565 0.5866953262786597 0.22822971781305113 0.5858134920634921 0.22764182833627278 0.5833517048794827 0.22793577307466195 0.5819187242798355 0.22907480893592005 0.5800448265726044 0.23069150499706054 0.5789057907113463 0.23245517342739566 0.5787955614344504 0.23469650205761317 0.5799345972957084
0 0.24097957084068194 0.5858502351557907 0.23950984714873602 0.5852623456790124 0.23844429747207524 0.5833517048794827 0.23844429747207524 0.5806327160493828 0.24020796590241034 0.5793099647266314 0.2424860376249265 0.5791629923574368 0.2442497060552616 0.5802285420340977 0.24535199882422107 0.5828373015873016 0.24406599059376835 0.5850418871252205 0.24197163433274543 0.5862176660787772
0 0.25270061728395066 0.5856297766019989 0.25141460905349794 0.5866218400940624 0.24829144620811286 0.5852623456790124 0.2471156672545561 0.5832047325102881 0.24751984126984128 0.5805592298647855 0.24961419753086417 0.5790895061728396 0.25145135214579656 0.5789057907113463 0.25372942386831276 0.580191798941799 0.25457451499118167 0.581330834803057 0.2545010288065843 0.5836456496178719
0 0.24472736625514402 0.5891571134626691 0.2453152557319224 0.5910677542621987 0.2448743386243386 0.59375 0.24329438565549674 0.5947788065843622 0.23995076425631978 0.5947053203997649 0.23866475602586712 0.5938969723691946 0.23792989417989419 0.5916189006466784 0.2384810405643739 0.5893040858318637 0.24053865373309818 0.5880548206937096 0.2433311287477954 0.5877608759553204
0 0.2518187830687831 0.5950360082304528 0.250055114638448 0.5949625220458554 0.24737286890064666 0.593125367430923 0.2471156672545561 0.591361699000588 0.24792401528512636 0.5888631687242799 0.25056951793062904 0.5876139035861259 0.2535089653145209 0.5888631687242799 0.25464800117577896 0.5905533509700176 0.25398662551440326 0.5935295414462082
0 0.27825560652395515 0.5894176860346585 0.27379587155963303 0.590118501529052 0.27175713557594294 0.588908002038736 0.2699732415902141 0.5861047400611621 0.26984582059123347 0.582855504587156 0.2724579510703364 0.5790965851172274 0.2755160550458715 0.5787780326197757 0.2791475535168196 0.5794788481141692 0.2806766055045872 0.5818361365953109 0.2806766055045872 0.5866781345565749
0 0.2922082059123343 0.5970629459734963 0.2895960754332314 0.5962347094801224 0.28832186544342503 0.594769367991845 0.2881944444444444 0.5912015800203873 0.2901057594291539 0.5896088175331294 0.29227191641182465 0.5894176860346585 0.2946929153924567 0.5903733435270133 0.2952663098878695 0.5943233944954128 0.2936735474006116 0.5964258409785932
0 0.1750196540880503 0.5881485849056604 0.1737421383647799 0.5877227463312369 0.1724973794549266 0.5868383123689728 0.17233359538784065 0.5852987421383647 0.17298873165618447 0.5837591719077568 0.1742662473794549 0.5829730083857443 0.17639544025157233 0.5833660901467504 0.17747641509433965 0.5847091194968553 0.17747641509433965 0.5869038259958071
0 0.16915618448637315 0.5877227463312369 0.16787866876310273 0.5872969077568134 0.16663390985324944 0.5864124737945493 0.1664701257861635 0.5848729035639413 0.1671252620545073 0.5833333333333334 0.16840277777777773 0.5825471698113208 0.17053197064989517 0.582940251572327 0.17161294549266248 0.5842832809224319 0.17161294549266248 0.5864779874213837
0 0.16905791404612158 0.5821868448637316 0.16778039832285116 0.5817610062893082 0.16653563941299787 0.580876572327044 0.1663718553459119 0.579337002096436 0.16702699161425574 0.5777974318658281 0.16830450733752617 0.5770112683438154 0.17043370020964357 0.5774043501048217 0.1715146750524109 0.5787473794549266 0.1715146750524109 0.5809420859538784
0 0.1748886268343815 0.582416142557652 0.17361111111111108 0.5819903039832285 0.1723663522012578 0.5811058700209645 0.1722025681341718 0.5795662997903565 0.17285770440251566 0.5780267295597484 0.17413522012578608 0.5772405660377359 0.17626441299790352 0.5776336477987422 0.1773453878406708 0.578976677148847 0.1773453878406708 0.5811713836477989
0 0.17528170859538778 0.5770440251572326 0.17400419287211735 0.5766181865828092 0.17275943396226406 0.575733752620545 0.17259564989517812 0.5741941823899371 0.17325078616352194 0.5726546121593291 0.17452830188679236 0.5718684486373166 0.1766574947589098 0.5722615303983228 0.1777384696016771 0.5736045597484277 0.1777384696016771 0.5757992662473794
0 0.16938548218029348 0.5767819706498952 0.16810796645702303 0.5763561320754718 0.16686320754716977 0.5754716981132076 0.1666994234800838 0.5739321278825996 0.1673545597484276 0.5723925576519917 0.16863207547169806 0.571606394129979 0.17076126834381547 0.5719994758909853 0.17184224318658278 0.5733425052410902 0.17184224318658278 0.575537211740042
0 0.1632599580712788 0.5755044549266247 0.16198244234800838 0.5750786163522011 0.1607376834381551 0.5741941823899371 0.1605738993710691 0.5726546121593291 0.16122903563941296 0.5711150419287211 0.16250655136268338 0.5703288784067085 0.1646357442348008 0.5707219601677148 0.1657167190775681 0.5720649895178197 0.1657167190775681 0.5742596960167715
0 0.15788784067085948 0.5754716981132074 0.15661032494758906 0.575045859538784 0.1553655660377358 0.5741614255765198 0.15520178197064982 0.5726218553459119 0.15585691823899364 0.5710822851153039 0.15713443396226406 0.5702961215932913 0.1592636268343815 0.5706892033542975 0.1603446016771488 0.5720322327044025 0.1603446016771488 0.5742269392033542
0 0.22785846298135265 0.5005637619993379 0.22658094725808223 0.5001379234249145 0.22533618834822894 0.49925348946265036 0.22517240428114296 0.4977139192320424 0.2258275405494868 0.4961743490014344 0.22710505627275723 0.49538818547942187 0.2292342491448747 0.4957812672404281 0.23031522398764195 0.497124296590533 0.23031522398764195 0.49931900308948474
0 0.21086393596986816 0.4916431261770245 0.20768596986817325 0.49193738229755174 0.20539077212806028 0.489289077212806 0.2049199623352166 0.4864053672316384 0.20592043314500943 0.4839924670433145 0.20939265536723162 0.4829919962335217 0.21174670433145007 0.48334510357815436 0.21345338983050852 0.4859934086629002 0.2139830508474576 0.48887711864406774
0 0.21362994350282483 0.5004708097928436 0.21204096045197743 0.5004708097928436 0.2105108286252354 0.4991172316384181 0.2094515065913371 0.4967043314500941 0.21056967984934089 0.49476224105461386 0.2132179849340866 0.4939971751412429 0.2160428436911488 0.4949387947269303 0.21733757062146897 0.4978225047080979 0.2158662900188324 0.4998234463276836
0 0.22216337099811673 0.4935852165725047 0.21851459510357812 0.49276129943502817 0.21680790960451976 0.48993644067796605 0.2163959510357816 0.4868761770244821 0.2183968926553672 0.48358050847457623 0.22204566854990587 0.4829919962335217 0.22575329566854993 0.48522834274952914 0.22645951035781545 0.48923022598870053 0.2245762711864407 0.4921727871939736
0 0.23258003766478338 0.4948799435028248 0.23057909604519777 0.49464453860640295 0.22904896421845572 0.49264359698681737 0.22904896421845572 0.4895244821092279 0.23163841807909602 0.48717043314500935 0.23587570621468928 0.48811205273069674 0.23634651600753293 0.49211393596986813 0.23516949152542377 0.4945268361581921
0 0.24134887005649716 0.4952919020715631 0.23928907721280598 0.4934086629001883 0.23828860640301314 0.4912900188323917 0.23958333333333334 0.4884063088512241 0.2416431261770245 0.4875823917137476 0.2441737288135593 0.487876647834275 0.24611581920903955 0.4895833333333333 0.24605696798493407 0.49270244821092274 0.24482109227871934 0.4944091337099812
0 0.2516025641025642 0.4943260568260568 0.2501732501732502 0.49376299376299376 0.24887387387387397 0.4928967428967429 0.24826749826749828 0.4911209286209286 0.24848406098406106 0.48943173943173945 0.25030318780318783 0.48765592515592515 0.2519923769923771 0.4873527373527373 0.2540713790713791 0.4883922383922384 0.25498094248094255 0.4899948024948025 0.25476437976437977 0.491943866943867 0.2532484407484408 0.4938929313929314
0 0.2389553014553015 0.5005197505197505 0.2375259875259876 0.5008662508662508 0.23592342342342343 0.5003031878031878 0.23518711018711022 0.49896049896049893 0.2350138600138601 0.49735793485793484 0.23631323631323634 0.4956687456687457 0.23826230076230084 0.49575537075537074 0.23995148995149 0.49670824670824665 0.2401247401247402 0.49926368676368676
0 0.24657830907830913 0.5013860013860014 0.2448891198891199 0.5005197505197505 0.24441268191268192 0.49865731115731116 0.24480249480249483 0.4970547470547471 0.2464483714483715 0.4954954954954955 0.24987006237006246 0.4964050589050589 0.24974012474012483 0.4982241857241857 0.2497834372834373 0.500563063063063 0.24757449757449762 0.5018191268191268
0 0.3924460955710956 0.3238272144522145 0.3904793123543124 0.3234629953379954 0.38771124708624705 0.3222974941724942 0.38661858974358976 0.3199664918414919 0.38661858974358976 0.3171255827505828 0.38814831002331 0.3145032051282052 0.39091637529137535 0.3125364219114219 0.39528700466200467 0.31341054778554783 0.3977636946386946 0.3166885198135198 0.3971081002331002 0.3213505244755245
0 0.3545951156812339 0.2928984575835476 0.35580012853470433 0.29418380462724936 0.35620179948586117 0.2950942587832048 0.35545201371036844 0.2970758354755784 0.35392566409597254 0.2974775064267352 0.35189053127677805 0.29704905741216797 0.3511675235646957 0.29514781491002573 0.3515156383890316 0.29407669237360756 0.3525064267352185 0.2930591259640103
0 0.351595972579263 0.28762317909168816 0.35280098543273347 0.2889085261353899 0.3532026563838903 0.28981898029134534 0.3524528706083976 0.291800556983719 0.3509265209940017 0.29220222793487577 0.3488913881748072 0.29177377892030854 0.34816838046272486 0.2898725364181663 0.34851649528706075 0.2888014138817481 0.3495072836332476 0.28778384747215086
0 0.35703191945158524 0.2848114824335905 0.3582369323050557 0.28609682947729226 0.3586386032562125 0.28700728363324773 0.35788881748071977 0.2889888603256213 0.35636246786632386 0.28939053127677816 0.3543273350471294 0.2889620822622109 0.35360432733504704 0.28706083976006863 0.353952442159383 0.28598971722365046 0.3549432305055698 0.2849721508140532
0 0.3601113967437875 0.2902206512425023 0.36131640959725797 0.29150599828620405 0.36171808054841476 0.2924164524421595 0.360968294772922 0.2943980291345331 0.3594419451585262 0.29479970008568995 0.35740681233933164 0.29437125107112266 0.3566838046272493 0.2924700085689804 0.35703191945158524 0.29139888603256225 0.35802270779777207 0.290381319622965
0 0.36466366752356455 0.2812767780634106 0.365868680377035 0.28256212510711237 0.36627035132819186 0.2834725792630678 0.3655205655526991 0.28545415595544144 0.3639942159383032 0.2858558269065982 0.3619590831191087 0.285427377892031 0.36123607540702635 0.28352613538988874 0.3615841902313623 0.2824550128534706 0.3625749785775491 0.2814374464438733
