0 0.39804421768707476 0.5276360544217686 0.3982142857142857 0.523639455782313 0.4000850340136054 0.5180272108843537 0.40688775510204084 0.5149659863945578 0.4139455782312924 0.5173469387755102 0.4176870748299319 0.5237244897959183 0.41632653061224484 0.5297619047619048 0.4119897959183673 0.5345238095238095 0.4056972789115646 0.535204081632653 0.40085034013605436 0.5333333333333333
0 0.7017411433172303 0.34968800322061194 0.7038546698872786 0.3454609500805153 0.7100946054750403 0.3430454911433172 0.7165358293075685 0.34596417069243157 0.7180454911433173 0.3526066827697263 0.7154287439613527 0.3578401771336554 0.7104971819645733 0.36096014492753625 0.7032508051529791 0.3583433977455717 0.7019424315619968 0.3550221417069243
0 0.7249899355877617 0.36981682769726254 0.7259963768115942 0.3627717391304348 0.7304247181964574 0.35904790660225444 0.7380736714975846 0.3591485507246377 0.7418981481481481 0.3652878421900161 0.7401871980676329 0.3723329307568438 0.7344504830917875 0.37525161030595816 0.7281099033816426 0.37364130434782616
0 0.7484400161030597 0.38571859903381644 0.7496477455716587 0.37857286634460546 0.7559883252818036 0.3734400161030596 0.7646437198067634 0.3760567632850242 0.7647443639291466 0.38622181964573266 0.7600140901771337 0.3905495169082126 0.7542773752012883 0.3905495169082126
0 0.6039823008849557 0.4433997050147493 0.6048119469026548 0.43980457227138636 0.607669616519174 0.43667035398230086 0.611910029498525 0.4372234513274337 0.6138458702064897 0.4403576696165192 0.6146755162241888 0.44413716814159293 0.6120022123893805 0.44671828908554573 0.6082227138643067 0.4468104719764012 0.604627581120944 0.44432153392330387
0 0.6019542772861357 0.4553834808259587 0.6028761061946902 0.4511430678466076 0.6063790560471977 0.4480088495575221 0.6115412979351033 0.4498525073746312 0.6125553097345133 0.45307890855457233 0.6123709439528023 0.4575958702064897 0.607669616519174 0.45925516224188795 0.6026917404129793 0.4575958702064897
0 0.6179941002949852 0.46008480825958703 0.617348820058997 0.4554756637168142 0.6203908554572272 0.45206489675516226 0.6254609144542773 0.4523414454277286 0.6285029498525073 0.4554756637168142 0.6273045722713864 0.4602691740412979 0.6234328908554573 0.4628502949852507
0 0.6203908554572272 0.44708702064896755 0.6194690265486725 0.4419247787610619 0.62297197640118 0.439712389380531 0.6281342182890856 0.4392514749262537 0.630438790560472 0.44441371681415925 0.6266592920353983 0.44893067846607676 0.6246312684365782 0.4494837758112094
0 0.6228213507625272 0.417619825708061 0.6229575163398693 0.41258169934640526 0.6270424836601307 0.4084967320261437 0.6331699346405228 0.4097222222222222 0.6358932461873639 0.4154411764705882 0.6326252723311546 0.4212962962962963 0.6270424836601307 0.4217047930283224
0 0.6427015250544662 0.4106753812636165 0.6429738562091503 0.40359477124183 0.6482843137254901 0.4008714596949891 0.6529139433551198 0.4029139433551199 0.653458605664488 0.4080882352941177 0.6486928104575163 0.41380718954248363
0 0.70731561302682 0.398647030651341 0.7050407088122606 0.3946958812260537 0.7069564176245211 0.3894276819923372 0.7107878352490421 0.3865541187739464 0.7179717432950192 0.3888290229885057 0.7186901340996169 0.3962523946360153 0.7149784482758621 0.4010416666666667
0 0.7530531609195402 0.4386374521072797 0.753771551724138 0.43277059386973177 0.7588002873563218 0.4267840038314176 0.7690972222222222 0.42786159003831414 0.7718510536398467 0.4355244252873563 0.7696958812260537 0.443426724137931 0.7615541187739464 0.4464200191570882
0 0.7269516283524904 0.44785680076628354 0.728029214559387 0.4403136973180077 0.7347341954022988 0.437919061302682 0.7409602490421456 0.44210967432950193 0.7396431992337165 0.4496527777777778 0.7347341954022988 0.45264607279693486
0 0.7494612068965517 0.4756345785440613 0.7512571839080461 0.4667744252873563 0.7605962643678161 0.46461925287356326 0.7638290229885057 0.47024664750957856 0.7603568007662835 0.4774305555555555 0.7542504789272031 0.47850814176245215
0 0.724676724137931 0.47048611111111116 0.7237188697318008 0.4650981800766284 0.7282686781609196 0.46066810344827586 0.7358117816091955 0.46306273946360155 0.7373682950191571 0.4685704022988506 0.7334171455938697 0.47383860153256707 0.7275502873563218 0.4739583333333333
0 0.6555930930930931 0.4362800300300301 0.6584084084084084 0.43177552552552556 0.6638513513513514 0.4329954954954955 0.6647897897897899 0.4371246246246247 0.6614114114114115 0.44022147147147145 0.6567192192192192 0.43928303303303307
0 0.5924233490566038 0.47410573899371067 0.5953714622641509 0.468504323899371 0.6007763364779874 0.4684060534591195 0.6041175314465409 0.4714524371069182 0.6033313679245282 0.4762676886792453 0.5997936320754718 0.47882272012578614 0.5948801100628931 0.4784296383647798
0 0.7300857843137255 0.6162683823529411 0.7306985294117647 0.6066176470588235 0.7371323529411764 0.6029411764705882 0.7449448529411764 0.6049325980392156 0.7460171568627452 0.6127450980392156 0.7426470588235293 0.6187193627450981 0.7348345588235293 0.6196384803921569
0 0.7339154411764706 0.5871629901960784 0.7349877450980392 0.5770526960784313 0.7424938725490197 0.5730698529411764 0.7513786764705882 0.5779718137254901 0.7498468137254901 0.5882352941176471 0.7421875 0.5916053921568627
0 0.7032781862745098 0.6110600490196079 0.703125 0.6056985294117647 0.7084865196078431 0.600796568627451 0.7167585784313726 0.6038602941176471 0.7164522058823529 0.6115196078431373 0.7090992647058824 0.6153492647058824
0 0.7072610294117647 0.5899203431372548 0.7066482843137255 0.5825674019607844 0.7121629901960784 0.5790441176470589 0.7193627450980392 0.5808823529411764 0.7208946078431372 0.5879289215686274 0.7158394607843137 0.5928308823529411
0 0.7098651960784313 0.5655637254901961 0.7118566176470589 0.5585171568627452 0.7193627450980392 0.5572916666666666 0.7241115196078431 0.5625 0.7225796568627452 0.5689338235294118 0.7173713235294118 0.5712316176470589 0.7124693627450981 0.5704656862745098
0 0.7143075980392156 0.5444240196078431 0.7144607843137255 0.5393688725490197 0.7198223039215687 0.5353860294117647 0.7267156862745098 0.5399816176470589 0.7234987745098038 0.5479473039215687 0.719515931372549 0.5493259803921569
0 0.7173713235294118 0.5225183823529411 0.7184436274509803 0.5160845588235293 0.7231924019607844 0.5140931372549019 0.7290134803921569 0.5180759803921569 0.7282475490196079 0.5254289215686274 0.7219669117647058 0.5269607843137255
0 0.7219669117647058 0.5009191176470589 0.7215073529411764 0.4944852941176471 0.7253370098039216 0.4905024509803922 0.7317708333333334 0.4931066176470588 0.7329963235294118 0.4984681372549019 0.7293198529411764 0.5030637254901961 0.7233455882352942 0.5019914215686274
0 0.4108982974910394 0.6116151433691756 0.40339381720430106 0.6130712365591398 0.3963373655913978 0.6097110215053763 0.39264112903225806 0.6039986559139785 0.3929771505376344 0.596046146953405 0.3963373655913978 0.589885752688172 0.4045138888888889 0.5874215949820787 0.41347446236559143 0.589885752688172 0.4187387992831541 0.597054211469534 0.41851478494623656 0.6052307347670249 0.4149305555555556 0.6110551075268816
0 0.4496931524547803 0.6242732558139534 0.4445251937984496 0.6226582687338502 0.4412144702842377 0.619266795865633 0.4395994832041344 0.6153100775193798 0.4394379844961241 0.6113533591731266 0.4408107235142119 0.6058624031007752 0.4434754521963825 0.6017441860465116 0.44993540051679587 0.6002906976744187 0.4577680878552972 0.6010981912144703 0.4607558139534884 0.6045704134366925 0.46333979328165376 0.6103843669250646 0.46285529715762275 0.618297803617571 0.45801033591731266 0.6224160206718347 0.45082364341085274 0.6245962532299741
0 0.5611886381631037 0.6604067695961995 0.5630195961995249 0.6608521377672208 0.5649495249406176 0.662188242280285 0.565889746634996 0.6645140538400633 0.5656423198733175 0.6673842042755344 0.5637123911322248 0.6693636183689629 0.5609906967537609 0.6700564133016627 0.5586648851939825 0.6696110451306413 0.556883412509897 0.6677800870942201 0.5562401029295329 0.6659986144101345 0.5561906175771971 0.663722288202692 0.5574277513855899 0.6617428741092636 0.5589123119556612 0.6608521377672208
0 0.4821781200631912 0.5273992890995262 0.4862263033175356 0.530756319115324 0.4868187203791469 0.5393463665086888 0.48010466034755134 0.5452705371248026 0.4718108214849921 0.5439869668246445 0.4676639020537125 0.538556477093207 0.4683550552922591 0.5316449447077409 0.47200829383886256 0.5267081358609795 0.47724131121642976 0.525622037914692
0 0.4520635860979463 0.5293740126382307 0.45156990521327023 0.5348045023696683 0.44683056872037913 0.5396425750394945 0.4399190363349132 0.5408274091627173 0.4331062401263823 0.5353969194312796 0.4320201421800948 0.5298676935229067 0.43468601895734604 0.5245359399684044 0.43932661927330174 0.5205864928909953 0.4472255134281201 0.5214751184834123 0.45216232227488157 0.5270043443917852
0 0.4140501579778831 0.49995063191153244 0.4090146129541864 0.4993582148499211 0.40447274881516593 0.495902448657188 0.4032879146919432 0.49106437598736186 0.4035841232227489 0.4870161927330174 0.4059537914691943 0.4825730647709321 0.4106931279620853 0.48030213270142186 0.4173084518167457 0.480795813586098 0.4211591627172196 0.4853376777251185 0.4227389415481833 0.4899782780410743 0.4216528436018958 0.4945201421800948 0.4196781200631912 0.4975809636650869
0 0.47872235387045814 0.5087381516587678 0.47526658767772517 0.5060722748815166 0.4727981832543444 0.5014316745655608 0.4735880726698263 0.4963961295418642 0.47803120063191157 0.49205173775671407 0.4832642180094787 0.49057069510268564 0.4885959715639811 0.49343404423380727 0.4931378357030016 0.4994569510268563 0.49076816745655616 0.5058748025276462 0.4856338862559242 0.5099229857819906 0.48109202211690366 0.5107128751974723
0 0.42687863901018924 0.4533979257641921 0.4269241266375546 0.45571779475982527 0.4258779112081514 0.4590838791848617 0.4225573144104804 0.4614947234352256 0.4188728165938864 0.4613127729257641 0.41609807132459975 0.46031204512372637 0.41364173944687044 0.45717339883551666 0.4131413755458515 0.4539892649199418 0.4144605167394469 0.4500773289665211 0.41687136098981076 0.4485762372634643 0.4205558588064046 0.44780294759825323 0.4246497452692867 0.44821233624454143
0 0.4530146316851665 0.43279095190043726 0.4532669021190716 0.43447275479313824 0.4525941809619912 0.4356500168180289 0.451732256979482 0.4360284224688867 0.45042885973763874 0.43619660275815675 0.44923057517658926 0.43562899428187013 0.4485158089471914 0.4348091153716785 0.4485368314833501 0.4330011772620249 0.449440800538177 0.4320341405987218 0.4511856710393542 0.43134039690548265
0 0.4574924318869828 0.4395812310797174 0.45686175580222 0.43981247897746384 0.4554112008072654 0.43970736629667007 0.45425496131853343 0.4390136226034308 0.4538975782038345 0.4378363605785402 0.4541708711738984 0.43640682811974435 0.4550748402287252 0.4354397914564413 0.45694584594685506 0.4350613858055836 0.45822822065253954 0.4359443323242516 0.4589640094180962 0.43735284224688864 0.4583543558694921 0.4389926000672721
0 0.4619281870164817 0.44420618903464515 0.4606037672384796 0.4437436932391523 0.4598259334006054 0.44262949882273794 0.4595526404305415 0.44126303397241845 0.4604007633587786 0.439448155216285 0.46218988549618323 0.4385337150127227 0.46461513994910947 0.4392891221374046 0.46529103053435117 0.44139631043257 0.46449586513994906 0.44354325699745545
0 0.6419776496763754 0.4483844053398058 0.6408904733009708 0.44914290048543687 0.6392470671521036 0.44914290048543687 0.6377300768608414 0.4482579894822006 0.6364659182847896 0.4469179813915857 0.6362636529126213 0.44512287621359214 0.6374013956310679 0.4429990898058252 0.6391206512944984 0.442164745145631 0.6411433050161812 0.44246814320388345 0.643115392394822 0.4439598503236245 0.6432670914239481 0.446412317961165
0 0.6503463794498381 0.45012894417475724 0.6485007079288025 0.4499266788025889 0.6466044700647249 0.4486119538834951 0.6457701254045307 0.4465640169902912 0.6463263551779934 0.4448194781553398 0.6471859830097088 0.4437575849514563 0.6489052386731391 0.44297380663430413 0.6510795914239481 0.44340362055016175 0.6527229975728155 0.4445919296116504 0.6528494134304207 0.4467662823624595 0.6522679004854368 0.4484855380258899
0 0.6580071804207119 0.4516459344660194 0.6565913228155339 0.45096328883495135 0.6555294296116504 0.44876365291262127 0.655959243527508 0.4461847694174757 0.6583105784789643 0.44512287621359214 0.6606366302588996 0.44562853964401294 0.6621283373786407 0.44696854773462774 0.662330602750809 0.4486372370550162 0.6620019215210355 0.4503564927184466 0.6604849312297735 0.4514436690938511 0.6590185072815533 0.45212631472491904
0 0.7060138326585695 0.4719973009446694 0.7044956140350878 0.47187078272604593 0.7030195681511471 0.470310391363023 0.7025134952766532 0.46786437246963564 0.7037365047233468 0.46651484480431854 0.7059294871794872 0.4661352901484481 0.708248987854251 0.46769568151147106 0.7084176788124157 0.469804318488529 0.7073633603238867 0.4719973009446694
0 0.7060560053981106 0.46229757085020245 0.7041160593792173 0.46048414304993257 0.7039895411605938 0.4584176788124157 0.704832995951417 0.4566464237516869 0.7066042510121459 0.45609817813765186 0.7086285425101215 0.4566885964912281 0.7101467611336033 0.4579959514170041 0.7098093792172739 0.46061066126855604 0.7085863697705803 0.46204453441295545
0 0.7085441970310392 0.44859143049932526 0.7068151147098516 0.44850708502024295 0.7051282051282052 0.4473684210526316 0.7043269230769231 0.44551282051282054 0.7047064777327935 0.4428137651821863 0.7065620782726046 0.4408316464237517 0.7104841430499326 0.441422064777328 0.7112432523616734 0.44403677462887997 0.711411943319838 0.4466936572199731
0 0.7368815104166667 0.42776692708333336 0.7337565104166667 0.42666015625 0.7324544270833333 0.42353515625 0.7326497395833333 0.42080078125 0.7347330729166667 0.41839192708333334 0.7380533854166667 0.4181315104166667 0.74091796875 0.41923828125 0.74208984375 0.42216796875 0.74111328125 0.4259440104166667
0 0.73916015625 0.41188151041666665 0.7368815104166667 0.41110026041666664 0.7351888020833334 0.40908203125 0.7351888020833334 0.4064127604166667 0.73564453125 0.40452473958333335 0.7385091145833333 0.40257161458333335 0.7424153645833333 0.40322265625 0.74423828125 0.40595703125 0.7435872395833333 0.40960286458333334 0.7415690104166667 0.4117513020833333
