0 0.030092592592592584 0.822879330943847 0.027703106332138593 0.8178016726403824 0.030689964157706095 0.813321385902031 0.03673835125448028 0.8127240143369175 0.0401732377538829 0.8148148148148149 0.040994623655913984 0.8191457586618877 0.03830645161290321 0.8223566308243727 0.03434886499402629 0.8247461170848267
0 0.08219228504122497 0.8499337455830389 0.08329652532391048 0.8461793286219081 0.08793433451118964 0.8428666077738516 0.09345553592461721 0.8449278563015311 0.09522232037691401 0.849639281507656 0.09257214369846879 0.8547924028268551 0.08668286219081273 0.8551604829210836 0.08329652532391048 0.8537617785630153
0 0.12577296819787984 0.8402900471142519 0.12577296819787984 0.83587308598351 0.1278342167255595 0.8320450530035335 0.13313457008244994 0.8313825088339223 0.13644729093050648 0.833664605418139 0.1379932273262662 0.8375662544169611 0.1361528268551237 0.8419095995288575 0.13298733804475854 0.8432346878680801 0.12790783274440518 0.8430874558303886
0 0.16839664310954064 0.8296157243816256 0.16766048292108365 0.8260085394581861 0.16905918727915198 0.8211498822143699 0.17472762073027093 0.8196775618374559 0.17929181389870436 0.8224013545347467 0.17995435806831567 0.8273336277974086 0.17708333333333334 0.8310880447585394 0.1725927561837456 0.8318978209658422
0 0.21059236947791168 0.8171854082998662 0.21017402945113792 0.8130020080321285 0.21209839357429724 0.8089859437751005 0.21845716198125842 0.8080655957161982 0.2222222222222223 0.8117469879518072 0.22205488621151276 0.8166834002677377 0.2170348058902276 0.8204484605087015 0.21209839357429724 0.8191097724230254
0 0.2522215639810427 0.8043542654028436 0.25251777251184837 0.7994174565560821 0.2570596366508689 0.79635663507109 0.26298380726698267 0.798035150078989 0.26426737756714064 0.8028732227488152 0.261404028436019 0.8078100315955766 0.2562697472353871 0.8086986571879937
0 0.294579383886256 0.7942831753554502 0.2951718009478673 0.7870754344391786 0.30089849921011064 0.7842120853080569 0.30652646129541866 0.7865817535545023 0.30790876777251186 0.7918147709320695 0.30366311216429703 0.7972452606635072 0.2985288309636651 0.7962578988941549
0 0.07071713147410363 0.8076029216467463 0.07212815405046487 0.8024568393094289 0.07694223107569727 0.8004648074369191 0.08150730411686592 0.8025398406374502 0.0834993359893759 0.8071879150066401 0.08001328021248345 0.8120849933598939 0.07461819389110232 0.8124169986719788 0.07187915006640114 0.8103419654714475
0 0.15616861979166666 0.785888671875 0.15608723958333334 0.78125 0.15950520833333334 0.7774251302083334 0.16609700520833334 0.7775065104166666 0.168701171875 0.781494140625 0.16756184895833334 0.786865234375 0.16471354166666666 0.7898763020833334 0.15861002604166666 0.7892252604166666
0 0.24059734513274345 0.7622603244837758 0.2406895280235989 0.7579277286135693 0.24474557522123902 0.7536873156342183 0.25036873156342193 0.7548856932153392 0.2531342182890856 0.7591261061946902 0.25156710914454283 0.763919616519174 0.2468657817109145 0.7666851032448377
0 0.01707927489177488 0.778510551948052 0.016673430735930726 0.774113906926407 0.02025838744588744 0.7697849025974026 0.02336985930735931 0.7691761363636364 0.028645833333333322 0.7720170454545454 0.029186958874458865 0.7767518939393939 0.02648133116883117 0.7810808982683983 0.020596590909090898 0.7812838203463203
0 0.05982819264069262 0.7667410714285715 0.059489989177489176 0.7622767857142857 0.061992694805194794 0.7587594696969697 0.0675392316017316 0.7578125 0.07132711038961037 0.7611945346320347 0.07153003246753248 0.7658617424242424 0.0676068722943723 0.7693114177489178 0.06334550865800866 0.7703260281385282
0 0.10311823593073592 0.7563244047619048 0.10210362554112554 0.7524012445887446 0.10318587662337662 0.7480722402597402 0.10812364718614717 0.7461106601731602 0.11272321428571426 0.7478016774891775 0.1142789502164502 0.751183712121212 0.1136025432900433 0.7549039502164502 0.11008522727272724 0.7576772186147186 0.10568858225108224 0.7579477813852814
0 0.187601461038961 0.7328530844155844 0.1869250541125541 0.7278476731601732 0.18848079004329005 0.7237892316017316 0.19280979437229434 0.7225040584415584 0.19740936147186147 0.7243303571428571 0.199709145021645 0.7275771103896104 0.19828869047619047 0.7324472402597402 0.19355384199134198 0.7348146645021645
0 0.005677330173775665 0.7373124012638231 0.004986176935229061 0.7322768562401264 0.007750789889415479 0.7271425750394945 0.014464849921011052 0.7270438388625593 0.018315560821484986 0.730795813586098 0.016439573459715636 0.7374111374407584 0.012193917851500787 0.7395833333333335
0 0.04862756714060032 0.7250691153238547 0.047640205371248016 0.7198360979462876 0.05060229067930489 0.7151954976303319 0.05820497630331754 0.7161828593996841 0.06106832543443918 0.7211196682464456 0.059093601895734586 0.7248716429699843 0.05356437598736177 0.727833728278041
0 0.09078791469194313 0.7136157187993681 0.08980055292259084 0.7075928120063192 0.09266390205371249 0.7040383096366509 0.09829186413902054 0.7034458925750395 0.10224131121642971 0.7068029225908373 0.10293246445497631 0.7121346761453398 0.09769944707740916 0.7155904423380727
0 0.46929537521815007 0.6107657068062826 0.4686409249563699 0.6025850785340313 0.474967277486911 0.5965859511343804 0.4827116055846422 0.5976767015706805 0.4864201570680628 0.606402705061082 0.4818390052356021 0.6138198080279231 0.47464005235602086 0.6146924083769634
0 0.749754323899371 0.6433274371069182 0.750442216981132 0.6373329402515723 0.7558470911949685 0.6322228773584905 0.7641018081761006 0.6322228773584905 0.7689170597484276 0.6371363993710691 0.7693101415094339 0.6455876572327044 0.7652810534591195 0.6513856132075472 0.7567315251572326 0.6514838836477987 0.7532920597484276 0.648634040880503
0 0.7443494496855345 0.6210200471698113 0.7425805817610063 0.6132566823899371 0.7457252358490566 0.6073604559748428 0.7530955188679246 0.6047071540880502 0.7614485062893082 0.6102102987421384 0.7642983490566038 0.6172857704402516 0.7568297955974843 0.6249508647798742 0.7493612421383647 0.6252456761006289
0 0.7265273085585586 0.5514146959459459 0.7272311373873874 0.5468398085585586 0.7296945382882882 0.544165259009009 0.7337767454954954 0.5433206644144144 0.7384220157657658 0.5462767454954954 0.7385627815315315 0.551977759009009 0.7367328265765766 0.5550746058558559 0.7328617680180181 0.5557080518018018 0.7287795608108109 0.5542300112612613
0 0.7211078265765766 0.5300886824324325 0.7204743806306306 0.5269214527027027 0.7224451013513514 0.5223465653153153 0.7266680743243243 0.5210092905405406 0.7305391328828829 0.5222761824324325 0.7331432995495496 0.5265695382882882 0.73046875 0.5325520833333334 0.7263161599099099 0.5331855292792792 0.7220228040540541 0.5317778716216216
0 0.713647240990991 0.5049619932432432 0.7131545608108109 0.49996480855855857 0.7169552364864864 0.4958122184684685 0.7219524211711712 0.4956714527027027 0.7251900337837838 0.49919059684684686 0.7248381193693694 0.5049619932432432 0.7212485923423424 0.5080588400900901 0.7163921734234234 0.5070734797297298
0 0.740111204954955 0.49820523648648646 0.7392666103603603 0.49426379504504503 0.7415892454954954 0.4891258445945946 0.74609375 0.4882108671171171 0.7508094031531531 0.491307713963964 0.7512317004504504 0.4971494932432432 0.7464456644144144 0.500879786036036
0 0.7476421734234234 0.5234023085585586 0.7460233671171171 0.5192497184684685 0.749049831081081 0.514745213963964 0.7534839527027027 0.5139710022522522 0.7577773085585586 0.5169974662162162 0.7584107545045046 0.521361204954955 0.755102759009009 0.5262176238738738 0.7498944256756757 0.5252322635135136
0 0.7553842905405406 0.5455729166666666 0.7543989301801802 0.540012668918919 0.758129222972973 0.5354377815315315 0.7639710022522522 0.536915822072072 0.767138231981982 0.5407164977477478 0.763548704954955 0.5476140202702703
0 0.8461349607182941 0.7357954545454546 0.8463453984287317 0.7285002805836139 0.8520973625140292 0.7235199214365882 0.8603745791245792 0.7228184624017957 0.8653549382716049 0.7280794051627385 0.8659161054994388 0.7372685185185185 0.8599537037037036 0.7421085858585859 0.8513959034792368 0.7415474186307519
0 0.8395412457912458 0.7089295735129069 0.8385592031425364 0.7013538159371493 0.8429082491582492 0.6951108305274972 0.8489407968574635 0.6932870370370371 0.8546226150392817 0.6958122895622896 0.8584806397306397 0.7019851290684623 0.8563762626262627 0.7093504489337822 0.8525182379349046 0.712787598204265 0.844942480359147 0.7132084736251403
0 0.8704755892255893 0.7178381032547699 0.8680906285072952 0.7121562850729517 0.8704755892255893 0.7040895061728395 0.8769991582491582 0.7006523569023569 0.8856271043771043 0.704229797979798 0.8884329405162739 0.712787598204265 0.8823302469135803 0.7200827721661055 0.8750350729517397 0.7214856902356902
0 0.8651485788113695 0.5229328165374677 0.8645025839793281 0.5180878552971577 0.8676518087855297 0.5141311369509044 0.8728197674418605 0.5141311369509044 0.8769379844961239 0.5164728682170543 0.8782299741602068 0.5226905684754523 0.8733042635658915 0.5266472868217055 0.8664405684754523 0.5254360465116279
0 0.8547021028037383 0.48495911214953275 0.854507398753894 0.47960475077881626 0.8588882398753893 0.47532126168224303 0.8659949376947039 0.47678154205607476 0.86764992211838 0.4829147196261682 0.8646320093457943 0.48710085669781933 0.8593749999999998 0.4883664330218069
0 0.844577492211838 0.4475759345794393 0.8438960280373832 0.44105334890965736 0.8476927570093458 0.4373539719626169 0.8539232866043613 0.4370619158878505 0.8573306074766354 0.44319509345794394 0.855286214953271 0.44903621495327106 0.8491530373831776 0.4500097352024922
0 0.9120424454828658 0.5127044392523366 0.9104848130841121 0.505695093457944 0.9145735981308412 0.5010221962616822 0.9197332554517132 0.5010221962616822 0.9232379283489096 0.5042348130841122 0.9241140965732086 0.5091997663551402 0.9200253115264796 0.5137753115264797
0 0.9000681464174454 0.4708430685358256 0.9003602024922117 0.46655957943925236 0.9036701713395638 0.4625681464174455 0.9092192367601245 0.4630549065420561 0.9133080218068534 0.4663648753894081 0.9126265576323985 0.4733742211838006 0.9068827881619936 0.47590537383177567 0.9017231308411214 0.47405568535825543
0 0.891501168224299 0.43589369158878505 0.889846183800623 0.4319996105919003 0.8903329439252335 0.42732671339563866 0.8941296728971961 0.42430880062305293 0.9000681464174454 0.4242114485981308 0.9035728193146417 0.43014992211838005 0.9004575545171337 0.43657515576323985 0.8944217289719626 0.4380354361370717
0 0.9356016355140186 0.4215829439252336 0.935991043613707 0.41525506230529596 0.9391063084112149 0.4118477414330217 0.9459209501557632 0.4118477414330217 0.9492309190031152 0.41807827102803735 0.9462130062305295 0.42411409657320864 0.9409559968847352 0.4248929127725856
0 0.9463141025641025 0.45962771203155817 0.9459442800788954 0.45457347140039456 0.9489028599605522 0.4506286982248522 0.9548200197238659 0.45001232741617364 0.9593811637080868 0.453957100591716 0.9591346153846153 0.46036735700197234 0.9529709072978303 0.4641888560157791
0 0.9564896755162241 0.49751106194690264 0.9559365781710915 0.49446902654867253 0.9594395280235989 0.488108407079646 0.9649705014749262 0.48847713864306785 0.9704092920353983 0.49345501474926257 0.9673672566371682 0.501198377581121 0.9607300884955752 0.5023045722713864
0 0.20174501424501423 0.5284900284900286 0.20174501424501423 0.5253739316239316 0.20397079772079774 0.5214565527065528 0.20931267806267806 0.5201210826210827 0.21314102564102563 0.5235042735042735 0.21501068376068375 0.529380341880342 0.2091346153846154 0.5332977207977209 0.20388176638176642 0.5320512820512822
0 0.2169693732193732 0.5182514245014246 0.21607905982905987 0.514957264957265 0.21812678062678065 0.5093482905982907 0.22213319088319086 0.5078347578347578 0.22792022792022792 0.5101495726495727 0.22907763532763534 0.515491452991453 0.22587250712250712 0.5198539886039887 0.21990740740740744 0.5208333333333335
0 0.24510327635327636 0.5202991452991454 0.24287749287749288 0.5165598290598291 0.24448005698005695 0.5106837606837608 0.24919871794871795 0.5082799145299146 0.25471866096866097 0.5115740740740742 0.25605413105413105 0.5160256410256411 0.25284900284900286 0.5203881766381767
0 0.40776515151515147 0.5180871212121212 0.40558712121212115 0.5132575757575757 0.40615530303030295 0.5082386363636363 0.4129734848484848 0.5067234848484848 0.418560606060606 0.5105113636363635 0.4147727272727272 0.5181818181818181
0 0.3927951388888889 0.46769593253968256 0.39205109126984133 0.46161954365079366 0.3962673611111111 0.45752728174603174 0.4025917658730159 0.4597594246031746 0.4040798611111111 0.46385168650793646 0.4022197420634921 0.4711681547619047
0 0.4495907738095238 0.49262152777777773 0.4478546626984127 0.48803323412698413 0.44971478174603174 0.4831969246031746 0.4516989087301587 0.4808407738095238 0.45864335317460314 0.48369295634920634 0.45876736111111105 0.49014136904761907 0.4543030753968254 0.49311755952380953
0 0.5886642156862745 0.4594975490196078 0.5900122549019607 0.45300245098039216 0.5971200980392156 0.45140931372549015 0.6020220588235293 0.4568014705882353 0.600796568627451 0.463296568627451 0.594546568627451 0.4647671568627451
0 0.5634191176470589 0.36623774509803925 0.5620710784313726 0.35949754901960784 0.5658700980392156 0.35484068627450976 0.5710171568627451 0.35496323529411766 0.5749387254901961 0.3599877450980392 0.5728553921568627 0.3673406862745098
0 0.6299632352941177 0.4261642156862745 0.6300857843137255 0.4189338235294118 0.634375 0.41488970588235297 0.640625 0.4159926470588235 0.6424632352941176 0.4208946078431372 0.6393995098039216 0.4273897058823529 0.6344975490196079 0.428125
0 0.6169730392156862 0.37738970588235293 0.6150122549019608 0.37359068627450975 0.6174632352941177 0.36721813725490193 0.6232230392156862 0.3657475490196078 0.6278799019607844 0.3689338235294118 0.6288602941176471 0.3744485294117647 0.6256740196078431 0.3789828431372549
0 0.6667279411764706 0.36354166666666665 0.6650122549019608 0.3572916666666667 0.6683210784313726 0.350796568627451 0.6766544117647059 0.350796568627451 0.681188725490196 0.3565563725490196 0.6783700980392157 0.3646446078431372 0.6711397058823529 0.36636029411764703
0 0.6809436274509804 0.4129289215686274 0.678125 0.4068014705882353 0.6818014705882353 0.4001838235294118 0.6892769607843138 0.3995710784313726 0.6950367647058823 0.40484068627450975 0.6927083333333334 0.4131740196078431 0.6846200980392156 0.41537990196078434
0 0.5493766404199476 0.3156167979002625 0.5492125984251969 0.3105314960629921 0.5521653543307087 0.306758530183727 0.5572506561679791 0.30626640419947504 0.5608595800524935 0.31069553805774275 0.5610236220472441 0.31676509186351703 0.5567585301837271 0.3185695538057743 0.5523293963254594 0.31873359580052496
0 0.7492719534050178 0.36967965949820786 0.7492719534050178 0.3663194444444444 0.7525201612903225 0.36150313620071683 0.7584565412186379 0.3617271505376344 0.7611447132616487 0.36452732974910396 0.7614807347670249 0.36967965949820786 0.7570004480286737 0.37348790322580644 0.7520721326164874 0.37259184587813615
0 0.86396729390681 0.30180331541218636 0.8622871863799283 0.2982190860215054 0.8647513440860214 0.29273073476702505 0.872143817204301 0.2926187275985663 0.8753920250896056 0.29889112903225806 0.872143817204301 0.305051523297491 0.8657594086021504 0.3038194444444444
0 0.8139000896057347 0.282538082437276 0.8133400537634409 0.2760416666666667 0.8186043906810035 0.27245743727598565 0.8243167562724013 0.27469758064516125 0.8258848566308243 0.28074596774193544 0.8226366487455196 0.2842181899641577 0.8161402329749103 0.28399417562724016
0 0.9002576164874552 0.2788418458781362 0.9009296594982078 0.2720094086021505 0.9066420250896056 0.26909722222222227 0.9128024193548386 0.27301747311827956 0.9112343189964156 0.2805219534050179 0.9067540322580644 0.2824260752688172
0 0.8523185483870968 0.2639448924731183 0.8491823476702509 0.25688844086021506 0.8523185483870968 0.24994399641577061 0.8601590501792113 0.248711917562724 0.8666554659498206 0.2561043906810036 0.8612791218637993 0.26472894265232977
0 0.7853382616487454 0.2553203405017921 0.7811939964157705 0.24423163082437274 0.786570340501792 0.23515905017921146 0.7990031362007168 0.23594310035842295 0.804491487455197 0.24266353046594982 0.8025873655913978 0.25319220430107525 0.7944108422939068 0.25812051971326166
0 0.8103158602150536 0.23751120071684587 0.8071796594982078 0.2295586917562724 0.8106518817204301 0.22059811827956988 0.8200604838709676 0.21790994623655915 0.8291330645161289 0.22395833333333334 0.8301411290322579 0.23415098566308246 0.8256608422939068 0.24008736559139787 0.8179323476702509 0.24154345878136196
0 0.8412298387096773 0.21835797491039424 0.8394377240143368 0.21197356630824374 0.8424619175627238 0.2078293010752688 0.849070340501792 0.2078293010752688 0.8515344982078852 0.21219758064516128 0.8494063620071685 0.21903001792114693 0.8429099462365591 0.21947804659498207
0 0.8954413082437276 0.23090277777777776 0.8924171146953404 0.22496639784946235 0.8968974014336918 0.2181339605734767 0.9041778673835126 0.21667786738351252 0.9096662186379928 0.22194220430107525 0.9093301971326163 0.22888664874551973 0.9056339605734767 0.23291890681003585 0.8995855734767025 0.23347894265232977
0 0.8781922043010753 0.19517249103942652 0.876736111111111 0.1904681899641577 0.8794242831541218 0.1848678315412186 0.885472670250896 0.1848678315412186 0.8900649641577061 0.1899081541218638 0.8876008064516128 0.19595654121863798 0.8848006272401434 0.1977486559139785
0 0.9758771929824562 0.2334155701754386 0.974643640350877 0.22724780701754388 0.9809484649122805 0.22286184210526316 0.9879385964912282 0.22574013157894735 0.9882127192982455 0.23560855263157895 0.9804002192982455 0.2364309210526316
0 0.7536365877712031 0.2193663708086785 0.7515409270216964 0.21381903353057202 0.7538831360946746 0.20938116370808682 0.7589373767258383 0.20876479289940827 0.7617726824457595 0.2119699211045365 0.7626356015779093 0.2177638067061144 0.7562253451676529 0.22096893491124261
0 0.7869206114398422 0.20408037475345167 0.7834689349112426 0.19545118343195264 0.7843318540433925 0.18608234714003946 0.7987549309664694 0.18361686390532544 0.8047953648915186 0.19101331360946744 0.8056582840236687 0.19951923076923075 0.7993713017751478 0.20605276134122288
0 0.8257519723865878 0.17819280078895464 0.8223002958579881 0.17215236686390537 0.8253821499013806 0.1637697238658777 0.8341346153846153 0.162413708086785 0.8401750493096646 0.1682075936883629 0.8388190335305721 0.17659023668639057 0.8321622287968442 0.18041173570019722
0 0.8844304733727811 0.13726577909270218 0.8822115384615384 0.12814349112426038 0.8897312623274161 0.12234960552268245 0.8974975345167654 0.12493836291913217 0.9002095660749506 0.13159516765285995 0.8962647928994083 0.13775887573964496 0.8886217948717948 0.14158037475345167
0 0.9055103550295858 0.12851331360946747 0.9032914201183432 0.12432199211045365 0.9045241617357003 0.11889792899408284 0.9098249506903354 0.11741863905325445 0.9147559171597633 0.12013067061143985 0.9156188362919132 0.12432199211045365 0.9132766272189349 0.13048570019723868
0 0.9278229783037475 0.11951429980276133 0.9216592702169625 0.11088510848126233 0.9238782051282052 0.1008999013806706 0.9325073964497042 0.0967085798816568 0.9427391518737672 0.09991370808678501 0.9466839250493095 0.10804980276134121 0.9432322485207101 0.11741863905325445 0.9326306706114398 0.12160996055226825
0 0.8618713017751478 0.11211785009861934 0.856447238658777 0.10644723865877713 0.8558308678500987 0.0969551282051282 0.8632273175542405 0.0907914201183432 0.8750616370808677 0.09128451676528601 0.879499506903353 0.10237919132149903 0.8748150887573964 0.11224112426035504 0.8660626232741617 0.11409023668639054
0 0.8944156804733728 0.0910379684418146 0.8891148915187377 0.08203895463510849 0.8940458579881656 0.07254684418145957 0.9010724852071005 0.06884861932938856 0.9111809664694279 0.07291666666666667 0.914509368836292 0.0829018737672584 0.9085922090729783 0.0926405325443787
0 0.7418981481481481 0.1749465811965812 0.7401175213675214 0.1694266381766382 0.7435897435897436 0.16550925925925924 0.74866452991453 0.1660434472934473 0.7519586894586896 0.17049501424501423 0.7487535612535613 0.176727207977208
0 0.9369897959183673 0.1474489795918367 0.9323979591836735 0.1470238095238095 0.9294217687074829 0.1454081632653061 0.9281462585034014 0.1421768707482993 0.9289115646258504 0.13911564625850337 0.9296768707482992 0.13758503401360542 0.9338435374149658 0.13639455782312923 0.9375850340136054 0.13732993197278912 0.9392857142857143 0.14064625850340134 0.9397108843537414 0.14430272108843534
