0 0.33984375 0.6809895833333335 0.351707175925926 0.687644675925926 0.35431134259259267 0.6983506944444445 0.3482349537037037 0.7081886574074074 0.3369502314814815 0.709056712962963 0.32711226851851855 0.7024016203703703 0.32826967592592593 0.6870659722222223
0 0.27907986111111116 0.662181712962963 0.2651909722222222 0.664207175925926 0.26027199074074076 0.6757812500000001 0.2666377314814815 0.6882233796296298 0.27936921296296297 0.689670138888889 0.2874710648148149 0.6824363425925927 0.2886284722222222 0.6702835648148149
0 0.2541956018518519 0.6480034722222223 0.23654513888888887 0.6497395833333335 0.23162615740740744 0.6618923611111112 0.23625578703703703 0.6723090277777778 0.24811921296296297 0.6757812500000001 0.25998263888888884 0.6702835648148149 0.2588252314814815 0.6592881944444445
0 0.3395543981481482 0.6474247685185186 0.349681712962963 0.6540798611111112 0.3450520833333333 0.6673900462962964 0.3346354166666667 0.6682581018518519 0.3276909722222222 0.6633391203703703 0.33000578703703703 0.6520543981481481
0 0.31409143518518523 0.6491608796296298 0.30280671296296297 0.6555266203703703 0.30193865740740744 0.6668113425925927 0.3094618055555555 0.672019675925926 0.31843171296296297 0.6705729166666667 0.3233506944444445 0.662181712962963 0.32248263888888884 0.654369212962963
0 0.2730034722222222 0.6228298611111112 0.2640335648148149 0.6332465277777778 0.26779513888888884 0.6445312500000001 0.27734375 0.6456886574074074 0.2857349537037037 0.6413483796296298 0.2842881944444445 0.627170138888889
0 0.30975115740740744 0.6150173611111112 0.29875578703703703 0.6199363425925927 0.2973090277777778 0.6289062500000001 0.30280671296296297 0.634982638888889 0.31148726851851855 0.6370081018518519 0.31814236111111116 0.6306423611111112 0.31785300925925924 0.6199363425925927
0 0.3323206018518519 0.611545138888889 0.34129050925925924 0.6135706018518519 0.34563078703703703 0.6239872685185186 0.33810763888888884 0.632957175925926 0.3276909722222222 0.6303530092592593 0.32277199074074076 0.62109375
0 0.27126736111111116 0.5982349537037037 0.2620081018518519 0.6028645833333334 0.26287615740740744 0.6150173611111112 0.2703993055555555 0.6182002314814815 0.2805266203703704 0.6147280092592593 0.2816840277777778 0.6046006944444445
0 0.3094618055555555 0.507957175925926 0.32421875 0.5146122685185186 0.3213252314814815 0.531394675925926 0.30859375 0.5360243055555556 0.29904513888888884 0.5305266203703703 0.2973090277777778 0.5163483796296298
0 0.28891782407407407 0.5438368055555556 0.2779224537037037 0.5539641203703703 0.27879050925925924 0.5678530092592593 0.29123263888888884 0.5745081018518519 0.30193865740740744 0.5701678240740741 0.3059895833333333 0.5609085648148149 0.3016493055555555 0.5493344907407408
0 0.31929976851851855 0.5421006944444445 0.33087384259259256 0.5444155092592593 0.33608217592592593 0.5542534722222223 0.3294270833333333 0.5681423611111112 0.31524884259259256 0.568431712962963 0.3091724537037037 0.5603298611111112 0.31032986111111116 0.5473090277777778
0 0.30367476851851855 0.5855034722222223 0.2935474537037037 0.5912905092592593 0.2938368055555555 0.601707175925926 0.3004918981481482 0.6072048611111112 0.3109085648148149 0.6046006944444445 0.31409143518518523 0.5970775462962964 0.3111979166666667 0.588107638888889
0 0.3317418981481482 0.5823206018518519 0.3401331018518519 0.586082175925926 0.3407118055555555 0.5979456018518519 0.33347800925925924 0.603732638888889 0.3239293981481482 0.6014178240740741 0.3213252314814815 0.5944733796296298 0.3233506944444445 0.5849247685185186
0 0.5462009803921569 0.4996323529411765 0.539093137254902 0.5067401960784313 0.539093137254902 0.5160539215686274 0.5464460784313726 0.5212009803921569 0.5560049019607843 0.5197303921568628 0.5596813725490196 0.510171568627451 0.5537990196078432 0.5011029411764706
0 0.56875 0.4993872549019608 0.5787990196078432 0.5015931372549021 0.5807598039215687 0.510171568627451 0.5743872549019607 0.5175245098039216 0.5655637254901962 0.5145833333333333 0.563357843137255 0.5055147058823529
0 0.5006127450980392 0.47438725490196076 0.5145833333333333 0.47536764705882356 0.5145833333333333 0.48909313725490206 0.5072303921568628 0.4932598039215687 0.4991421568627451 0.49031862745098037 0.4979166666666667 0.4822303921568628
0 0.33946078431372545 0.4873366013071895 0.3321078431372549 0.4873366013071895 0.32598039215686275 0.491421568627451 0.3261846405228758 0.5012254901960784 0.3319035947712418 0.5055147058823529 0.34048202614379086 0.5061274509803921 0.34517973856209155 0.5004084967320261 0.3455882352941177 0.49203431372549017
0 0.35866013071895425 0.46670751633986923 0.34946895424836605 0.4650735294117647 0.3431372549019608 0.4699754901960784 0.34232026143790845 0.4785539215686274 0.3472222222222222 0.4846813725490196 0.3553921568627451 0.4852941176470588 0.3604983660130719 0.4816176470588235 0.3627450980392157 0.4746732026143791
0 0.4170751633986928 0.47406045751633985 0.4117647058823529 0.471813725490196 0.40604575163398693 0.4742647058823529 0.4050245098039216 0.4803921568627451 0.40890522875816987 0.4838643790849673 0.4142156862745098 0.48447712418300654 0.4180964052287582 0.47998366013071897
0 0.36540032679738566 0.5155228758169934 0.36111111111111116 0.5191993464052287 0.360702614379085 0.5236928104575163 0.3658088235294118 0.5277777777777778 0.3725490196078431 0.5267565359477124 0.37397875816993464 0.5179738562091503
0 0.3578431372549019 0.5575980392156863 0.35273692810457513 0.5606617647058824 0.35253267973856206 0.5667892156862745 0.35763888888888884 0.5708741830065359 0.3639705882352941 0.5688316993464052 0.36621732026143794 0.5625 0.3627450980392157 0.5578022875816994
0 0.3737745098039216 0.5563725490196079 0.37888071895424835 0.5575980392156863 0.38153594771241833 0.5616830065359477 0.38031045751633985 0.5674019607843137 0.3731617647058823 0.5688316993464052 0.3690767973856209 0.5657679738562091 0.36866830065359474 0.5596405228758169
0 0.3903186274509804 0.554330065359477 0.38500816993464054 0.5582107843137255 0.38562091503267976 0.5635212418300654 0.38991013071895425 0.5661764705882353 0.3952205882352941 0.5641339869281046 0.3960375816993464 0.5571895424836601
0 0.4050245098039216 0.5533088235294118 0.40951797385620914 0.5559640522875817 0.41013071895424835 0.5618872549019608 0.40522875816993464 0.5637254901960784 0.40053104575163395 0.5610702614379085 0.4001225490196078 0.5561683006535948
0 0.4995629370629371 0.458041958041958 0.49184149184149184 0.4558566433566434 0.48470279720279724 0.4597902097902098 0.4842657342657343 0.46707459207459207 0.48951048951048953 0.4727564102564103 0.4970862470862471 0.4723193473193474 0.5014568764568764 0.46620046620046623
0 0.5055361305361306 0.4408508158508159 0.5005827505827506 0.44755244755244755 0.5030594405594406 0.4555652680652681 0.5103438228438228 0.4592074592074592 0.5170454545454546 0.4578962703962704 0.521416083916084 0.44959207459207456 0.5158799533799534 0.4399766899766899
0 0.46969696969696967 0.42948717948717946 0.46853146853146854 0.4358974358974359 0.4714452214452215 0.4411421911421912 0.4777097902097902 0.44128787878787884 0.48208041958041964 0.4360431235431236 0.479020979020979 0.42919580419580416
0 0.4476981351981352 0.41987179487179493 0.4549825174825175 0.4178321678321678 0.4603729603729603 0.42307692307692313 0.4586247086247086 0.4307983682983684 0.45046620046620056 0.4328379953379954 0.44551282051282054 0.42803030303030304
0 0.42963286713286714 0.4128787878787879 0.42788461538461536 0.4223484848484849 0.4322552447552448 0.42686480186480186 0.4398310023310023 0.42657342657342656 0.44332750582750585 0.42060023310023315 0.4399766899766899 0.4125874125874126
0 0.42963286713286714 0.4414335664335665 0.42773892773892774 0.44551282051282054 0.42919580419580416 0.45177738927738936 0.4350233100233101 0.4542540792540793 0.440413752913753 0.45177738927738936 0.44201631701631705 0.44478438228438233 0.4358974358974359 0.4392482517482517
0 0.5072843822843823 0.40836247086247085 0.5002913752913752 0.40763403263403264 0.4960664335664336 0.4117132867132868 0.4969405594405595 0.4176864801864802 0.5026223776223777 0.42030885780885785 0.5068473193473194 0.418560606060606 0.5096153846153846 0.41331585081585087
0 0.45918021680216803 0.47679539295392953 0.45613143631436315 0.48153794037940373 0.4585027100271002 0.48797425474254735 0.46510840108401086 0.49000677506775064 0.46985094850948506 0.48763550135501355 0.47239159891598914 0.4801829268292682 0.46578590785907853 0.47476287262872624
0 0.4463075880758807 0.4869579945799458 0.44410569105691056 0.4932249322493225 0.44766260162601623 0.4979674796747967 0.4532520325203252 0.4986449864498645 0.4568089430894309 0.4950880758807588 0.45426829268292684 0.4866192411924119
0 0.4788279132791327 0.49136178861788615 0.47188346883468835 0.4901761517615176 0.46697154471544716 0.4947493224932249 0.46832655826558267 0.5 0.47289972899729 0.5028794037940378 0.4776422764227642 0.5013550135501355 0.481029810298103 0.4967818428184282
0 0.4568089430894309 0.5001693766937669 0.45426829268292684 0.5060975609756097 0.45748644986449866 0.5115176151761517 0.4639227642276422 0.5115176151761517 0.4676490514905149 0.5060975609756097 0.46358401084010836 0.499830623306233
0 0.47815040650406504 0.5218495934959348 0.47493224932249317 0.5171070460704607 0.4681571815718157 0.5177845528455284 0.4662940379403794 0.5228658536585366 0.46985094850948506 0.527269647696477 0.475440379403794 0.5265921409214092
0 0.4903455284552845 0.5091463414634146 0.48628048780487804 0.5062669376693767 0.481029810298103 0.5089769647696477 0.4805216802168022 0.5147357723577235 0.4844173441734417 0.5172764227642277 0.49000677506775064 0.5150745257452574
0 0.5262533875338753 0.5057588075880759 0.5188008130081301 0.502540650406504 0.513550135501355 0.5055894308943089 0.5138888888888888 0.5111788617886178 0.5169376693766937 0.5154132791327913 0.5245596205962059 0.5138888888888888
0 0.5399728997289972 0.48323170731707316 0.5357384823848238 0.48611111111111105 0.5348915989159891 0.49136178861788615 0.5382791327913279 0.4950880758807588 0.5443766937669376 0.49576558265582654 0.5477642276422764 0.49220867208672087 0.546239837398374 0.48424796747967475
0 0.5558943089430893 0.48119918699186986 0.5508130081300813 0.4856029810298103 0.5508130081300813 0.49153116531165303 0.5560636856368564 0.494579945799458 0.562161246612466 0.49220867208672087 0.5628387533875339 0.4844173441734417
0 0.4581386292834891 0.43925233644859807 0.45560747663551393 0.4456775700934579 0.45911214953271023 0.4501557632398754 0.46378504672897186 0.4507398753894081 0.46865264797507783 0.44587227414330216 0.4661214953271028 0.43925233644859807
0 0.3672086720867209 0.6243224932249322 0.36280487804878053 0.627540650406504 0.36212737127371275 0.6324525745257452 0.36534552845528456 0.635840108401084 0.3712737127371274 0.6363482384823849 0.3739837398373984 0.6321138211382114 0.37330623306233063 0.6263550135501355
0 0.38245257452574527 0.621951219512195 0.38939701897018975 0.6233062330623306 0.3904132791327914 0.6299119241192411 0.38634823848238486 0.6346544715447154 0.37974254742547425 0.6343157181571816 0.3773712737127371 0.6270325203252032
0 0.39888211382113825 0.6202574525745257 0.39312330623306235 0.6238143631436314 0.3934620596205962 0.6297425474254742 0.3978658536585366 0.6327913279132792 0.4046409214092141 0.6317750677506775 0.4059959349593496 0.6239837398373983
0 0.415819783197832 0.6182249322493225 0.4098915989159892 0.6216124661246613 0.4095528455284553 0.6272018970189702 0.4126016260162602 0.630250677506775 0.4193766937669377 0.630250677506775 0.4222560975609756 0.6231368563685636
0 0.41226287262872624 0.5973915989159891 0.40718157181571824 0.6019647696476965 0.40718157181571824 0.6082317073170732 0.41209349593495936 0.6102642276422764 0.4186991869918699 0.6092479674796748 0.41819105691056907 0.600440379403794
0 0.39583333333333337 0.5990853658536586 0.3914295392953929 0.6043360433604336 0.3919376693766938 0.6100948509485095 0.39735772357723576 0.6124661246612465 0.4024390243902439 0.6099254742547425 0.4029471544715447 0.602981029810298
0 0.3795731707317074 0.6019647696476965 0.3753387533875339 0.6053523035230352 0.3756775067750677 0.6107723577235772 0.3802506775067751 0.6143292682926829 0.3853319783197832 0.6136517615176151 0.38804200542005424 0.6090785907859079 0.38634823848238486 0.6038279132791328
0 0.36754742547425473 0.6019647696476965 0.3611111111111111 0.6045054200542005 0.35924796747967475 0.6117886178861789 0.36229674796747974 0.6153455284552846 0.3685636856368564 0.6161924119241192 0.37228997289972904 0.6131436314363143 0.37161246612466126 0.6055216802168022
0 0.3600948509485095 0.5757113821138211 0.3550135501355014 0.5785907859078591 0.35399728997289975 0.5836720867208672 0.3584010840108401 0.5875677506775067 0.3636517615176152 0.5862127371273712 0.36483739837398377 0.5797764227642277
0 0.37347560975609756 0.5743563685636857 0.36873306233062336 0.576050135501355 0.36737804878048785 0.5813008130081301 0.3694105691056911 0.5850271002710027 0.3743224932249323 0.5855352303523035 0.3790650406504065 0.5819783197831978 0.3775406504065041 0.5768970189701896
0 0.5885675787728026 0.5353959369817579 0.5844216417910448 0.5387126865671642 0.5843179933665008 0.5432732172470979 0.5879456882255389 0.5459680762852405 0.5927135157545605 0.5450352404643449 0.5942682421227197 0.5417184908789388 0.5930244610281924 0.5374689054726368
0 0.6019382255389718 0.5343594527363184 0.5975849917081261 0.5363287728026533 0.5968594527363184 0.540992951907131 0.6003834991708126 0.5447242951907131 0.6047367330016584 0.5441024046434494 0.607431592039801 0.540992951907131 0.6066024046434494 0.5364324212271974
0 0.6129249585406302 0.5328047263681592 0.6090899668325042 0.5357068822553898 0.6087790215588723 0.5394382255389719 0.611370232172471 0.5433768656716418 0.6159307628524047 0.5433768656716418 0.6189365671641791 0.540992951907131 0.6183146766169154 0.5347740464344942
0 0.6236007462686568 0.5321828358208955 0.6205949419568823 0.5356032338308458 0.6208022388059701 0.5401637645107794 0.62525912106136 0.5424440298507462 0.6294050580431177 0.5410966003316751 0.6306488391376451 0.5377798507462687 0.6290941127694859 0.5325974295190713
0 0.4920444139194139 0.5174565018315018 0.48872481684981683 0.5200892857142857 0.48883928571428575 0.524896978021978 0.4942193223443223 0.5252403846153846 0.4967376373626374 0.5216918498168498 0.49559294871794873 0.5184867216117216
0 0.49490613553113555 0.5111607142857143 0.4993704212454212 0.5100160256410257 0.5023466117216118 0.5137934981684982 0.5002861721611722 0.517342032967033 0.49616529304029305 0.517342032967033 0.49399038461538464 0.5151671245421245
0 0.4119005503144654 0.5196049528301886 0.408559355345912 0.5219634433962264 0.4074783805031446 0.5262873427672955 0.40964033018867924 0.5294319968553459 0.4139642295597484 0.5300216194968553 0.41661753144654085 0.5271717767295597 0.41691234276729555 0.5224547955974843
0 0.4209414308176101 0.5293337264150944 0.4164209905660377 0.5283510220125787 0.4119005503144654 0.5306112421383647 0.4122936320754717 0.5355247641509434 0.4152417452830189 0.5379815251572326 0.42025353773584906 0.5369988207547169 0.42212067610062887 0.5336576257861635
0 0.6435185185185185 0.5250544662309368 0.6398420479302832 0.5288671023965141 0.6409313725490197 0.5333605664488017 0.6452886710239651 0.534449891067538 0.6485566448801743 0.5322712418300654 0.647875816993464 0.5265522875816994
0 0.6533224400871459 0.5246459694989106 0.6496459694989106 0.5262799564270153 0.6493736383442266 0.5300925925925926 0.6526416122004357 0.5333605664488017 0.6571350762527234 0.5326797385620915 0.6580882352941176 0.5265522875816994
0 0.6636710239651415 0.5302287581699346 0.6582244008714596 0.5318627450980392 0.6567265795206971 0.5362200435729847 0.6604030501089324 0.5396241830065359 0.664760348583878 0.5394880174291938 0.6668028322440087 0.534177559912854
0 0.6387527233115468 0.5490196078431372 0.6346677559912854 0.5516067538126361 0.63630174291939 0.5555555555555555 0.6409313725490197 0.5574618736383442 0.6435185185185185 0.5552832244008714 0.642020697167756 0.5498366013071895
0 0.6459694989106753 0.5484749455337691 0.6435185185185185 0.5503812636165577 0.6451525054466231 0.5544662309368191 0.6481481481481481 0.5558278867102396 0.6512799564270153 0.5544662309368191 0.6514161220043573 0.5491557734204793
0 0.6549564270152505 0.5472494553376906 0.6523692810457516 0.5497004357298475 0.6529139433551198 0.5531045751633987 0.6559095860566448 0.554330065359477 0.6589052287581699 0.5532407407407408 0.6601307189542484 0.5484749455337691
0 0.6642156862745098 0.5461601307189542 0.661628540305011 0.548338779956427 0.6614923747276689 0.5509259259259259 0.6643518518518519 0.5537854030501089 0.6691176470588235 0.5518790849673203 0.6684368191721132 0.5475217864923747
0 0.5124269005847953 0.32675438596491235 0.5052997076023392 0.32949561403508776 0.5045687134502924 0.3362573099415205 0.5089546783625731 0.3410087719298246 0.5146198830409358 0.341374269005848 0.5201023391812866 0.33644005847953223 0.5195540935672515 0.33040935672514626
0 0.526498538011696 0.3342470760233919 0.5211988304093568 0.3380847953216375 0.5202850877192983 0.34411549707602346 0.5241228070175439 0.3488669590643276 0.5316154970760235 0.3495979532163743 0.5358187134502924 0.3433845029239766 0.533077485380117 0.33644005847953223
0 0.5104166666666666 0.3433845029239766 0.5065789473684211 0.3481359649122807 0.5065789473684211 0.3552631578947369 0.511513157894737 0.3583698830409357 0.5190058479532165 0.35745614035087725 0.5213815789473685 0.3506944444444445 0.5166301169590644 0.34429824561403516
0 0.5365497076023392 0.3525219298245615 0.5319809941520468 0.3569078947368422 0.5334429824561404 0.36366959064327486 0.5398391812865497 0.36440058479532167 0.5447733918128655 0.36092836257309946 0.5422149122807018 0.353983918128655
0 0.5394736842105264 0.3664108187134503 0.5358187134502924 0.3697002923976609 0.5380116959064328 0.37591374269005856 0.545138888888889 0.3762792397660819 0.5484283625730995 0.3717105263157895 0.5466008771929824 0.36494883040935683
0 0.5118786549707602 0.36750730994152053 0.5102339181286549 0.37372076023391815 0.5135233918128655 0.376827485380117 0.5188230994152048 0.37518274853801176 0.5201023391812866 0.37134502923976614 0.5166301169590644 0.366593567251462
0 0.5239400584795323 0.3715277777777778 0.5210160818713451 0.37536549707602346 0.5243055555555556 0.3799342105263158 0.5296052631578948 0.37902046783625737 0.5314327485380117 0.37426900584795325 0.5281432748538012 0.37116228070175444
0 0.5124269005847953 0.37865497076023397 0.5109649122807018 0.3826754385964912 0.5133406432748538 0.38614766081871355 0.5186403508771931 0.3865131578947369 0.5217470760233919 0.3830409356725147 0.5184576023391813 0.3782894736842106
0 0.5455043859649124 0.40095029239766083 0.5423976608187135 0.4027777777777778 0.5423976608187135 0.4062500000000001 0.5455043859649124 0.4089912280701755 0.5508040935672515 0.408077485380117 0.5502558479532165 0.40204678362573104
0 0.46073717948717946 0.3954326923076923 0.4585336538461538 0.40144230769230765 0.46173878205128205 0.4052483974358974 0.4667467948717948 0.40444711538461536 0.46915064102564097 0.40084134615384615 0.4665464743589743 0.3960336538461538
0 0.15479559748427676 0.4963836477987422 0.15361635220125786 0.4948506289308176 0.1533805031446541 0.4927672955974843 0.1543238993710692 0.49060534591194976 0.15585691823899372 0.4892295597484277 0.15892295597484277 0.48887578616352206 0.16116352201257864 0.49017295597484273 0.1619496855345912 0.49213836477987416 0.16179245283018867 0.4947720125786164 0.16025943396226414 0.4968946540880502 0.1587264150943396 0.4976022012578617 0.15656446540880503 0.49748427672955986
0 0.16705974842767296 0.49469339622641506 0.16595911949685535 0.4932389937106918 0.16521226415094342 0.49127358490566037 0.1657625786163522 0.4894654088050315 0.1667059748427673 0.4880503144654089 0.1691430817610063 0.48679245283018874 0.1715801886792453 0.4874606918238993 0.173624213836478 0.4897798742138364 0.1735062893081761 0.49229559748427676 0.17236635220125787 0.4943789308176101 0.1702437106918239 0.49536163522012583 0.16827830188679244 0.4953223270440251
0 0.15775823184483537 0.5038340099233198 0.1593933243121335 0.503213802435724 0.1618459630130807 0.5034111411817772 0.1633682904826342 0.5047079386558412 0.1641294542174109 0.5067658998646819 0.16407307171853855 0.5093031123139378 0.16263531799729364 0.5109100135317998 0.16077469553450607 0.5118121335137573 0.15843482183130358 0.5114738385205232 0.15654600811907982 0.5102898060442038 0.15595399188092018 0.5082882273342354 0.15581303563373927 0.50611750112765 0.15651781686964364 0.5050462336490752
0 0.16761262464387464 0.5031494836182336 0.16819132834757836 0.5010572471509971 0.16946002492877496 0.49963274572649574 0.17217548076923078 0.4989427528490029 0.1744235220797721 0.4997440349002849 0.17569221866096865 0.5019030448717948 0.17580350783475782 0.5043514066951567 0.17453481125356127 0.5064659009971509 0.173088051994302 0.5073784722222222 0.17037259615384615 0.5072449252136753 0.1688145477207977 0.5057313924501424 0.16796875000000003 0.504440438034188
0 0.17671875 0.4647395833333333 0.17421875 0.46265625 0.17239583333333333 0.4596875 0.17223958333333333 0.4565625 0.17348958333333334 0.4540104166666667 0.17588541666666666 0.4521354166666667 0.17822916666666666 0.4518229166666667 0.18192708333333332 0.45260416666666664 0.18401041666666668 0.4544270833333333 0.18515625 0.4580208333333333 0.18463541666666666 0.4611458333333333 0.18203125 0.4636458333333333 0.17942708333333332 0.4647395833333333
0 0.1853125 0.4764583333333333 0.18296875 0.47515625 0.18135416666666668 0.4715625 0.1825 0.4665625 0.18473958333333335 0.4647395833333333 0.18973958333333332 0.46390625 0.191875 0.4653125 0.19375 0.46802083333333333 0.19463541666666667 0.4703645833333333 0.19411458333333334 0.4739583333333333 0.19166666666666668 0.4763541666666667 0.18869791666666666 0.47708333333333336
0 0.18880208333333334 0.45484375 0.18666666666666668 0.45380208333333333 0.1846875 0.45078125 0.18427083333333333 0.44744791666666667 0.1859375 0.44395833333333334 0.189375 0.4421875 0.19265625 0.44333333333333336 0.19572916666666668 0.44583333333333336 0.19651041666666666 0.44958333333333333 0.19578125 0.45260416666666664 0.19333333333333333 0.45453125
0 0.19380208333333335 0.46161458333333333 0.19364583333333332 0.4591145833333333 0.19515625 0.45619791666666665 0.19791666666666666 0.45453125 0.20255208333333333 0.4549479166666667 0.205625 0.4580208333333333 0.20630208333333333 0.46203125 0.20473958333333334 0.465625 0.20208333333333334 0.46697916666666667 0.19833333333333333 0.4675 0.19546875 0.4658333333333333
0 0.07132552613713508 0.3095723014256619 0.07191955193482688 0.30685675492192804 0.07408350305498981 0.3060081466395112 0.07658689748811948 0.30588085539714865 0.07858112695179904 0.3076205023761032 0.07904786150712831 0.3094874405974202 0.07828411405295314 0.3117786829599457 0.0773082145281738 0.3127121520706042 0.07565342837746095 0.3134334691106585 0.07344704684317718 0.31279701289884587 0.07213170400543109 0.31186354378818737
0 0.08231500339443311 0.31186354378818737 0.08172097759674134 0.31029361846571624 0.08172097759674134 0.3082993890020367 0.08324847250509164 0.30660217243720295 0.08498811948404617 0.3061778682959946 0.087449083503055 0.3068143245078072 0.08863713509843855 0.30817209775967414 0.08910386965376782 0.309826883910387 0.08876442634080108 0.31182111337406654 0.08727936184657162 0.31334860828241684 0.08490325865580449 0.3136456211812627
0 0.0952260458839407 0.2726045883940621 0.09539473684210535 0.26969466936572206 0.09725033738191641 0.26745951417004055 0.10053981106612693 0.26648954116059387 0.10273279352226727 0.26682692307692313 0.10522098515519576 0.26931511470985164 0.10543184885290155 0.2722250337381917 0.10404014844804325 0.27534581646423756 0.10172064777327942 0.27602058029689613 0.09851551956815122 0.27656882591093124 0.09657557354925783 0.2750084345479083
0 0.3691395663956639 0.6580284552845528 0.3691395663956639 0.6601287262872627 0.36852981029810294 0.662161246612466 0.36656504065040646 0.663211382113821 0.36422764227642274 0.6630758807588075 0.3622967479674796 0.6619579945799458 0.36144986449864497 0.6605352303523034 0.3614159891598916 0.6584349593495934 0.3626016260162601 0.6562330623306232 0.3644308943089431 0.6551151761517614 0.3663956639566396 0.6553523035230352 0.36890243902439024 0.6569783197831978
0 0.3777439024390244 0.6617547425474254 0.3759485094850948 0.6619579945799458 0.37364498644986444 0.6610433604336042 0.3726287262872629 0.6593834688346882 0.3725609756097561 0.6565379403794037 0.3738143631436314 0.6550135501355012 0.3756436314363144 0.6541666666666666 0.37835365853658537 0.6542682926829267 0.37981029810298106 0.6555894308943089 0.3805555555555556 0.6578929539295392 0.3801490514905149 0.6602981029810298 0.37838753387533874 0.6616531165311652
0 0.3747056514913658 0.697704081632653 0.3751635269492412 0.6993066457352171 0.3751635269492412 0.700876504447933 0.3742804814233386 0.7022174254317112 0.3730703819989534 0.7028715332286761 0.37120617477760337 0.7028715332286761 0.3697998430141287 0.7019557823129251 0.36875327053898477 0.7004513343799058 0.3685897435897436 0.6989141810570381 0.3694073783359498 0.6972135007849293 0.3714024071166928 0.6961996336996337 0.37359366823652534 0.6966575091575091
0 0.3831043462643679 0.696367636494253 0.38144306752873564 0.6960533405172414 0.3799613864942529 0.6947063577586208 0.37955729166666674 0.6929552801724138 0.38005118534482757 0.6908899066091955 0.38153286637931033 0.6898123204022989 0.38355334051724144 0.6895878232758621 0.3852146192528736 0.6906654094827587 0.3863820043103448 0.692461386494253 0.38602280890804597 0.6948859554597702 0.38476562500000006 0.696008441091954
0 0.3916458333333333 0.6954791666666666 0.39339583333333333 0.6950208333333333 0.3953958333333333 0.6961458333333334 0.39629166666666665 0.6976666666666667 0.3960208333333333 0.6998125 0.395375 0.700625 0.39356250000000004 0.701375 0.3918958333333334 0.701375 0.39062500000000006 0.7005416666666666 0.38985416666666667 0.6992708333333333 0.3899166666666667 0.6978541666666667 0.39037499999999997 0.6967708333333333
0 0.3824685534591195 0.6861897274633123 0.38124563242487775 0.6849668064290706 0.38024109014675056 0.6832197763801537 0.38063417190775684 0.6812106918238994 0.3821628232005591 0.6792889587700909 0.3844776380153739 0.6783280922431866 0.387185534591195 0.6796820405310972 0.38805904961565346 0.6819968553459119 0.38805904961565346 0.6846174004192872 0.38600628930817615 0.6864081062194269 0.3841719077568135 0.6866264849755416
0 0.3915531097134871 0.6920859538784067 0.39002445842068484 0.6912561146051712 0.38871418588399725 0.6904262753319357 0.38853948287910556 0.6890723270440251 0.3886705101327743 0.6872816212438854 0.3901554856743536 0.685840321453529 0.3925576519916143 0.6855345911949685 0.394916142557652 0.6871069182389937 0.3953529000698813 0.6888539482879106 0.3950034940600978 0.6915181691125087 0.3940863032844165 0.6921733053808525 0.39212089447938503 0.6922169811320754
0 0.3865805400372439 0.5002909683426444 0.3849511173184357 0.5002327746741155 0.3838454376163873 0.5 0.3814013035381751 0.4988943202979516 0.38064478584729977 0.4956354748603352 0.38116852886405955 0.49290037243947865 0.38367085661080075 0.49115456238361266 0.3864641527001862 0.4906308193668529 0.3892574487895717 0.49162011173184356 0.39036312849162014 0.49400605214152704 0.39082867783985104 0.4967993482309125 0.3897811918063315 0.4986033519553073
0 0.5209183673469387 0.3990221088435374 0.5196853741496599 0.39795918367346933 0.5189625850340136 0.39630102040816323 0.519515306122449 0.394812925170068 0.5213860544217687 0.39366496598639455 0.523171768707483 0.39366496598639455 0.5247874149659864 0.3949404761904762 0.525 0.3968962585034014 0.5244897959183674 0.39795918367346933 0.5232993197278911 0.39889455782312916 0.5222363945578231 0.39919217687074826
0 0.5446510036496351 0.39186055352798055 0.5464378041362531 0.3916704683698297 0.5481485705596107 0.3926589111922142 0.549098996350365 0.39490191605839425 0.5484907238442823 0.3971829379562044 0.5461336678832117 0.39862758515815094 0.5434724756690998 0.3975250912408759 0.5426741180048662 0.3963845802919709 0.542407998783455 0.3948258819951338 0.5432443734793188 0.39303908150851585
0 0.5440427311435524 0.38916134428223853 0.5426361009732361 0.3888952250608273 0.5416096411192214 0.38737454379562053 0.5417617092457422 0.38516955596107055 0.5423699817518248 0.3841811131386862 0.5440047141119222 0.3831926703163018 0.5460956508515815 0.3834968065693431 0.5475022810218978 0.38482740267639914 0.5480345194647203 0.38669023722627743 0.5468179744525548 0.38874315693430667 0.5454493613138687 0.38931341240875916
0 0.558407282741738 0.39627957976336187 0.5590702774377805 0.397172072623419 0.5590192778457773 0.39860006119951036 0.5581267849857201 0.3999260505915953 0.5566987964096287 0.4003850469196247 0.5555258057935537 0.3998495512035904 0.5544803141574868 0.3991355569155447 0.5543528151774786 0.39729957160342716 0.5547608119135047 0.39625407996736023 0.5556533047735619 0.3955400856793146 0.5573617911056711 0.3957695838433293
0 0.554454814361485 0.39089912280701755 0.555219808241534 0.39013412892696864 0.5563417992656059 0.3898536311709506 0.5574892900856793 0.3903891268869849 0.5583817829457364 0.39156211750305997 0.5581522847817217 0.39293910648714814 0.5573617911056711 0.3936021011831905 0.5561633006935944 0.3941630966952264 0.5544803141574868 0.3933981028151775 0.5538683190534476 0.39222511219910233 0.5543528151774786 0.3913326193390453
0 0.5537918196654427 0.3847536719706242 0.5551433088535291 0.3839886780905753 0.556749796001632 0.38460067319461444 0.5575912892696858 0.3858246634026927 0.5574382904936761 0.3872016523867809 0.5564182986536107 0.38811964504283963 0.5549393104855161 0.3882981436148511 0.5538683190534476 0.3878646470828233 0.5532563239494084 0.38715065279477767 0.5531543247654018 0.3862071603427173 0.5532053243574052 0.3854931660546716
0 0.5483858629130967 0.3837846797225622 0.5493038555691554 0.38207619339045285 0.5508083435332517 0.3812092003263974 0.5527208282333741 0.38215269277845776 0.5532053243574052 0.3836826805385557 0.5524658302733578 0.3852891676866585 0.5509868421052632 0.3857736638106895 0.5494313545491636 0.38559516523867815 0.5484623623011016 0.38437117503059975
0 0.5541998164014688 0.3825351897184822 0.5533328233374133 0.3818211954304365 0.5531543247654018 0.3806992044063647 0.5537153202774378 0.3792457160342717 0.5552453080375357 0.37855722154222765 0.5571067931456548 0.37886321909424725 0.5578972868217055 0.38013820889432887 0.5576932884536924 0.3817701958384333 0.5566222970216238 0.3827136882904937 0.555500305997552 0.3830451856385149
0 0.5732487922705314 0.41310386473429955 0.5739130434782609 0.4114734299516908 0.5765700483091787 0.41026570048309174 0.5792270531400966 0.41080917874396133 0.5804347826086956 0.4135265700483091 0.5793478260869565 0.416183574879227 0.5765096618357487 0.4169685990338164 0.5744565217391303 0.4160024154589371 0.5731280193236714 0.41503623188405797
0 0.5835144927536231 0.41564009661835744 0.5822463768115942 0.41455314009661837 0.5816425120772946 0.41256038647342996 0.5821859903381642 0.4108695652173913 0.5841183574879226 0.4096618357487922 0.5864734299516907 0.40978260869565214 0.5881642512077294 0.4115942028985507 0.5877415458937197 0.4135265700483091 0.5864130434782608 0.4151570048309179 0.584903381642512 0.41557971014492756
0 0.577355072463768 0.407427536231884 0.5763888888888888 0.40555555555555556 0.5767512077294685 0.40362318840579714 0.5779589371980676 0.40235507246376806 0.5803140096618357 0.40241545893719805 0.5822463768115942 0.40289855072463765 0.5832729468599034 0.40446859903381643 0.5831521739130434 0.4072463768115942 0.5812198067632849 0.4085748792270531 0.5782608695652173 0.4080917874396135
0 0.5730072463768116 0.4091787439613527 0.5710144927536231 0.40839371980676326 0.5706521739130435 0.4068236714975845 0.5711956521739129 0.40501207729468597 0.5740338164251207 0.4047705314009662 0.5754830917874396 0.40652173913043477 0.5758454106280193 0.40803140096618357 0.5753623188405796 0.40893719806763285
0 0.5721618357487922 0.40326086956521734 0.5705917874396135 0.4031400966183574 0.5690821256038647 0.4021135265700483 0.5692028985507246 0.39999999999999997 0.5708333333333332 0.398792270531401 0.5729468599033816 0.3990942028985507 0.5736111111111111 0.40060386473429954 0.5735507246376811 0.4019323671497585
0 0.5755434782608695 0.4003623188405797 0.5743961352657004 0.39951690821256036 0.5739130434782609 0.3985507246376811 0.5743357487922705 0.39692028985507244 0.5759057971014492 0.3958937198067633 0.577355072463768 0.3959541062801932 0.5791666666666666 0.39740338164251204 0.5788647342995169 0.3994565217391305 0.5777173913043477 0.40042270531400964
0 0.5708937198067633 0.39710144927536234 0.5696256038647343 0.39704106280193235 0.568599033816425 0.39637681159420285 0.5682971014492754 0.3950483091787439 0.568599033816425 0.39359903381642514 0.5694444444444444 0.39299516908212556 0.5704106280193235 0.39263285024154587 0.5719806763285024 0.3927536231884058 0.572342995169082 0.39317632850241546 0.5725845410628019 0.39444444444444443 0.5728260869565217 0.3959541062801932 0.5722826086956521 0.39685990338164245
0 0.671343537414966 0.3851190476190475 0.6700680272108843 0.3836734693877551 0.6688775510204081 0.38120748299319723 0.6704931972789115 0.37840136054421764 0.6731292517006803 0.37848639455782307 0.6761904761904762 0.37925170068027203 0.6767006802721088 0.3822278911564625 0.6747448979591837 0.3838435374149659
0 0.6662414965986394 0.39073129251700667 0.6649659863945577 0.38928571428571423 0.6637755102040815 0.3868197278911564 0.665391156462585 0.3840136054421768 0.6680272108843537 0.3840986394557822 0.6710884353741496 0.38486394557823117 0.6715986394557822 0.38784013605442164 0.669642857142857 0.38945578231292505
0 0.6779761904761904 0.3880102040816325 0.6767006802721087 0.38656462585034 0.6755102040816325 0.3840986394557822 0.677125850340136 0.38129251700680256 0.6797619047619047 0.381377551020408 0.6828231292517006 0.382142857142857 0.6833333333333332 0.38511904761904747 0.6813775510204081 0.3867346938775509
0 0.6848639455782313 0.3908163265306121 0.6835884353741496 0.3893707482993196 0.6823979591836734 0.3869047619047618 0.6840136054421768 0.3840986394557822 0.6866496598639455 0.3841836734693876 0.6897108843537415 0.3849489795918366 0.6902210884353741 0.38792517006802707 0.6882653061224488 0.3895408163265305
0 0.6787414965986394 0.3945578231292516 0.6774659863945577 0.3931122448979591 0.6762755102040815 0.39064625850340123 0.6778911564625849 0.38784013605442164 0.6805272108843538 0.38792517006802707 0.6835884353741496 0.3886904761904761 0.6840986394557822 0.39166666666666655 0.682142857142857 0.39328231292516996
