0 0.9209935897435897 0.47115384615384615 0.9286858974358975 0.47516025641025633 0.9280448717948718 0.4839743589743589 0.9213141025641026 0.4871794871794871 0.9147435897435897 0.4852564102564102 0.9128205128205129 0.478525641025641 0.9161858974358974 0.47227564102564096
0 0.9040064102564103 0.4735576923076923 0.8995192307692308 0.47676282051282043 0.8995192307692308 0.48301282051282046 0.9068910256410256 0.48445512820512815 0.9100961538461539 0.47980769230769227 0.9080128205128206 0.4746794871794871
0 0.923397435897436 0.4894230769230769 0.9163461538461539 0.49326923076923074 0.9160256410256411 0.5003205128205128 0.9197115384615385 0.5041666666666665 0.9258012820512821 0.5048076923076923 0.9307692307692308 0.5001602564102563 0.9299679487179489 0.4934294871794871
0 0.9416666666666667 0.49743589743589745 0.9352564102564103 0.5004807692307691 0.9331730769230769 0.5070512820512819 0.9360576923076923 0.5121794871794871 0.9431089743589745 0.5134615384615384 0.949198717948718 0.5083333333333332 0.9467948717948719 0.5001602564102563
0 0.8899038461538462 0.47387820512820505 0.8846153846153847 0.4756410256410256 0.8842948717948719 0.4825320512820512 0.8886217948717948 0.48493589743589743 0.8931089743589744 0.4828525641025641 0.8943910256410256 0.4775641025641025
0 0.895673076923077 0.49326923076923074 0.8889423076923078 0.4956730769230769 0.8881410256410256 0.5032051282051282 0.892147435897436 0.5075320512820511 0.8991987179487181 0.5073717948717948 0.9032051282051282 0.5012820512820512 0.9011217948717949 0.4955128205128204
0 0.8979166666666667 0.5147435897435897 0.8911858974358974 0.5182692307692307 0.8899038461538462 0.5251602564102563 0.8950320512820514 0.5299679487179486 0.9025641025641026 0.5291666666666666 0.9057692307692308 0.5235576923076922 0.9033653846153847 0.5166666666666666
0 0.9246794871794873 0.5116987179487179 0.9320512820512822 0.5139423076923076 0.9339743589743589 0.5206730769230768 0.929326923076923 0.5272435897435896 0.920352564102564 0.5261217948717949 0.917948717948718 0.516826923076923
0 0.8666666666666667 0.4697115384615384 0.8615384615384615 0.47387820512820505 0.8618589743589744 0.4799679487179486 0.866826923076923 0.4822115384615384 0.872596153846154 0.47980769230769227 0.8721153846153847 0.4729166666666666
0 0.8495192307692306 0.47227564102564096 0.8447115384615383 0.4759615384615384 0.8458333333333332 0.4823717948717948 0.8512820512820513 0.48477564102564097 0.855448717948718 0.4823717948717948 0.855448717948718 0.4753205128205128
0 0.8701923076923077 0.5004807692307691 0.8764423076923077 0.5038461538461537 0.8762820512820514 0.5113782051282051 0.8705128205128206 0.5136217948717948 0.8650641025641026 0.510576923076923 0.8657051282051281 0.503525641025641
0 0.8690705128205128 0.4852564102564102 0.8645833333333334 0.4873397435897436 0.8645833333333334 0.49246794871794863 0.8681089743589744 0.4955128205128204 0.8729166666666667 0.4937499999999999 0.8745192307692308 0.48990384615384613 0.8733974358974359 0.48653846153846153
0 0.8541666666666666 0.5028846153846153 0.8483974358974358 0.5070512820512819 0.8487179487179487 0.5128205128205128 0.8538461538461539 0.5153846153846153 0.8591346153846154 0.5142628205128205 0.860897435897436 0.5094551282051282 0.8586538461538462 0.5043269230769231
0 0.4194121447028424 0.23740310077519378 0.42829457364341084 0.24047157622739015 0.4324935400516796 0.2491925064599483 0.4276485788113696 0.25742894056847543 0.4163436692506459 0.2596899224806201 0.40859173126614984 0.25565245478036175 0.4077842377260982 0.24790051679586564 0.41004521963824286 0.24031007751937983
0 0.42458010335917307 0.2714793281653747 0.4323320413436693 0.2753552971576227 0.43427002583979324 0.28246124031007747 0.42926356589147285 0.29037467700258396 0.4194121447028424 0.29085917312661497 0.41456718346253224 0.2853682170542635 0.41327519379844957 0.2772932816537468 0.41698966408268734 0.2729328165374677
0 0.42861757105943155 0.29635012919896636 0.4371770025839793 0.3023255813953488 0.4371770025839793 0.311046511627907 0.4303940568475452 0.31653746770025837 0.42102713178294576 0.31653746770025837 0.41666666666666663 0.3099160206718346 0.41650516795865633 0.30216408268733846 0.4219961240310077 0.2982881136950904
0 0.5857939632545932 0.5900590551181102 0.594488188976378 0.5954724409448818 0.5962926509186351 0.604002624671916 0.5915354330708662 0.6107283464566929 0.5810367454068242 0.6117125984251969 0.5756233595800525 0.6061351706036746 0.573982939632546 0.5994094488188977 0.5785761154855643 0.5923556430446194
0 0.6486220472440946 0.605971128608924 0.6583005249343832 0.6113845144356956 0.662237532808399 0.6213910761154856 0.6558398950131233 0.6313976377952757 0.6428805774278216 0.6322178477690289 0.6371391076115486 0.6271325459317585 0.63500656167979 0.6186023622047244 0.6389435695538058 0.6099081364829396
0 0.6825787401574803 0.6025262467191601 0.6922572178477691 0.6061351706036746 0.6957020997375328 0.6161417322834646 0.6914370078740159 0.6268044619422573 0.6797900262467192 0.6282808398950132 0.6712598425196851 0.6231955380577429 0.6692913385826772 0.6128608923884514 0.6729002624671916 0.605971128608924
0 0.6920931758530183 0.5723425196850394 0.6993110236220473 0.5741469816272966 0.7029199475065617 0.5810367454068242 0.6993110236220473 0.5889107611548557 0.6909448818897639 0.589238845144357 0.6863517060367454 0.5851377952755906 0.6866797900262467 0.5774278215223098
0 0.7193241469816274 0.5516732283464567 0.7234251968503936 0.5515091863517061 0.7260498687664042 0.5547900262467192 0.7249015748031497 0.5602034120734909 0.71998031496063 0.5615157480314961 0.7171916010498688 0.5595472440944882 0.7158792650918635 0.5554461942257217
0 0.7337598425196851 0.557742782152231 0.7271981627296589 0.5592191601049868 0.7262139107611548 0.5633202099737533 0.7286745406824147 0.5674212598425197 0.7349081364829396 0.5674212598425197 0.7362204724409449 0.5621719160104988
0 0.7424540682414699 0.5808727034120735 0.7478674540682415 0.5848097112860893 0.7470472440944882 0.5913713910761156 0.7413057742782152 0.5921916010498688 0.7372047244094488 0.589730971128609 0.7372047244094488 0.5843175853018373
0 0.6724081364829396 0.5523293963254594 0.666010498687664 0.5551181102362205 0.6642060367454068 0.5611876640419947 0.666994750656168 0.5669291338582677 0.672736220472441 0.5688976377952757 0.6791338582677166 0.5661089238845145 0.6806102362204725 0.5598753280839895 0.6776574803149606 0.5536417322834646
0 0.6358267716535433 0.579724409448819 0.6294291338582677 0.5834973753280841 0.6268044619422573 0.589730971128609 0.6320538057742783 0.5958005249343832 0.6391076115485564 0.5961286089238845 0.64501312335958 0.5918635170603675 0.6428805774278216 0.5820209973753281
0 0.6117125984251969 0.5875984251968505 0.6186023622047244 0.5903871391076115 0.6223753280839895 0.5977690288713912 0.6167979002624673 0.6072834645669292 0.6062992125984252 0.6081036745406825 0.6008858267716536 0.6031824146981628 0.6012139107611548 0.5938320209973753 0.6056430446194226 0.5889107611548557
0 0.5710301837270342 0.5644685039370079 0.562992125984252 0.5703740157480315 0.5613517060367454 0.5785761154855643 0.5675853018372704 0.5856299212598426 0.5754593175853018 0.5861220472440946 0.5823490813648294 0.5810367454068242 0.5823490813648294 0.5695538057742783
0 0.8188961988304094 0.5497989766081871 0.8248355263157895 0.55171783625731 0.8252010233918129 0.5571089181286549 0.8213633040935672 0.5614035087719299 0.8165204678362573 0.5605811403508772 0.814327485380117 0.5573830409356725 0.815515350877193 0.5518092105263158
0 0.8029970760233919 0.5363669590643275 0.8082054093567252 0.538468567251462 0.8093932748538012 0.5440423976608187 0.8057383040935672 0.5482456140350878 0.7993421052631579 0.5473318713450294 0.7981542397660819 0.5442251461988304 0.7983369883040936 0.5391995614035088
0 0.7889254385964912 0.5395650584795323 0.7840826023391813 0.5418494152046783 0.7835343567251463 0.5463267543859649 0.7862755847953216 0.5499817251461989 0.7910270467836257 0.5493421052631579 0.7934941520467836 0.5459612573099416 0.7933114035087719 0.5422149122807018
0 0.7864583333333335 0.5239400584795323 0.7817068713450294 0.5267726608187135 0.7819809941520468 0.531889619883041 0.7851790935672515 0.5347222222222223 0.789656432748538 0.5339912280701754 0.7918494152046784 0.5302448830409358 0.7907529239766081 0.5253106725146199
0 0.7960526315789473 0.47743055555555564 0.7915752923976609 0.47998903508771934 0.7902960526315789 0.485014619883041 0.7934027777777778 0.4887609649122807 0.7981542397660819 0.4900402046783627 0.8021747076023392 0.4874817251461989 0.8023574561403509 0.48181652046783624 0.8003472222222222 0.4788011695906433
0 0.7814327485380118 0.48117690058479534 0.7766812865497077 0.483187134502924 0.7764071637426901 0.4876644736842106 0.7800621345029239 0.4914108187134503 0.7847222222222222 0.4906798245614036 0.7869152046783626 0.4874817251461989 0.7861842105263157 0.48309576023391815
0 0.6755162241887905 0.4788901179941003 0.6708148967551623 0.48193215339233036 0.6709070796460177 0.4876474926253688 0.6743178466076696 0.48995206489675514 0.6790191740412979 0.48903023598820056 0.6819690265486725 0.48589601769911506 0.6795722713864307 0.4811025073746312
0 0.6857485250737463 0.4716998525073746 0.6802175516224188 0.4735435103244837 0.6789269911504424 0.4781526548672566 0.682061209439528 0.48193215339233036 0.6875921828908554 0.4822087020648968 0.6898967551622419 0.47971976401179944 0.6889749262536873 0.474188790560472
0 0.6737647492625368 0.4683812684365782 0.6688790560471976 0.4716998525073746 0.6695243362831859 0.47658554572271383 0.6736725663716814 0.47787610619469023 0.6769911504424778 0.47704646017699115 0.6788348082595871 0.4733591445427729 0.6770833333333334 0.46994837758112096
0 0.11965981012658228 0.5779931434599156 0.11398997890295358 0.5823444092827004 0.1137262658227848 0.588014240506329 0.11820938818565399 0.5919699367088607 0.12467035864978901 0.5930247890295358 0.12902162447257384 0.5902558016877636 0.1303401898734177 0.5855089662447257 0.1250659282700422 0.5783887130801688
0 0.1374604430379747 0.5779931434599156 0.14418512658227847 0.5797072784810127 0.14682225738396623 0.5855089662447257 0.142998417721519 0.591706223628692 0.1352188818565401 0.5926292194092827 0.13113132911392406 0.5890690928270043 0.13020833333333331 0.5818169831223627
0 0.13561445147679324 0.5611155063291139 0.12994462025316453 0.5657304852320675 0.12968090717299577 0.5708728902953586 0.13231803797468353 0.5756197257383966 0.13811972573839662 0.5769382911392404 0.14537183544303797 0.575092299578059 0.14642668776371306 0.5681039029535865 0.1418117088607595 0.562829641350211
0 0.11873681434599156 0.5620385021097046 0.11346255274261603 0.5665216244725738 0.11346255274261603 0.5732463080168776 0.11794567510548523 0.5760152953586497 0.12480221518987342 0.5770701476793249 0.12849419831223627 0.5744330168776371 0.13047204641350213 0.569949894514768 0.12691191983122363 0.5624340717299577
0 0.11873681434599156 0.44996044303797467 0.109375 0.4504878691983122 0.10713343881856541 0.4562895569620252 0.11029799578059073 0.4594541139240506 0.11544040084388187 0.4602452531645569 0.11965981012658228 0.45813554852320676 0.12111023206751054 0.45431170886075944
0 0.15381065400843882 0.4527294303797468 0.14497626582278478 0.4527294303797468 0.14220727848101264 0.45708069620253156 0.14352584388185655 0.46116824894514763 0.14800896624472573 0.46314609704641346 0.1539425105485232 0.4614319620253164 0.15605221518987342 0.4576081223628692
0 0.1519646624472574 0.475540611814346 0.14418512658227847 0.4767273206751055 0.1418117088607595 0.481342299578059 0.1440532700421941 0.4859572784810126 0.15011867088607594 0.4866165611814346 0.15315137130801684 0.48463871308016876 0.15644778481012658 0.4802874472573839
0 0.16132647679324894 0.476595464135021 0.15789820675105487 0.4789688818565401 0.15803006329113925 0.48345200421940926 0.16224947257383968 0.48674841772151894 0.16686445147679324 0.4870121308016877 0.1706882911392405 0.4833201476793248 0.17016086497890298 0.4791007383966244 0.16660073839662448 0.4761998945147679
0 0.12849419831223627 0.4764636075949367 0.1204509493670886 0.47633175105485226 0.11728639240506328 0.48121044303797467 0.11965981012658228 0.48516613924050633 0.12453850210970463 0.48674841772151894 0.12888976793248946 0.4839794303797468 0.13047204641350213 0.4801555907172996
0 0.11478111814345991 0.4761998945147679 0.10673786919831223 0.4767273206751055 0.10462816455696201 0.4806830168776371 0.1058148734177215 0.48503428270042187 0.11016613924050633 0.4864847046413502 0.11517668776371306 0.48463871308016876 0.11689082278481013 0.48041930379746833
0 0.1621936274509804 0.4889093137254901 0.15888480392156862 0.49221813725490193 0.1598651960784314 0.49773284313725485 0.16378676470588235 0.500061274509804 0.16868872549019606 0.49859068627450975 0.17064950980392157 0.4947916666666667 0.16893382352941178 0.4901348039215686
0 0.12800245098039217 0.49307598039215683 0.12052696078431374 0.49307598039215683 0.11721813725490196 0.4982230392156863 0.11979166666666667 0.5016544117647059 0.12542892156862748 0.5030024509803922 0.1294730392156863 0.499938725490196 0.12959558823529413 0.49675245098039217
0 0.11439950980392156 0.49283088235294115 0.10631127450980393 0.4935661764705882 0.10410539215686275 0.4973651960784314 0.10582107843137256 0.5020220588235293 0.11096813725490196 0.503125 0.11623774509803923 0.5010416666666667 0.11623774509803923 0.49675245098039217
0 0.11464460784313726 0.5060661764705882 0.109375 0.5052083333333334 0.10533088235294118 0.508639705882353 0.10533088235294118 0.5130514705882353 0.10912990196078433 0.5148897058823529 0.11378676470588237 0.5142769607843137 0.1167279411764706 0.5106004901960784
0 0.12775735294117646 0.5056985294117647 0.12138480392156863 0.5049632352941177 0.11795343137254903 0.509375 0.11844362745098042 0.5146446078431373 0.12346813725490195 0.5163602941176471 0.12800245098039217 0.5142769607843137 0.12996323529411766 0.5097426470588234
0 0.1520220588235294 0.5055759803921568 0.15606617647058824 0.5091299019607843 0.15337009803921567 0.5147671568627451 0.14638480392156863 0.5159926470588235 0.14307598039215688 0.5131740196078431 0.14258578431372548 0.5092524509803922 0.14638480392156863 0.505453431372549
0 0.1537377450980392 0.5188112745098039 0.14687500000000003 0.5177083333333333 0.14221813725490196 0.5216299019607843 0.142953431372549 0.5261642156862745 0.1476102941176471 0.5287377450980393 0.15238970588235298 0.5275122549019607 0.15496323529411765 0.5238357843137255
0 0.15925245098039215 0.5180759803921569 0.1667279411764706 0.5183210784313725 0.17064950980392157 0.5232230392156862 0.16881127450980393 0.5284926470588235 0.16427696078431375 0.5289828431372549 0.15814950980392156 0.5271446078431373 0.15631127450980395 0.5221200980392157
0 0.13057598039215687 0.5224877450980392 0.12800245098039217 0.5177083333333333 0.12052696078431374 0.5178308823529412 0.11660539215686275 0.5215073529411764 0.11783088235294119 0.5268995098039215 0.12162990196078433 0.5291053921568627 0.1266544117647059 0.5275122549019607
0 0.11525735294117648 0.5178308823529412 0.10802696078431374 0.5185661764705882 0.10324754901960785 0.5224877450980392 0.10618872549019609 0.5277573529411764 0.11182598039215685 0.528860294117647 0.11611519607843138 0.5256740196078431 0.11660539215686275 0.5215073529411764
0 0.42604166666666665 0.35997023809523815 0.4197916666666667 0.36309523809523814 0.4206845238095238 0.3697916666666667 0.42574404761904766 0.37232142857142864 0.43110119047619044 0.36845238095238103 0.43065476190476193 0.3629464285714286
0 0.4438284050179211 0.3622871863799283 0.4410282258064515 0.3588149641577061 0.43453181003584224 0.3599350358422939 0.43285170250896055 0.3634072580645161 0.4347558243727598 0.367551523297491 0.4393481182795698 0.36844758064516125 0.44282034050179203 0.3664314516129032
0 0.45037774725274726 0.3569711538461538 0.4547275641025641 0.3584592490842491 0.45541437728937734 0.36303800366300365 0.4512934981684982 0.3660141941391941 0.4475160256410257 0.36509844322344315 0.4461423992673993 0.3621222527472527 0.4472870879120879 0.35834478021978017
0 0.44350961538461536 0.34266254578754574 0.4488896520146521 0.3462110805860805 0.4475160256410257 0.3507898351648352 0.4431662087912089 0.3525068681318681 0.4395032051282052 0.35113324175824173 0.43881639194139194 0.34804258241758246 0.4400755494505495 0.3450663919413919
0 0.43137591575091583 0.3444940476190476 0.43584020146520147 0.3457532051282051 0.4365270146520147 0.350904304029304 0.43252060439560436 0.35376602564102566 0.42828525641025644 0.3528502747252747 0.4270260989010989 0.3502174908424909 0.42782738095238093 0.34678342490842484
0 0.41306089743589736 0.33407738095238093 0.40882554945054944 0.33716804029304026 0.40882554945054944 0.3409455128205128 0.4121451465201465 0.343349358974359 0.4172962454212454 0.3434638278388278 0.4188988095238095 0.33980082417582413 0.41763965201465203 0.3361378205128205
0 0.556910569105691 0.44952574525745254 0.5623306233062331 0.4518970189701897 0.5626693766937669 0.4569783197831978 0.5580962059620596 0.4600271002710027 0.5531842818428184 0.4578252032520325 0.5521680216802168 0.45223577235772355
0 0.5804539295392953 0.47493224932249317 0.5855352303523035 0.47662601626016254 0.5865514905149052 0.48187669376693765 0.5831639566395663 0.4852642276422764 0.5784214092140921 0.48424796747967475 0.575880758807588 0.48001355013550134 0.5768970189701896 0.4774728997289972
0 0.5528455284552846 0.47865853658536583 0.548949864498645 0.4820460704607045 0.5496273712737128 0.48628048780487804 0.5540311653116531 0.4884823848238482 0.5589430894308943 0.4872967479674797 0.5599593495934959 0.4823848238482385 0.556910569105691 0.48001355013550134
0 0.8735236220472441 0.5187007874015748 0.8704068241469817 0.5211614173228347 0.8699146981627297 0.5260826771653544 0.8736876640419948 0.5278871391076115 0.8774606299212598 0.5264107611548557 0.8779527559055119 0.5224737532808399 0.8763123359580053 0.5203412073490814
0 0.6569835680751175 0.4471830985915493 0.6521420187793427 0.4486502347417841 0.6517018779342724 0.4531983568075118 0.6541960093896714 0.45657276995305174 0.659330985915493 0.45657276995305174 0.6610915492957747 0.45349178403755874 0.6602112676056339 0.449237089201878
0 0.6436546840958606 0.46772875816993464 0.6410675381263616 0.4692265795206972 0.6410675381263616 0.4722222222222222 0.6429738562091503 0.47344771241830064 0.6466503267973857 0.47372004357298475 0.647739651416122 0.471813725490196 0.6463779956427015 0.46895424836601307
0 0.6553649237472766 0.465958605664488 0.6584967320261438 0.46732026143790845 0.6589052287581699 0.4711328976034858 0.6571350762527234 0.4733115468409586 0.6541394335511982 0.47263071895424835 0.6520969498910676 0.4704520697167756 0.6526416122004357 0.46772875816993464
0 0.644880174291939 0.4746732026143791 0.6427015250544662 0.47562636165577343 0.6418845315904139 0.47834967320261434 0.6435185185185185 0.4802559912854031 0.6462418300653595 0.48080065359477125 0.6488289760348583 0.47889433551198257 0.647739651416122 0.47589869281045744
0 0.6548202614379085 0.4742647058823529 0.6531862745098038 0.4768518518518518 0.6541394335511982 0.4790305010893246 0.6579520697167757 0.47984749455337694 0.6606753812636166 0.47834967320261434 0.6597222222222222 0.4757625272331155 0.6571350762527234 0.47399237472766886
0 0.6552287581699346 0.4816176470588235 0.6545479302832243 0.48461328976034856 0.656318082788671 0.4862472766884532 0.659177559912854 0.48638344226579516 0.6608115468409586 0.4842047930283224 0.6604030501089324 0.4817538126361655 0.6568627450980392 0.48080065359477125
0 0.6440631808278867 0.4817538126361655 0.6427015250544662 0.4854302832244009 0.6447440087145969 0.4878812636165577 0.6476034858387799 0.4878812636165577 0.6495098039215687 0.4862472766884532 0.6491013071895424 0.48352396514161217 0.6462418300653595 0.4816176470588235
0 0.554710960960961 0.49042792792792794 0.5518956456456456 0.4923986486486487 0.5516141141141141 0.49530780780780786 0.5536786786786787 0.49765390390390396 0.5575262762762763 0.49746621621621623 0.5593093093093093 0.4951201201201202 0.5579954954954954 0.4914602102102103
0 0.5815503003003003 0.48639264264264265 0.5790165165165165 0.4885510510510511 0.5783596096096096 0.49155405405405406 0.5795795795795796 0.49427552552552556 0.5825825825825827 0.49568318318318316 0.5857732732732733 0.49493243243243246 0.5879316816816818 0.492210960960961 0.5872747747747749 0.4888325825825826 0.5845533033033034 0.48648648648648657
0 0.56625 0.47708333333333336 0.5626388888888889 0.48041666666666666 0.5629166666666666 0.4847222222222223 0.5663888888888889 0.4872222222222223 0.5704166666666667 0.4866666666666667 0.5730555555555557 0.4834722222222223 0.5723611111111111 0.4798611111111111 0.5693055555555556 0.47763888888888895
0 0.5670833333333334 0.48805555555555563 0.5640277777777778 0.49013888888888896 0.5640277777777778 0.49444444444444446 0.5659722222222223 0.49694444444444447 0.5708333333333333 0.4972222222222223 0.5734722222222223 0.49555555555555564 0.5741666666666667 0.4918055555555556 0.5715277777777779 0.4884722222222223
0 0.5664335664335665 0.4583333333333333 0.5627913752913752 0.4599358974358974 0.5627913752913752 0.46372377622377625 0.5657051282051283 0.46590909090909094 0.5692016317016317 0.46620046620046623 0.5710955710955711 0.46401515151515155 0.5702214452214452 0.4596445221445221
0 0.5770687645687647 0.4571678321678322 0.5805652680652681 0.4576048951048951 0.5821678321678322 0.46197552447552453 0.5795454545454546 0.46503496503496505 0.5759032634032635 0.4644522144522145 0.5735722610722611 0.46241258741258745 0.574009324009324 0.4589160839160839
0 0.5314685314685315 0.46605477855477856 0.5288461538461539 0.4680944055944056 0.5285547785547786 0.472465034965035 0.5313228438228438 0.4742132867132868 0.5355477855477856 0.4742132867132868 0.5372960372960374 0.47057109557109555 0.5356934731934733 0.46751165501165504
0 0.5337995337995338 0.481934731934732 0.5307400932400932 0.48397435897435903 0.5303030303030303 0.48732517482517484 0.5321969696969697 0.48965617715617715 0.5356934731934733 0.49053030303030304 0.5384615384615384 0.488490675990676 0.5387529137529138 0.48499417249417254 0.5364219114219114 0.481934731934732
0 0.525032299741602 0.3898578811369509 0.5213178294573644 0.3913113695090439 0.5205103359173127 0.3955103359173126 0.5224483204134367 0.39906330749354 0.5272932816537468 0.40003229974160204 0.5311692506459949 0.396640826873385 0.5295542635658915 0.39211886304909555
0 0.12336601307189542 0.4491129785247432 0.12015639589169001 0.44835434173669453 0.1178221288515406 0.4460200746965453 0.11729691876750699 0.44234360410831 0.11939775910364145 0.43965919701213807 0.12342436974789915 0.4390172735760971 0.12645891690009337 0.440767973856209 0.1277427637721755 0.44269374416433227 0.12657563025210083 0.4470704948646124 0.125875350140056 0.4482376283846872
