0 0.8730670103092784 0.5693728522336771 0.8616838487972509 0.57409793814433 0.8597508591065293 0.5865549828178694 0.8676975945017182 0.5947164948453608 0.8795103092783506 0.5938573883161513 0.8859536082474228 0.5837628865979382 0.8827319587628866 0.5743127147766324
0 0.9336340206185567 0.5893470790378007 0.920962199312715 0.5934278350515464 0.9192439862542957 0.6063144329896908 0.9250429553264606 0.6131872852233677 0.9357817869415808 0.6153350515463918 0.9443728522336771 0.6082474226804124 0.9439432989690723 0.5951460481099656
0 0.8747852233676976 0.6428264604810997 0.8634020618556701 0.6447594501718213 0.858462199312715 0.6552835051546392 0.8636168384879725 0.6662371134020619 0.8760738831615121 0.6694587628865979 0.8840206185567011 0.661512027491409 0.8844501718213058 0.648840206185567
0 0.9355670103092784 0.6630154639175259 0.9224656357388316 0.6655927835051546 0.9188144329896907 0.6761168384879725 0.9233247422680413 0.686426116838488 0.9329896907216496 0.6890034364261168 0.9432989690721649 0.6836340206185567 0.9435137457044673 0.67053264604811
0 0.7978801169590644 0.63578216374269 0.789656432748538 0.6387061403508772 0.7885599415204678 0.6445540935672515 0.7916666666666667 0.6509502923976608 0.7991593567251463 0.6525950292397661 0.804093567251462 0.6482090643274854 0.804093567251462 0.6401681286549707
0 0.5928738317757009 0.8179517133956385 0.5802180685358255 0.8251557632398754 0.5776869158878504 0.8370327102803737 0.5829439252336448 0.8461838006230529 0.5934579439252335 0.8502725856697819 0.6035825545171338 0.846378504672897 0.6092289719626168 0.8348909657320872 0.6039719626168224 0.8228193146417445
0 0.5268691588785046 0.8212616822429905 0.5161604361370716 0.8269080996884736 0.5157710280373832 0.8411214953271028 0.522196261682243 0.8473520249221184 0.5315420560747662 0.8492990654205607 0.5401090342679127 0.8434579439252337 0.5420560747663551 0.8321651090342678 0.5373831775700934 0.8243769470404982
0 0.5938473520249221 0.756619937694704 0.5817757009345793 0.7636292834890965 0.5817757009345793 0.7751168224299064 0.5887850467289719 0.7830996884735202 0.6000778816199376 0.7852414330218068 0.6088395638629283 0.7758956386292833 0.6059190031152647 0.7618769470404984
0 0.5301791277258566 0.7564252336448597 0.5169392523364486 0.7622663551401868 0.5161604361370716 0.7762850467289719 0.5243380062305295 0.7840732087227414 0.537967289719626 0.7844626168224298 0.5434190031152647 0.775506230529595 0.5416666666666665 0.762461059190031
0 0.5936526479750778 0.6904205607476634 0.5821651090342678 0.6958722741433021 0.5806074766355139 0.7069704049844237 0.5870327102803737 0.7163161993769469 0.5983255451713395 0.718847352024922 0.6065031152647975 0.7128115264797508 0.6072819314641743 0.6976246105919002
0 0.5274532710280373 0.6915887850467289 0.5171339563862928 0.6984034267912772 0.5171339563862928 0.7098909657320871 0.524727414330218 0.7182632398753893 0.5360202492211837 0.718847352024922 0.5432242990654205 0.7110591900311526 0.5401090342679127 0.6962616822429906
0 0.5780367231638418 0.5462570621468926 0.5692090395480226 0.550494350282486 0.5683262711864407 0.5593220338983051 0.572563559322034 0.566207627118644 0.5829802259887006 0.5669138418079097 0.587747175141243 0.5614406779661016 0.5884533898305085 0.5517302259887006
0 0.5790960451977402 0.5021186440677966 0.5699152542372882 0.5061793785310735 0.5676200564971752 0.5139477401129944 0.5711511299435028 0.5204802259887006 0.5819209039548023 0.5227754237288136 0.5884533898305085 0.5167725988700564 0.5872175141242938 0.5075918079096046
0 0.5353107344632768 0.5282485875706214 0.5263064971751412 0.5310734463276836 0.5236581920903954 0.5386652542372882 0.5270127118644068 0.5460805084745763 0.5353107344632768 0.5490819209039548 0.5434322033898304 0.5444915254237288 0.5437853107344633 0.533545197740113
0 0.534957627118644 0.4816384180790961 0.526659604519774 0.48411016949152547 0.5240112994350283 0.4913488700564972 0.5271892655367232 0.5007062146892655 0.5360169491525424 0.5026483050847458 0.5429025423728814 0.4982344632768362 0.5430790960451978 0.4874646892655367
0 0.5780367231638418 0.4445621468926554 0.5688559322033898 0.44826977401129947 0.566207627118644 0.4574505649717514 0.5713276836158192 0.46521892655367236 0.5796257062146892 0.46645480225988706 0.5866878531073447 0.4620409604519774 0.587747175141243 0.4510946327683616
0 0.5760946327683616 0.3997175141242938 0.5677966101694916 0.4060734463276836 0.5679731638418078 0.4156073446327683 0.5746822033898304 0.42090395480225995 0.5842161016949152 0.4205508474576271 0.5888064971751412 0.4127824858757062 0.5850988700564972 0.40324858757062143
0 0.5330155367231638 0.42655367231638425 0.5256002824858758 0.4300847457627119 0.5225988700564972 0.4383827683615819 0.5268361581920904 0.44632768361581926 0.5354872881355933 0.4486228813559322 0.5420197740112994 0.4442090395480226 0.545021186440678 0.4357344632768362 0.5399011299435028 0.4281426553672317
0 0.5326624293785311 0.3817090395480226 0.5236581920903954 0.38576977401129947 0.5233050847457628 0.39530367231638425 0.5282485875706214 0.4025423728813559 0.5363700564971752 0.40377824858757067 0.5437853107344633 0.39830508474576265 0.5423728813559322 0.3868290960451978
0 0.2671130952380953 0.2492559523809524 0.2540178571428572 0.2540178571428572 0.2534226190476191 0.2671130952380953 0.2620535714285715 0.27633928571428573 0.27395833333333336 0.27336309523809527 0.2796130952380953 0.2647321428571429 0.27633928571428573 0.25431547619047623
0 0.2727678571428572 0.21651785714285718 0.26294642857142864 0.2194940476190477 0.26294642857142864 0.2322916666666667 0.2703869047619048 0.23467261904761913 0.27901785714285715 0.23050595238095245 0.2808035714285715 0.22187500000000004
0 0.33913690476190483 0.22604166666666672 0.3242559523809524 0.23348214285714292 0.32782738095238095 0.24776785714285718 0.33824404761904764 0.2516369047619048 0.34747023809523814 0.24717261904761909 0.35014880952380956 0.23437500000000006
0 0.38735119047619054 0.27604166666666674 0.37604166666666666 0.2813988095238096 0.37574404761904767 0.29419642857142864 0.38229166666666664 0.2995535714285715 0.3953869047619048 0.30014880952380957 0.4007440476190477 0.2927083333333334 0.3959821428571429 0.28110119047619053
0 0.43854166666666666 0.284077380952381 0.42604166666666665 0.290625 0.4269345238095238 0.30491071428571437 0.4373511904761905 0.30967261904761906 0.44836309523809526 0.3043154761904763 0.4492559523809524 0.2927083333333334
0 0.33139880952380957 0.2691964285714286 0.32098214285714294 0.2772321428571429 0.32068452380952384 0.28943452380952384 0.3302083333333334 0.2959821428571429 0.34062500000000007 0.2927083333333334 0.34360119047619053 0.2834821428571429 0.3394345238095238 0.27336309523809527
0 0.259375 0.296577380952381 0.24747023809523816 0.3034226190476191 0.24717261904761909 0.31562500000000004 0.2569940476190477 0.321875 0.26741071428571433 0.3186011904761905 0.2709821428571429 0.31026785714285715 0.2686011904761905 0.2995535714285715
0 0.3248511904761905 0.315327380952381 0.3129464285714286 0.32306547619047626 0.3132440476190476 0.33377976190476194 0.31949404761904765 0.3394345238095238 0.3284226190476191 0.34062500000000007 0.3370535714285715 0.3328869047619048 0.33586309523809527 0.32276785714285716
0 0.37931547619047623 0.3308035714285715 0.36770833333333336 0.33645833333333336 0.3668154761904762 0.3492559523809524 0.3754464285714286 0.3558035714285715 0.38616071428571436 0.3543154761904762 0.390625 0.346875 0.39002976190476196 0.3352678571428572
0 0.4290178571428571 0.3373511904761905 0.41770833333333335 0.3456845238095239 0.4186011904761905 0.3569940476190477 0.42604166666666665 0.36324404761904766 0.4370535714285715 0.3608630952380953 0.44181547619047623 0.3519345238095239 0.4367559523809524 0.34181547619047625
0 0.2679924242424242 0.3526785714285714 0.2571699134199134 0.3589015151515151 0.2558170995670995 0.36918290043290036 0.2617694805194805 0.3754058441558441 0.27150974025974023 0.376758658008658 0.27908549783549785 0.36891233766233766 0.2782738095238095 0.35646645021645024
0 0.31994047619047616 0.3594426406926407 0.3077651515151515 0.36593614718614714 0.3058712121212121 0.376758658008658 0.3112824675324675 0.3832521645021645 0.32183441558441556 0.3840638528138528 0.3302218614718615 0.37784090909090906 0.3277867965367965 0.36539502164502163
0 0.26393398268398266 0.3975919913419913 0.25013528138528135 0.40381493506493504 0.2495941558441558 0.4146374458874459 0.25554653679653677 0.4222132034632034 0.268262987012987 0.4222132034632034 0.27313311688311687 0.4127435064935065 0.2725919913419913 0.4048971861471861
0 0.3110119047619047 0.40625 0.29991883116883117 0.4119318181818181 0.2985660173160173 0.4224837662337662 0.307224025974026 0.429788961038961 0.31858766233766234 0.42843614718614714 0.32372835497835495 0.42086038961038963 0.320211038961039 0.41112012987012986
0 0.3681006493506493 0.4197781385281385 0.3561958874458874 0.4238365800865801 0.35321969696969696 0.43276515151515144 0.357819264069264 0.44142316017316013 0.3662067099567099 0.4449404761904762 0.37784090909090906 0.4373647186147186 0.376758658008658 0.4270833333333333
0 0.4165313852813853 0.4276244588744588 0.40543831168831174 0.432224025974026 0.4030032467532467 0.4438582251082251 0.41057900432900435 0.45224567099567103 0.4216720779220779 0.4511634199134199 0.427353896103896 0.4433170995670995 0.42600108225108224 0.4341179653679653
0 0.4222132034632034 0.3854166666666667 0.4127435064935065 0.3894751082251082 0.41003787878787873 0.399215367965368 0.41571969696969696 0.40895562770562766 0.42843614718614714 0.40895562770562766 0.43357683982683987 0.4008387445887446 0.4319534632034632 0.3905573593073593
0 0.37080627705627706 0.3770292207792208 0.36160714285714285 0.3832521645021645 0.3613365800865801 0.3943452380952381 0.36918290043290036 0.4011093073593074 0.380275974025974 0.3994859307359307 0.3851461038961039 0.3894751082251082 0.3805465367965367 0.380275974025974
0 0.2563582251082251 0.44088203463203457 0.24526515151515152 0.4452110389610389 0.24120670995670992 0.4527867965367965 0.24526515151515152 0.4633387445887446 0.25554653679653677 0.46658549783549785 0.2644751082251082 0.4614448051948052 0.2652867965367965 0.44872835497835495
0 0.30424783549783546 0.44872835497835495 0.29180194805194803 0.4549512987012987 0.29180194805194803 0.4668560606060606 0.29964826839826836 0.47334956709956705 0.3118235930735931 0.47172619047619047 0.31642316017316013 0.4622564935064935 0.31344696969696967 0.45251623376623373
0 0.2159455128205128 0.5987580128205128 0.20673076923076922 0.6043669871794871 0.20893429487179488 0.6173878205128205 0.21734775641025644 0.6207932692307692 0.2253605769230769 0.617988782051282 0.2287660256410256 0.6099759615384616 0.2237580128205128 0.6013621794871795
0 0.2171474358974359 0.6746794871794871 0.2043269230769231 0.6810897435897435 0.20412660256410256 0.695713141025641 0.21193910256410256 0.7031249999999999 0.22335737179487183 0.703926282051282 0.23056891025641021 0.6955128205128205 0.22976762820512817 0.6818910256410255
0 0.21834935897435892 0.7369791666666665 0.20653044871794868 0.7423878205128205 0.20753205128205127 0.7552083333333333 0.2171474358974359 0.7598157051282051 0.2265625 0.7558092948717948 0.22896634615384615 0.7455929487179487 0.22696314102564097 0.7409855769230769
0 0.2165464743589743 0.7734374999999999 0.20753205128205127 0.7784455128205128 0.20653044871794868 0.788261217948718 0.21354166666666666 0.7956730769230769 0.2247596153846154 0.7948717948717947 0.22916666666666666 0.7862580128205128 0.2247596153846154 0.7758413461538461
0 0.21554487179487183 0.813301282051282 0.2063301282051282 0.8197115384615384 0.2079326923076923 0.8313301282051281 0.2153445512820513 0.8365384615384615 0.22516025641025644 0.8341346153846154 0.2293669871794872 0.8255208333333333 0.2249599358974359 0.8149038461538461
0 0.15587797619047625 0.7442336309523809 0.14360119047619055 0.7524181547619048 0.14267113095238101 0.7650669642857143 0.15234375000000008 0.7715773809523809 0.16369047619047625 0.7700892857142857 0.1702008928571429 0.76171875 0.1683407738095239 0.7492559523809523
0 0.10825892857142866 0.744047619047619 0.0948660714285715 0.7503720238095238 0.09207589285714293 0.7607886904761905 0.10007440476190482 0.771205357142857 0.11160714285714292 0.7715773809523809 0.12127976190476199 0.7652529761904762 0.11979166666666671 0.7507440476190476
0 0.04985119047619055 0.767485119047619 0.061941964285714364 0.7779017857142857 0.06119791666666675 0.7911086309523809 0.05078125000000008 0.796875 0.04073660714285721 0.7961309523809524 0.03348214285714293 0.7875744047619048 0.03441220238095247 0.7743675595238094
0 0.10923032407407407 0.2570891203703704 0.09910300925925926 0.2640335648148149 0.0988136574074074 0.27502893518518523 0.10546875 0.2796585648148149 0.11646412037037038 0.2796585648148149 0.12080439814814814 0.2744502314814815 0.12196180555555557 0.26721643518518523 0.11646412037037038 0.26027199074074076
0 0.15321180555555555 0.26548032407407407 0.1451099537037037 0.2718460648148149 0.14539930555555555 0.28110532407407407 0.1526331018518519 0.2874710648148149 0.16189236111111113 0.2877604166666667 0.1673900462962963 0.2816840277777778 0.16796875000000003 0.2730034722222222 0.16304976851851855 0.2660590277777778
0 0.20182291666666669 0.27155671296296297 0.19227430555555555 0.2764756944444445 0.19140625000000003 0.28660300925925924 0.1969039351851852 0.2935474537037037 0.2073206018518519 0.29499421296296297 0.21426504629629628 0.2886284722222222 0.21542245370370372 0.2796585648148149 0.21079282407407407 0.27531828703703703
0 0.15570887445887446 0.6116071428571429 0.1511093073593073 0.6153950216450216 0.15137987012987011 0.6224296536796536 0.15489718614718612 0.6262175324675325 0.1608495670995671 0.6262175324675325 0.16544913419913418 0.6229707792207793 0.16544913419913418 0.6175595238095238 0.16193181818181818 0.6129599567099566
0 0.17248376623376618 0.6272997835497834 0.16734307359307357 0.6294642857142857 0.16490800865800864 0.6356872294372293 0.16869588744588745 0.6402867965367965 0.1754599567099567 0.640827922077922 0.17951839826839824 0.6370400432900433 0.17789502164502163 0.6308170995670995
0 0.3479166666666667 0.47511574074074064 0.34658564814814813 0.47262731481481474 0.3469907407407407 0.4700231481481481 0.347974537037037 0.46828703703703695 0.34965277777777776 0.4672453703703703 0.353587962962963 0.4675347222222222 0.3554398148148148 0.4696180555555555 0.35596064814814815 0.47199074074074066 0.3549189814814815 0.474537037037037 0.352662037037037 0.47650462962962964 0.34965277777777776 0.4764467592592592
0 0.36406250000000007 0.4779513888888889 0.3623263888888889 0.47800925925925924 0.36059027777777775 0.47667824074074067 0.35966435185185186 0.475 0.35931712962962964 0.4730324074074073 0.360011574074074 0.4704282407407407 0.3629050925925926 0.46875 0.3674189814814815 0.47037037037037027 0.36846064814814816 0.4727430555555555 0.3682291666666667 0.4761574074074073 0.3657407407407407 0.4782407407407407
0 0.37309027777777776 0.47870370370370363 0.3719328703703703 0.4769675925925926 0.3716435185185185 0.4739583333333333 0.3733217592592593 0.47170138888888885 0.3772569444444444 0.4710069444444444 0.38032407407407404 0.4727430555555555 0.3804976851851852 0.4766203703703703 0.3798611111111111 0.4786458333333333 0.3763888888888889 0.48015046296296293
0 0.2003538995726496 0.34398370726495725 0.20002003205128205 0.34077857905982906 0.20289129273504272 0.33790731837606836 0.2054286858974359 0.33750667735042733 0.20903445512820512 0.3388421474358974 0.2097021901709402 0.3412459935897436 0.2097021901709402 0.3446514423076923 0.206897702991453 0.3469217414529915 0.20355902777777776 0.3467881944444444 0.20155582264957264 0.3458533653846154
0 0.1707732371794872 0.340244391025641 0.1706396901709402 0.33617120726495725 0.17217548076923075 0.3336338141025641 0.17511351495726496 0.33276575854700857 0.1776509081196581 0.33296607905982906 0.17972088675213674 0.3350360576923077 0.18038862179487178 0.3378405448717949 0.17972088675213674 0.34037793803418803 0.17698317307692307 0.34238114316239315 0.1745125534188034 0.3425814636752137
0 0.14633940620782734 0.33324898785425106 0.14777327935222678 0.3305499325236168 0.15106275303643732 0.32911605937921734 0.15435222672064783 0.3302125506072875 0.1561234817813766 0.33299595141700405 0.15553306342780032 0.335863697705803 0.15409919028340088 0.338478407557355 0.14971322537112017 0.3389844804318489 0.14600202429149803 0.3370445344129555
0 0.12154183535762489 0.3281882591093118 0.12390350877192989 0.32591093117408915 0.12795209176788133 0.32506747638326594 0.13183198380566807 0.3278508771929825 0.13157894736842116 0.33240553306342785 0.12803643724696365 0.3352732793522268 0.12457827260458847 0.3347672064777329 0.12221659919028348 0.3329116059379218
0 0.09784075573549264 0.3253205128205129 0.10011808367071533 0.32245276653171395 0.10298582995951425 0.32194669365722 0.10619095816464245 0.3229588394062079 0.10762483130904191 0.32557354925775983 0.1072874493927126 0.3285256410256411 0.10551619433198388 0.3303812415654521 0.102395411605938 0.33105600539811075 0.09893724696356282 0.3297908232118759 0.09792510121457497 0.3275134952766532
0 0.06874189364461737 0.31817444876783396 0.07166018158236057 0.3163099870298314 0.07773994811932555 0.3164721141374838 0.07911802853437094 0.32036316472114135 0.07773994811932555 0.324254215304799 0.07247081712062256 0.32563229571984437 0.0693093385214008 0.3239299610894942
0 0.04993514915693905 0.31817444876783396 0.05034046692607004 0.3150129701686122 0.05236705577172503 0.31347276264591445 0.05601491569390402 0.313715953307393 0.058203631647211415 0.3166342412451362 0.05682555123216602 0.319795719844358 0.055042153047989636 0.3217412451361868 0.05171854734111543 0.321416990920882
0 0.1788453565505805 0.39982379767827536 0.18278399668325046 0.39671434494195695 0.18734452736318413 0.3974398839137645 0.1890029021558873 0.4013785240464345 0.18651533996683256 0.40583540630182424 0.18319859038142625 0.40697553897180766 0.1799854892205639 0.40531716417910457
0 0.10530869324473982 0.3852090254706535 0.10946151716500561 0.3824404761904763 0.115483111849391 0.3843784606866003 0.11728266888150614 0.3879775747508306 0.11679817275747514 0.3917151162790698 0.11506782945736442 0.393999169435216 0.1115379291251385 0.395452657807309 0.10662375415282399 0.39496816168327803 0.10378599114064235 0.3921303986710964 0.10399363233665565 0.3881160022148395
0 0.056787634408602156 0.38071236559139787 0.05822772657450076 0.37706413210445466 0.06225998463901689 0.3746639784946237 0.06744431643625191 0.37562403993855603 0.06926843317972352 0.378792242703533 0.06955645161290323 0.3824404761904762 0.06734831029185867 0.3850326420890937 0.06331605222734255 0.38695276497695846 0.06053187403993855 0.38695276497695846
0 0.0426747311827957 0.3722638248847926 0.045170890937019974 0.37495199692780334 0.045170890937019974 0.37994431643625187 0.04305875576036866 0.38186443932411673 0.03979454685099846 0.38282450076804914 0.036818356374807994 0.3824404761904762 0.034226190476190466 0.38023233486943164 0.033650153609831035 0.3762000768049155 0.03470622119815668 0.37216781874039934 0.038930491551459286 0.3706317204301075
