0 0.6580357142857143 0.09077380952380952 0.669047619047619 0.09166666666666666 0.6720238095238095 0.09970238095238093 0.66875 0.10714285714285712 0.6604166666666665 0.10773809523809523 0.6547619047619048 0.10059523809523808
0 0.6785714285714285 0.12529761904761902 0.6863095238095237 0.12499999999999997 0.6916666666666665 0.13184523809523807 0.6892857142857143 0.14196428571428568 0.6791666666666666 0.14166666666666664 0.6744047619047618 0.13422619047619047
0 0.6101190476190476 0.1181547619047619 0.619047619047619 0.11875 0.6238095238095238 0.12648809523809523 0.6205357142857143 0.1357142857142857 0.6104166666666666 0.13482142857142856 0.6059523809523809 0.1261904761904762
0 0.5758928571428571 0.13779761904761903 0.5866071428571428 0.13839285714285712 0.5895833333333332 0.14970238095238095 0.5845238095238094 0.1556547619047619 0.575297619047619 0.15416666666666665 0.5708333333333332 0.14583333333333331
0 0.5419642857142857 0.1574404761904762 0.5529761904761905 0.15982142857142856 0.5553571428571428 0.1681547619047619 0.5491071428571428 0.175 0.5398809523809524 0.17232142857142857 0.5374999999999999 0.16577380952380952
0 0.5098214285714285 0.1788690476190476 0.5059523809523809 0.18630952380952379 0.5122023809523809 0.19553571428571426 0.5205357142857142 0.19374999999999998 0.5226190476190475 0.1857142857142857 0.5184523809523809 0.17738095238095236
0 0.6288690476190476 0.15238095238095237 0.6404761904761904 0.15238095238095237 0.6434523809523809 0.16160714285714284 0.6395833333333333 0.16964285714285712 0.6288690476190476 0.16845238095238094 0.6255952380952381 0.1613095238095238
0 0.5952380952380952 0.17351190476190476 0.6074404761904761 0.17351190476190476 0.6089285714285714 0.18363095238095237 0.6029761904761904 0.19047619047619047 0.5940476190476189 0.18779761904761902 0.5916666666666666 0.18035714285714285
0 0.5264880952380951 0.2130952380952381 0.5366071428571427 0.2130952380952381 0.5410714285714285 0.22232142857142856 0.5366071428571427 0.2300595238095238 0.5261904761904761 0.22916666666666666 0.5223214285714285 0.21994047619047616
0 0.7071428571428571 0.17232142857142857 0.7166666666666666 0.1744047619047619 0.7199404761904761 0.18303571428571425 0.7139880952380951 0.18988095238095237 0.7053571428571428 0.18720238095238093 0.7026785714285714 0.18035714285714285
0 0.725892857142857 0.2089285714285714 0.7369047619047618 0.2089285714285714 0.7398809523809523 0.21904761904761902 0.7336309523809523 0.22559523809523804 0.7244047619047619 0.2226190476190476 0.7223214285714286 0.2169642857142857
0 0.6229166666666666 0.22172619047619047 0.6348214285714285 0.2214285714285714 0.637797619047619 0.23482142857142857 0.6291666666666665 0.24047619047619045 0.6202380952380951 0.23363095238095236
0 0.5904761904761905 0.24166666666666667 0.6005952380952381 0.24375 0.6029761904761904 0.25208333333333327 0.5970238095238094 0.25922619047619044 0.588095238095238 0.2577380952380952 0.5863095238095238 0.24880952380952379
0 0.5553571428571428 0.2607142857142857 0.5648809523809523 0.2616071428571428 0.5687499999999999 0.2693452380952381 0.5657738095238094 0.2779761904761905 0.5547619047619047 0.2779761904761905 0.5508928571428572 0.2681547619047619
0 0.6782738095238094 0.23541666666666666 0.6886904761904761 0.23720238095238091 0.6916666666666665 0.24672619047619046 0.6851190476190476 0.25357142857142856 0.6767857142857142 0.25267857142857136 0.6735119047619047 0.2431547619047619
0 0.6446428571428571 0.2556547619047619 0.6535714285714285 0.256547619047619 0.6577380952380952 0.26398809523809524 0.6532738095238094 0.27232142857142855 0.6437499999999999 0.2732142857142857 0.6395833333333333 0.2648809523809524
0 0.7113095238095237 0.27083333333333326 0.725892857142857 0.27113095238095236 0.7300595238095237 0.28422619047619047 0.7235119047619047 0.294047619047619 0.7113095238095237 0.2934523809523809 0.7071428571428571 0.28124999999999994
0 0.675595238095238 0.2919642857142857 0.6904761904761904 0.29166666666666663 0.6928571428571427 0.3038690476190476 0.6904761904761904 0.31369047619047613 0.6788690476190475 0.3148809523809524 0.6717261904761904 0.3095238095238095 0.6723214285714285 0.2994047619047619
0 0.6104166666666666 0.27559523809523806 0.6217261904761905 0.2785714285714286 0.6229166666666666 0.28869047619047616 0.6136904761904761 0.29464285714285715 0.6074404761904761 0.2901785714285714 0.6041666666666665 0.2809523809523809
0 0.575595238095238 0.29523809523809524 0.5874999999999999 0.29999999999999993 0.5866071428571428 0.3113095238095238 0.5747023809523809 0.31309523809523804 0.5702380952380952 0.30476190476190473
0 0.5642857142857143 0.3577380952380952 0.5791666666666666 0.3583333333333333 0.5869047619047618 0.3717261904761905 0.5791666666666666 0.3839285714285714 0.5639880952380952 0.3851190476190476 0.5544642857142856 0.37261904761904757
0 0.5318452380952381 0.32113095238095235 0.5422619047619047 0.3214285714285714 0.5458333333333333 0.33124999999999993 0.5366071428571427 0.3401785714285714 0.5282738095238094 0.3363095238095238 0.5264880952380951 0.3264880952380952
0 0.48363095238095233 0.23660714285714282 0.49613095238095234 0.23958333333333334 0.49791666666666656 0.24970238095238093 0.49047619047619045 0.25535714285714284 0.4824404761904761 0.25357142857142856 0.4788690476190476 0.24702380952380948
0 0.44910714285714276 0.25744047619047616 0.4598214285714285 0.25922619047619044 0.4633928571428571 0.2675595238095238 0.45952380952380945 0.275297619047619 0.44702380952380943 0.2747023809523809 0.44553571428571426 0.26428571428571423
0 0.4163690476190476 0.2776785714285714 0.4261904761904762 0.2779761904761905 0.42916666666666664 0.29047619047619044 0.4217261904761904 0.29494047619047614 0.4139880952380952 0.29255952380952377 0.41160714285714284 0.28422619047619047
0 0.4773809523809523 0.3056547619047619 0.48839285714285713 0.3083333333333333 0.49047619047619045 0.3181547619047619 0.48303571428571423 0.32380952380952377 0.47529761904761897 0.32172619047619044 0.47321428571428564 0.3107142857142857
0 0.4967261904761905 0.34136904761904757 0.5077380952380952 0.3422619047619047 0.5101190476190476 0.35119047619047616 0.5026785714285714 0.35952380952380947 0.4949404761904761 0.3559523809523809 0.49404761904761896 0.3479166666666666
0 0.4625 0.3607142857142857 0.4726190476190476 0.3601190476190476 0.4758928571428571 0.369047619047619 0.4708333333333333 0.3773809523809524 0.46071428571428563 0.37529761904761905 0.4586309523809523 0.3675595238095238
0 0.4095238095238095 0.34434523809523804 0.419047619047619 0.34434523809523804 0.4229166666666666 0.3538690476190476 0.41666666666666663 0.36220238095238094 0.4071428571428571 0.3601190476190476 0.4047619047619047 0.35059523809523807
0 0.4285714285714285 0.3785714285714285 0.43869047619047613 0.3788690476190476 0.44315476190476183 0.3901785714285714 0.43571428571428567 0.3967261904761904 0.42648809523809517 0.3946428571428571 0.4235119047619047 0.3845238095238095
0 0.5470238095238095 0.4172619047619047 0.5541666666666666 0.4151785714285714 0.5586309523809523 0.4223214285714285 0.5547619047619047 0.4306547619047619 0.5461309523809523 0.42946428571428563 0.5449404761904761 0.4217261904761904
0 0.5184523809523809 0.3973214285714285 0.525595238095238 0.3973214285714285 0.530952380952381 0.40297619047619043 0.5276785714285714 0.4107142857142857 0.5196428571428572 0.4095238095238095 0.5166666666666666 0.40654761904761905
0 0.41220238095238093 0.44702380952380943 0.4232142857142857 0.4482142857142856 0.4270833333333333 0.45803571428571427 0.4217261904761904 0.4675595238095238 0.41190476190476183 0.4654761904761905 0.40833333333333327 0.45625
0 0.34136904761904757 0.487797619047619 0.35297619047619044 0.4895833333333333 0.356547619047619 0.49940476190476185 0.35178571428571426 0.5101190476190476 0.3389880952380952 0.5095238095238095 0.33363095238095236 0.49583333333333335
0 0.38065476190476183 0.469047619047619 0.3901785714285714 0.47291666666666665 0.39077380952380947 0.48065476190476186 0.3827380952380952 0.48690476190476184 0.37499999999999994 0.48333333333333334 0.3747023809523809 0.47440476190476183
0 0.3970238095238095 0.49910714285714275 0.4098214285714285 0.5035714285714286 0.40654761904761905 0.5166666666666666 0.39404761904761904 0.5166666666666666 0.3919642857142857 0.5032738095238094
0 0.43154761904761896 0.4794642857142856 0.44345238095238093 0.4824404761904761 0.44345238095238093 0.49226190476190473 0.43511904761904757 0.4967261904761905 0.4288690476190476 0.49404761904761896 0.42678571428571427 0.4863095238095238
0 0.4625 0.5294642857142856 0.475 0.5318452380952381 0.4758928571428571 0.5422619047619047 0.4705357142857143 0.5514880952380952 0.45803571428571427 0.5497023809523809 0.4550595238095238 0.5386904761904762
0 0.4184523809523809 0.5369047619047619 0.4276785714285714 0.5392857142857143 0.4309523809523809 0.5470238095238095 0.4270833333333333 0.5556547619047618 0.41666666666666663 0.5547619047619047 0.41369047619047616 0.5452380952380952
0 0.3821428571428571 0.5598214285714285 0.39315476190476184 0.5627976190476189 0.39523809523809517 0.5711309523809524 0.3910714285714285 0.5782738095238095 0.381547619047619 0.5764880952380952 0.37767857142857136 0.5681547619047619
0 0.3479166666666666 0.5806547619047618 0.3577380952380952 0.5842261904761905 0.3607142857142857 0.5952380952380952 0.35 0.6026785714285714 0.34136904761904757 0.5985119047619047 0.33988095238095234 0.5866071428571428
0 0.43660714285714275 0.569047619047619 0.4452380952380952 0.5702380952380952 0.4485119047619047 0.5776785714285714 0.4449404761904761 0.5848214285714285 0.43571428571428567 0.5854166666666666 0.4324404761904761 0.5773809523809523
0 0.3994047619047619 0.5913690476190476 0.4071428571428571 0.5901785714285714 0.4125 0.5976190476190476 0.4095238095238095 0.606845238095238 0.39851190476190473 0.606547619047619 0.3949404761904762 0.5982142857142857
0 0.45416666666666666 0.5991071428571427 0.46488095238095234 0.5999999999999999 0.46636904761904757 0.6104166666666666 0.46071428571428563 0.6163690476190475 0.45208333333333334 0.6148809523809523 0.4497023809523809 0.6059523809523809
0 0.5491071428571428 0.6943452380952381 0.5580357142857143 0.6922619047619047 0.5645833333333332 0.700297619047619 0.5624999999999999 0.7110119047619047 0.5517857142857142 0.7142857142857143 0.5428571428571428 0.7047619047619047
0 0.5211309523809523 0.7092261904761904 0.5318452380952381 0.713095238095238 0.5345238095238094 0.7223214285714286 0.5303571428571427 0.7300595238095237 0.5181547619047618 0.7303571428571428 0.512797619047619 0.7223214285714286 0.5145833333333333 0.7148809523809523
0 0.5672619047619047 0.7238095238095237 0.5767857142857142 0.7235119047619047 0.5836309523809523 0.7324404761904761 0.5794642857142857 0.7431547619047618 0.5675595238095238 0.7449404761904761 0.5616071428571427 0.7372023809523809 0.5624999999999999 0.7291666666666665
0 0.5348214285714286 0.7419642857142856 0.544047619047619 0.7404761904761904 0.5511904761904761 0.7464285714285714 0.5508928571428572 0.757142857142857 0.54375 0.763392857142857 0.5324404761904761 0.7586309523809524 0.5300595238095238 0.7505952380952381
0 0.7142857142857143 0.7226190476190476 0.7273809523809524 0.7220238095238094 0.7330357142857142 0.7303571428571428 0.732142857142857 0.7416666666666666 0.7214285714285714 0.7461309523809523 0.7113095238095237 0.7419642857142856 0.7062499999999999 0.732142857142857
0 0.819047619047619 0.6264880952380952 0.8297619047619047 0.6279761904761905 0.8351190476190475 0.6363095238095238 0.8300595238095237 0.6479166666666666 0.8157738095238094 0.6461309523809523 0.8119047619047618 0.6342261904761904
0 0.8464285714285714 0.6095238095238095 0.8598214285714285 0.6092261904761904 0.8651785714285712 0.6205357142857143 0.8592261904761904 0.6303571428571427 0.8473214285714286 0.6282738095238094 0.8422619047619048 0.6181547619047618
0 0.8815476190476189 0.5943452380952381 0.8904761904761904 0.5937499999999999 0.89375 0.5997023809523809 0.8904761904761904 0.6089285714285714 0.8776785714285713 0.6071428571428571 0.875892857142857 0.5988095238095238
0 0.8642857142857142 0.6389880952380952 0.8708333333333333 0.6372023809523809 0.8764880952380952 0.6416666666666666 0.8770833333333333 0.6485119047619047 0.8717261904761904 0.6547619047619048 0.8642857142857142 0.6529761904761904 0.8610119047619046 0.6431547619047618
0 0.8964285714285712 0.6181547619047618 0.9056547619047618 0.6178571428571428 0.9098214285714286 0.6270833333333332 0.9047619047619047 0.6351190476190476 0.8961309523809522 0.6354166666666665 0.8910714285714285 0.6273809523809523
0 0.8333333333333333 0.6532738095238094 0.8443452380952381 0.6529761904761904 0.8499999999999999 0.6630952380952381 0.8458333333333332 0.6726190476190476 0.8351190476190475 0.6735119047619047 0.8288690476190474 0.6654761904761903
0 0.7589285714285714 0.6988095238095237 0.7684523809523809 0.6997023809523809 0.7729166666666666 0.7062499999999999 0.7702380952380952 0.7145833333333332 0.7592261904761903 0.7157738095238094 0.7526785714285714 0.7083333333333333
0 0.7839285714285714 0.5556547619047618 0.794642857142857 0.5556547619047618 0.8014880952380952 0.5639880952380952 0.7976190476190474 0.575595238095238 0.7857142857142857 0.575595238095238 0.7794642857142856 0.5657738095238094
0 0.7395833333333333 0.5860119047619047 0.7494047619047618 0.5860119047619047 0.7529761904761904 0.593452380952381 0.7502976190476189 0.6005952380952381 0.7401785714285714 0.6011904761904762 0.7363095238095237 0.5937499999999999
0 0.7056547619047618 0.6053571428571428 0.7145833333333332 0.606845238095238 0.7190476190476189 0.6157738095238094 0.7151785714285714 0.6220238095238094 0.7071428571428571 0.6211309523809523 0.700892857142857 0.6136904761904761
0 0.713392857142857 0.5428571428571428 0.7238095238095237 0.5425595238095238 0.7270833333333332 0.5494047619047618 0.7238095238095237 0.5583333333333332 0.7136904761904761 0.5571428571428572 0.7104166666666666 0.5520833333333333
0 0.6803571428571428 0.5624999999999999 0.6889880952380952 0.5630952380952381 0.6931547619047619 0.5702380952380952 0.6892857142857143 0.5794642857142857 0.6800595238095237 0.5773809523809523 0.6761904761904761 0.5675595238095238
0 0.6997023809523809 0.5157738095238095 0.7089285714285714 0.5172619047619047 0.7098214285714285 0.5249999999999999 0.7050595238095237 0.5291666666666666 0.6979166666666665 0.5276785714285714 0.6961309523809524 0.5223214285714285
0 0.6648809523809524 0.5342261904761905 0.6729166666666666 0.5363095238095238 0.6749999999999999 0.5434523809523809 0.6711309523809523 0.550297619047619 0.6642857142857143 0.5479166666666666 0.6604166666666665 0.5401785714285714
0 0.39613095238095236 0.24375 0.4053571428571428 0.24434523809523806 0.4086309523809524 0.25208333333333327 0.40505952380952376 0.2607142857142857 0.39613095238095236 0.2598214285714286 0.3916666666666666 0.25089285714285714
0 0.33422619047619045 0.22648809523809524 0.34404761904761905 0.22648809523809524 0.34642857142857136 0.23482142857142857 0.34464285714285714 0.2425595238095238 0.3357142857142857 0.2431547619047619 0.3297619047619047 0.23720238095238091
0 0.3604166666666666 0.2607142857142857 0.3723214285714285 0.26249999999999996 0.37529761904761905 0.27291666666666664 0.369047619047619 0.2800595238095238 0.3601190476190476 0.2785714285714286 0.35684523809523805 0.26964285714285713
0 0.38095238095238093 0.2967261904761905 0.3916666666666666 0.2982142857142857 0.39553571428571427 0.3071428571428571 0.39077380952380947 0.31458333333333327 0.38065476190476183 0.31369047619047613 0.37708333333333327 0.30624999999999997
0 0.31279761904761905 0.23869047619047615 0.32232142857142854 0.23958333333333334 0.32589285714285715 0.24791666666666667 0.32291666666666663 0.25535714285714284 0.31458333333333327 0.25684523809523807 0.3092261904761905 0.2485119047619047
0 0.29166666666666663 0.25089285714285714 0.30029761904761904 0.2517857142857143 0.3050595238095238 0.2598214285714286 0.29999999999999993 0.26964285714285713 0.2901785714285714 0.2669642857142857 0.2875 0.25922619047619044
0 0.26339285714285715 0.2532738095238095 0.2720238095238095 0.25357142857142856 0.2758928571428571 0.2601190476190476 0.2732142857142857 0.2693452380952381 0.26339285714285715 0.27083333333333326 0.25863095238095235 0.2616071428571428
0 0.27232142857142855 0.30178571428571427 0.2830357142857143 0.3050595238095238 0.28482142857142856 0.31607142857142856 0.27619047619047615 0.32113095238095235 0.2693452380952381 0.31785714285714284 0.2672619047619047 0.3089285714285714
0 0.2794642857142857 0.3461309523809524 0.28928571428571426 0.34672619047619047 0.2928571428571428 0.3538690476190476 0.2889880952380952 0.36220238095238094 0.2806547619047619 0.3613095238095238 0.27619047619047615 0.3526785714285714
0 0.23184523809523805 0.3479166666666666 0.2407738095238095 0.3473214285714285 0.24642857142857139 0.3538690476190476 0.24285714285714283 0.3630952380952381 0.23333333333333334 0.36279761904761904 0.2282738095238095 0.356547619047619
0 0.32291666666666663 0.2770833333333333 0.33065476190476184 0.2797619047619047 0.33124999999999993 0.2875 0.32589285714285715 0.2913690476190476 0.31845238095238093 0.28809523809523807 0.3169642857142857 0.28244047619047613
0 0.37261904761904757 0.3684523809523809 0.3684523809523809 0.3729166666666666 0.36934523809523806 0.38065476190476183 0.3738095238095238 0.38422619047619044 0.381547619047619 0.38035714285714284 0.3791666666666666 0.3714285714285714
0 0.38809523809523805 0.3988095238095237 0.38422619047619044 0.40297619047619043 0.3845238095238095 0.4104166666666666 0.3916666666666666 0.41369047619047616 0.3988095238095237 0.4098214285714285 0.39613095238095236 0.4014880952380952
0 0.13779761904761903 0.37767857142857136 0.1470238095238095 0.37767857142857136 0.1488095238095238 0.3857142857142857 0.14583333333333331 0.39255952380952375 0.13720238095238094 0.39374999999999993 0.13124999999999998 0.3860119047619047
0 0.18988095238095237 0.5363095238095238 0.20059523809523808 0.5404761904761904 0.19910714285714284 0.5520833333333333 0.19047619047619047 0.5556547619047618 0.1839285714285714 0.5526785714285714 0.1839285714285714 0.5425595238095238
0 0.20446428571428568 0.5639880952380952 0.21279761904761904 0.5669642857142857 0.21428571428571425 0.5747023809523809 0.2095238095238095 0.581547619047619 0.20059523809523808 0.5821428571428572 0.19672619047619047 0.5717261904761904
0 0.5610576923076923 0.19310897435897437 0.5719551282051282 0.19310897435897437 0.5767628205128205 0.20176282051282055 0.5709935897435897 0.2113782051282051 0.5616987179487178 0.21009615384615388 0.5575320512820512 0.20240384615384613
0 0.7206597222222222 0.6348958333333333 0.7345486111111111 0.6352430555555555 0.7414930555555556 0.6442708333333333 0.7387152777777778 0.6588541666666666 0.7210069444444445 0.6602430555555555 0.7133680555555555 0.6487847222222222
0 0.7394097222222222 0.6637152777777778 0.7539930555555555 0.6657986111111112 0.7609375 0.6782986111111111 0.7526041666666666 0.6921875 0.7362847222222222 0.6894097222222222 0.7321180555555555 0.6758680555555555
0 0.7571180555555556 0.6182291666666667 0.7668402777777779 0.6185763888888889 0.7730902777777778 0.6272569444444445 0.7671875 0.6359375 0.7571180555555556 0.6362847222222222 0.7536458333333333 0.6282986111111112
0 0.2552083333333333 0.326171875 0.2634548611111111 0.3253038194444444 0.2684461805555556 0.33355034722222227 0.26215277777777773 0.3430989583333333 0.2536892361111111 0.3428819444444444 0.25 0.3346354166666667
0 0.22569444444444442 0.2999131944444444 0.23394097222222224 0.2986111111111111 0.2404513888888889 0.30425347222222227 0.236328125 0.3153211805555556 0.22786458333333334 0.31597222222222227 0.22157118055555558 0.3092447916666667
0 0.32795138888888886 0.3241319444444445 0.3394097222222222 0.32447916666666665 0.34600694444444446 0.33559027777777783 0.3366319444444445 0.34739583333333335 0.32586805555555554 0.3449652777777778 0.3217013888888889 0.3352430555555555
0 0.4421875 0.3269097222222222 0.4512152777777778 0.32760416666666664 0.4571180555555555 0.3345486111111111 0.4522569444444445 0.3456597222222222 0.4407986111111111 0.3425347222222222 0.43767361111111114 0.3352430555555555
0 0.6846187943262411 0.7307180851063829 0.6919326241134752 0.7302748226950354 0.6959219858156028 0.7349290780141845 0.694813829787234 0.7424645390070922 0.6886081560283687 0.7455673758865248 0.6841755319148936 0.743572695035461 0.6817375886524822 0.7373670212765957
0 0.8426490514905149 0.5232046070460704 0.8396002710027101 0.5271002710027101 0.8406165311653117 0.5330284552845529 0.8445121951219513 0.5347222222222222 0.8495934959349594 0.5333672086720866 0.8512872628726287 0.5284552845528455 0.8494241192411923 0.5248983739837398 0.8465447154471544 0.5235433604336044
0 0.6066272965879265 0.33120078740157477 0.6126968503937008 0.3307086614173228 0.6176181102362205 0.3336614173228346 0.618766404199475 0.33891076115485563 0.6172900262467192 0.343996062992126 0.6130249343832022 0.3464566929133858 0.6079396325459318 0.34662073490813644 0.6048228346456693 0.343503937007874 0.6038385826771654 0.3395669291338583 0.6038385826771654 0.3353018372703412
0 0.6150398406374503 0.3454515272244356 0.6120517928286853 0.34802456839309437 0.6113047808764941 0.35225763612217803 0.6120517928286853 0.35599269588313426 0.6140438247011952 0.35823373173970796 0.6174468791500665 0.35964475431606907 0.6201859229747676 0.3598937583001328 0.6234229747675963 0.3578187250996016 0.6252490039840638 0.35433266932270924 0.6254980079681276 0.3493525896414343 0.6242529880478088 0.34611553784860566 0.6189409030544488 0.34404050464807445
0 0.6313911022576361 0.35898074369189914 0.6275730411686588 0.3569887118193892 0.6239209827357238 0.35690571049136793 0.6207669322709163 0.3595617529880478 0.6185258964143426 0.3625498007968128 0.6185258964143426 0.36661686586985404 0.6202689243027889 0.3697709163346614 0.6231739707835326 0.3717629482071714 0.62632802124834 0.37234395750332006 0.6288180610889774 0.37151394422310763 0.6326361221779548 0.36835989375830014 0.6327191235059761 0.3633798140770253
0 0.638363213811421 0.37209495351925637 0.6347111553784861 0.3693559096945552 0.6313081009296149 0.3703519256308101 0.6271580345285525 0.3725929614873838 0.6251660026560425 0.37715803452855257 0.6257470119521913 0.38122509960159373 0.6284030544488712 0.3845451527224436 0.6324701195219123 0.3854581673306774 0.6376162018592297 0.38413014608233736 0.6402722443559098 0.38047808764940244 0.6401062416998673 0.37583001328021254
0 0.6412680041152263 0.31436471193415644 0.6496270576131687 0.31359310699588483 0.6556712962962963 0.31693672839506176 0.6567001028806585 0.32568158436213995 0.653099279835391 0.3331404320987654 0.6466692386831276 0.33429783950617287 0.6410108024691358 0.3332690329218107 0.636766975308642 0.3287680041152264 0.6357381687242798 0.32336676954732513 0.6376671810699588 0.31783693415637865
0 0.5342974290780141 0.3831449468085106 0.5385084219858156 0.3831449468085106 0.5411679964539008 0.38635859929078015 0.5397273936170213 0.3905695921985815 0.5357380319148937 0.3926750886524823 0.532635195035461 0.3907912234042553 0.5314162234042553 0.3876883865248226 0.5321919326241136 0.385582890070922
0 0.5422761524822696 0.3972185283687943 0.5462655141843972 0.397440159574468 0.5481493794326241 0.3992132092198581 0.5485926418439717 0.4033133865248226 0.5447140957446809 0.40597296099290775 0.5405031028368794 0.4047539893617021 0.5396165780141845 0.4016511524822695 0.54083554964539 0.39888076241134746
0 0.5104720744680851 0.41539228723404253 0.5144614361702128 0.4155031028368794 0.5168993794326241 0.41904920212765956 0.5153479609929078 0.42303856382978716 0.5120234929078014 0.42470079787234044 0.5089206560283688 0.4235926418439716 0.5080341312056738 0.4206006205673759 0.508699024822695 0.4179410460992908
0 0.5010527482269503 0.4014295212765957 0.5049312943262411 0.4005429964539007 0.5082557624113475 0.4033133865248226 0.5074800531914894 0.40730274822695034 0.5051529255319149 0.41062721631205673 0.5017176418439717 0.4100731382978723 0.49950132978723405 0.4081892730496453 0.4989472517730496 0.4048648049645389
0 0.4893581081081081 0.44397522522522515 0.4929617117117117 0.44375 0.49555180180180175 0.44487612612612615 0.49600225225225225 0.4482545045045045 0.4949887387387387 0.45129504504504503 0.4918355855855856 0.4529842342342342 0.4885698198198198 0.45129504504504503 0.4869932432432432 0.4482545045045045
0 0.11727855477855478 0.40340909090909094 0.1137820512820513 0.40486596736596736 0.11188811188811189 0.40865384615384615 0.11290792540792542 0.4122960372960373 0.11596736596736598 0.4146270396270397 0.12033799533799536 0.4136072261072261 0.12223193473193474 0.4105477855477856 0.12310606060606062 0.40734265734265734 0.12121212121212123 0.40442890442890445
0 0.134469696969697 0.4013694638694639 0.13913170163170163 0.4013694638694639 0.14321095571095574 0.40340909090909094 0.14321095571095574 0.40705128205128205 0.13986013986013987 0.4114219114219115 0.1349067599067599 0.412441724941725 0.1325757575757576 0.4101107226107227 0.1314102564102564 0.40705128205128205 0.13170163170163174 0.40413752913752915
0 0.1795766843971631 0.517896719858156 0.18312278368794324 0.5171210106382979 0.18633643617021273 0.5190048758865248 0.18733377659574468 0.5227726063829787 0.18578235815602834 0.5265403368794326 0.1816821808510638 0.5283133865248227 0.17813608156028365 0.5278701241134752 0.176917109929078 0.5250997340425533 0.17591976950354607 0.5223293439716312 0.17824689716312056 0.5200022163120568
0 0.1627327127659574 0.5265403368794326 0.16638962765957444 0.528091755319149 0.16749778368794324 0.5318594858156028 0.16683289007092195 0.536292109929078 0.1632867907801418 0.5380651595744681 0.15974069148936165 0.5380651595744681 0.1579676418439716 0.5365137411347518 0.15652703900709217 0.5341866134751773 0.1573027482269503 0.5310837765957447 0.15996232269503546 0.5287566489361701
0 0.48622881355932207 0.5618820621468926 0.48993644067796616 0.562058615819209 0.49231991525423735 0.565766242937853 0.49099576271186446 0.5696504237288136 0.48755296610169496 0.5710628531073447 0.48428672316384186 0.5707097457627118 0.48296257062146897 0.5682379943502825 0.4830508474576271 0.565677966101695 0.4852577683615819 0.5619703389830509
0 0.47881355932203384 0.5704449152542374 0.47996115819209045 0.5736228813559322 0.4782838983050848 0.577242231638418 0.47431144067796616 0.5783898305084746 0.4709569209039548 0.5763594632768362 0.4711334745762712 0.5731814971751412 0.4726341807909605 0.570356638418079 0.4758121468926554 0.5692090395480226
0 0.053367077464788734 0.4914539319248827 0.054394072769953054 0.49424149061032874 0.054687500000000014 0.4984228286384977 0.05270686619718311 0.5010636737089202 0.04837881455399062 0.5028242370892019 0.04397740610328638 0.5009903169014085 0.04265698356807513 0.4974691901408451 0.0430237676056338 0.49299442488262923 0.04625146713615023 0.49050029342723006
