0 0.7556039029535865 0.5147020042194093 0.7647020042194093 0.515625 0.7689214135021096 0.5222178270042194 0.7633834388185653 0.5296017932489451 0.756131329113924 0.52854694092827 0.7530986286919831 0.5228771097046413 0.7529667721518987 0.5183939873417721
0 0.736089135021097 0.526832805907173 0.7436049578059072 0.526832805907173 0.7476925105485231 0.5330300632911392 0.7443960970464135 0.5404140295358649 0.7356935654008439 0.5421281645569619 0.7321334388185653 0.5379087552742615 0.7318697257383966 0.5310522151898734
0 0.7716904008438819 0.5372494725738396 0.7786787974683543 0.5383043248945147 0.7819752109704642 0.545556434599156 0.7777558016877636 0.5520174050632911 0.7678665611814345 0.5524129746835442 0.7645701476793249 0.5463475738396624 0.767339135021097 0.5388317510548523
0 0.7463739451476793 0.5508306962025316 0.7546809071729957 0.5491165611814346 0.7596914556962024 0.5524129746835442 0.7600870253164557 0.5624340717299577 0.7525712025316456 0.5650712025316456 0.7469013713080168 0.5633570675105485 0.7446598101265822 0.5578190928270043
0 0.7846123417721519 0.5605880801687764 0.7939741561181435 0.5625659282700421 0.7934467299578059 0.5716640295358649 0.785007911392405 0.5766745780590717 0.7796017932489451 0.5731144514767932 0.7790743670886076 0.5650712025316456
0 0.7610100210970464 0.575092299578059 0.7706355485232067 0.5748285864978903 0.7745912447257384 0.582212552742616 0.7672072784810127 0.5894646624472574 0.7612737341772151 0.588014240506329 0.7578454641350211 0.5835311181434598
0 0.8024129746835442 0.592761075949367 0.812565928270042 0.5955300632911392 0.8126977848101266 0.606342299578059 0.8032041139240504 0.6092431434599156 0.7974024261603375 0.6042325949367089 0.7977979957805907 0.5972441983122363
0 0.781579641350211 0.6046281645569619 0.7905458860759493 0.6076608649789029 0.7934467299578059 0.6146492616033755 0.7868539029535864 0.6212420886075949 0.7776239451476793 0.6186049578059072 0.7759098101265821 0.6139899789029535 0.7773602320675104 0.6089794303797468
0 0.7305511603375527 0.5938159282700421 0.7379351265822784 0.5935522151898734 0.7428138185654007 0.6004087552742615 0.7367484177215189 0.6073971518987341 0.7285733122362869 0.6066060126582278 0.7263317510548523 0.5989583333333333
0 0.7131460970464135 0.6041007383966244 0.7211893459915611 0.6073971518987341 0.717761075949367 0.6191323839662447 0.7081355485232067 0.6193960970464135 0.7039161392405063 0.6126714135021096 0.7074762658227848 0.6066060126582278
0 0.7214530590717299 0.5692906118143459 0.7277821729957805 0.5735100210970464 0.725936181434599 0.5826081223628692 0.7171017932489451 0.5849815400843881 0.7128823839662447 0.579179852320675 0.7153876582278481 0.5719277426160336
0 0.6994330168776371 0.5803665611814346 0.7073444092827004 0.5844541139240506 0.7049709915611814 0.5943433544303797 0.6958728902953586 0.597507911392405 0.6917853375527426 0.5923655063291139 0.6911260548523206 0.5844541139240506
0 0.6873022151898734 0.557423523206751 0.6944224683544303 0.562829641350211 0.6879614978902953 0.5728507383966244 0.6809731012658227 0.5714003164556961 0.6779404008438819 0.5658623417721519 0.6808412447257384 0.5584783755274261
0 0.7060258438818565 0.5443697257383966 0.7135416666666665 0.5466112869198312 0.7139372362869197 0.5562368143459915 0.7045754219409281 0.5605880801687764 0.6996967299578059 0.5545226793248944 0.6999604430379747 0.5483254219409281
0 0.6866374734607218 0.6245355626326963 0.6931395966029724 0.6297107218683652 0.6899548832271762 0.6370090233545648 0.6819930997876857 0.6358147558386412 0.6809315286624203 0.6314357749469214 0.6821257961783439 0.6278529723991507
0 0.6705812101910827 0.6338243099787686 0.6766852441613588 0.6340897027600849 0.679073779193206 0.6400610403397028 0.6740313163481952 0.6465631634819532 0.6675291932059447 0.6441746284501061 0.6668657112526539 0.6383359872611465
0 0.6566480891719745 0.6416533970276008 0.6630175159235668 0.6421841825902335 0.6659368365180467 0.6481555201698513 0.6612924628450106 0.6533306794055201 0.6545249469214437 0.6524018046709129 0.6535960721868365 0.6460323779193206
0 0.6466958598726115 0.6249336518046709 0.6558519108280255 0.6293126326963906 0.6535960721868365 0.6372744161358811 0.6453688959660296 0.6374071125265393 0.6439092356687898 0.6299761146496815
0 0.6604962845010616 0.6188296178343949 0.6687234607218684 0.6200238853503185 0.6688561571125266 0.6285164543524415 0.6610270700636943 0.6290472399150743 0.6577096602972399 0.6236066878980892
0 0.6770833333333334 0.6088773885350318 0.6826565817409765 0.6117967091295117 0.6819930997876857 0.6196257961783439 0.676154458598726 0.6230759023354564 0.6724389596602972 0.618166135881104 0.6711119957537155 0.613654458598726
0 0.6646098726114649 0.5879113588110404 0.6713773885350318 0.5909633757961783 0.6701831210191083 0.599057855626327 0.6632829087048833 0.6015790870488322 0.659302016985138 0.5964039278131634 0.6607616772823779 0.5924230360934182
0 0.6502786624203821 0.5946788747346071 0.6583731422505307 0.5999867303609342 0.65479033970276 0.6088773885350318 0.6476247346072187 0.6078158174097664 0.6458996815286624 0.6013136942675158
0 0.6350185774946921 0.6042330148619958 0.643245753715499 0.6075504246284501 0.642582271762208 0.615114118895966 0.6368763269639065 0.617369957537155 0.6317011677282377 0.6139198513800423 0.6323646496815286 0.60901008492569
0 0.629578025477707 0.5871151804670913 0.6362128450106157 0.5924230360934182 0.632630042462845 0.600650212314225 0.625066348195329 0.600650212314225 0.6220143312101911 0.5958731422505307 0.6242701698513801 0.5902998938428874
0 0.6424495753715499 0.5806130573248407 0.6505440552016984 0.5832669851380042 0.6461650743099787 0.5932192144373672 0.6380705944798302 0.5920249469214437 0.6362128450106157 0.5872478768577494 0.6383359872611465 0.5810111464968153
0 0.6583731422505307 0.5714570063694266 0.6639463906581741 0.576234076433121 0.6607616772823779 0.5848593418259023 0.6526671974522293 0.5851247346072187 0.6502786624203821 0.580082271762208 0.6510748407643312 0.573978237791932
0 0.6244299336650083 0.6398735489220564 0.6299233001658374 0.6418428689883914 0.630752487562189 0.6490982587064676 0.6242226368159204 0.6511712271973467 0.619247512437811 0.648476368159204 0.6198694029850746 0.6430866500829188
0 0.6098155058043118 0.6474398839137645 0.6158271144278608 0.6496165008291874 0.617174543946932 0.6556281094527363 0.6112665837479271 0.6598776948590381 0.6063951077943616 0.6569755389718077 0.605358623548922 0.6520004145936982
0 0.5960302653399668 0.6544879767827528 0.6030783582089552 0.6598776948590381 0.6019382255389718 0.6660966003316751 0.5942682421227197 0.6667184908789386 0.5913660862354891 0.6631944444444445 0.5930244610281924 0.6588412106135987
0 0.6132359038142621 0.6179000829187395 0.6197657545605307 0.6238080431177446 0.6161380597014926 0.630752487562189 0.6095045605306799 0.6297160033167496 0.6073279436152571 0.6256737147595356 0.6085717247097844 0.6216314262023217
0 0.599450663349917 0.6267101990049752 0.6057732172470979 0.6304415422885573 0.6039075456053069 0.6378005804311775 0.5978959369817579 0.6394589552238806 0.5933354063018242 0.6354166666666666 0.5941645936981759 0.6290941127694859
0 0.5836961028192371 0.6347947761194029 0.5903296019900498 0.636867744610282 0.5910551409618574 0.6442267827529021 0.5845252902155887 0.6469216417910448 0.5804830016583749 0.6443304311774462 0.580172056384743 0.6376969320066335
0 0.5776844941956882 0.6184183250414594 0.5826596185737977 0.6226679104477613 0.5808975953565506 0.6295087064676618 0.5742640961857379 0.6303378938640133 0.570532752902156 0.6269174958540631 0.5720874792703151 0.6216314262023217
0 0.5906405472636816 0.6097118573797679 0.5969631011608624 0.6162417081260365 0.5928171641791045 0.6229788557213931 0.5867019071310117 0.6218387230514096 0.5849398839137645 0.6179000829187395 0.585976368159204 0.6127176616915423
0 0.6047367330016584 0.6028710613598673 0.6100228026533997 0.6073279436152571 0.6076388888888888 0.6142723880597015 0.5997616086235489 0.6132359038142621 0.5979995854063018 0.6091936152570481 0.599450663349917 0.6050476782752903
0 0.5981606606606608 0.23611111111111113 0.6090465465465466 0.23629879879879884 0.6126126126126126 0.24568318318318325 0.6045420420420421 0.25281531531531537 0.5953453453453453 0.24981231231231235 0.5927177177177178 0.2402402402402403
0 0.6092342342342343 0.25243993993994 0.618993993993994 0.25300300300300305 0.6214339339339339 0.2642642642642643 0.612987987987988 0.26914414414414417 0.6058558558558559 0.26557807807807815 0.6051051051051051 0.2580705705705706
0 0.5758258258258259 0.24924924924924927 0.5848348348348349 0.24924924924924927 0.5895270270270271 0.25882132132132135 0.5812687687687688 0.2665165165165166 0.5728228228228228 0.26332582582582587 0.5711336336336337 0.25600600600600604
0 0.5855855855855856 0.26520270270270274 0.5953453453453453 0.26557807807807815 0.5987237237237237 0.276463963963964 0.591403903903904 0.2828453453453454 0.5818318318318318 0.2798423423423424 0.5805180180180181 0.27327327327327333
0 0.5465465465465466 0.26614114114114124 0.5551801801801802 0.26670420420420426 0.5593093093093093 0.2723348348348349 0.5536786786786787 0.279466966966967 0.547484984984985 0.2783408408408409 0.5441066066066066 0.27139639639639646
0 0.5343468468468469 0.27402402402402404 0.5317192192192192 0.2809684684684685 0.5367867867867868 0.2871621621621622 0.543918918918919 0.28528528528528535 0.5452327327327328 0.2798423423423424 0.541478978978979 0.27308558558558566
0 0.5230855855855856 0.28021771771771775 0.5191441441441442 0.288475975975976 0.5227102102102102 0.2941066066066067 0.53003003003003 0.2926051051051051 0.5330330330330331 0.2856606606606607 0.5290915915915917 0.2817192192192193
0 0.5574324324324325 0.2845345345345346 0.5630630630630631 0.28303303303303307 0.5694444444444445 0.2873498498498499 0.5664414414414415 0.2959834834834835 0.5602477477477478 0.29542042042042044 0.5555555555555556 0.2909159159159159
0 0.5459834834834835 0.291478978978979 0.541478978978979 0.2965465465465466 0.5441066066066066 0.30386636636636644 0.552927927927928 0.3027402402402403 0.5576201201201202 0.2967342342342343 0.5506756756756757 0.2892267267267268
0 0.5345345345345346 0.297484984984985 0.5268393393393394 0.30499249249249255 0.5326576576576576 0.3121246246246247 0.5411036036036037 0.3098723723723724 0.5431681681681682 0.30405405405405406 0.5399774774774775 0.29879879879879884
0 0.496433933933934 0.2963588588588589 0.5035660660660661 0.29560810810810817 0.5075075075075075 0.3053678678678679 0.501876876876877 0.309496996996997 0.49530780780780786 0.30912162162162166 0.49155405405405406 0.3023648648648649
0 0.48198198198198205 0.30292792792792794 0.4780405405405405 0.309496996996997 0.48254504504504503 0.31662912912912916 0.49042792792792794 0.3156906906906907 0.49436936936936937 0.31081081081081086 0.4881756756756757 0.3027402402402403
0 0.5675675675675677 0.3010510510510511 0.5775150150150151 0.3010510510510511 0.5786411411411411 0.3106231231231231 0.5730105105105106 0.3160660660660661 0.5666291291291291 0.3132507507507508 0.5632507507507508 0.30668168168168175
0 0.5542417417417418 0.308933933933934 0.5510510510510511 0.3145645645645646 0.5540540540540541 0.3211336336336337 0.5625 0.32150900900900903 0.5670045045045046 0.3177552552552553 0.5608108108108109 0.3076201201201202
0 0.5442942942942943 0.3160660660660661 0.5381006006006007 0.3192567567567568 0.5405405405405406 0.3286411411411412 0.549924924924925 0.3282657657657658 0.5531156156156156 0.323948948948949 0.5480480480480481 0.3147522522522523
0 0.5058183183183184 0.3143768768768769 0.5129504504504504 0.3132507507507508 0.5159534534534536 0.3181306306306307 0.513888888888889 0.3256381381381382 0.5067567567567568 0.32713963963963966 0.5005630630630631 0.32000750750750756
0 0.49024024024024027 0.32169669669669676 0.4887387387387388 0.33051801801801806 0.4958708708708709 0.3357732732732733 0.5022522522522522 0.3325825825825826 0.5039414414414415 0.32751501501501507 0.49906156156156156 0.3207582582582583
0 0.4802927927927928 0.3284534534534535 0.47560060060060066 0.3331456456456457 0.47747747747747754 0.34121621621621623 0.485548048048048 0.3421546546546547 0.4909909909909911 0.33727477477477485 0.48629879879879884 0.3286411411411412
0 0.5135135135135136 0.3320195195195195 0.5212087087087087 0.33164414414414417 0.5257132132132133 0.33502252252252257 0.523460960960961 0.3432807807807808 0.517454954954955 0.3451576576576577 0.5121996996996997 0.3385885885885886
0 0.5011261261261262 0.3395270270270271 0.4996246246246247 0.34647147147147145 0.5043168168168168 0.3526651651651652 0.5116366366366367 0.3511636636636637 0.5140765765765766 0.34609609609609615 0.5069444444444445 0.3374624624624625
0 0.4894894894894895 0.34609609609609615 0.485548048048048 0.35135135135135137 0.487987987987988 0.35829579579579585 0.4962462462462463 0.3596096096096096 0.5007507507507508 0.3549174174174175 0.4958708708708709 0.3462837837837839
0 0.514093137254902 0.35649509803921575 0.5207107843137255 0.35747549019607844 0.5224264705882353 0.36531862745098037 0.5182598039215687 0.37144607843137256 0.5123774509803922 0.3697303921568628 0.5077205882352941 0.3631127450980392
0 0.5268382352941177 0.3486519607843137 0.535906862745098 0.3518382352941177 0.5346813725490196 0.3609068627450981 0.5268382352941177 0.36237745098039215 0.5209558823529412 0.35649509803921575
0 0.44203431372549024 0.3278186274509804 0.44963235294117654 0.3253676470588236 0.45551470588235293 0.3327205882352941 0.4501225490196079 0.33958333333333335 0.4430147058823529 0.3400735294117647 0.4378676470588236 0.33492647058823527
0 0.45355392156862745 0.34350490196078437 0.46188725490196075 0.34448529411764706 0.4636029411764706 0.3557598039215687 0.45600490196078436 0.359436274509804 0.4513480392156863 0.35625 0.4479166666666667 0.350857843137255
0 0.43982843137254907 0.3511029411764706 0.43590686274509804 0.35894607843137255 0.4412990196078432 0.36531862745098037 0.4481617647058824 0.36384803921568626 0.4503676470588236 0.359436274509804 0.44546568627450983 0.3511029411764706
0 0.42732843137254906 0.35894607843137255 0.4212009803921569 0.3645833333333333 0.4234068627450981 0.3716911764705883 0.43125 0.37389705882352947 0.4378676470588236 0.36850490196078434 0.4341911764705883 0.3606617647058824
0 0.44963235294117654 0.37095588235294114 0.4464460784313726 0.3741421568627451 0.4481617647058824 0.38100490196078435 0.4552696078431373 0.3832107843137255 0.4616421568627451 0.37757352941176475 0.4572303921568628 0.37095588235294114
0 0.4381127450980392 0.37585784313725495 0.4332107843137255 0.3814950980392158 0.4346813725490196 0.3898284313725491 0.4422794117647059 0.3898284313725491 0.44865196078431374 0.38615196078431374 0.4439950980392158 0.3780637254901961
0 0.475857843137255 0.37953431372549024 0.48198529411764707 0.38198529411764703 0.4837009803921569 0.38835784313725497 0.47708333333333336 0.3932598039215687 0.47193627450980397 0.3915441176470588 0.46899509803921574 0.3854166666666667
0 0.46041666666666664 0.38713235294117654 0.45625 0.39399509803921573 0.4587009803921569 0.3996323529411765 0.4658088235294118 0.4011029411764706 0.4709558823529413 0.39595588235294116 0.4667892156862746 0.38737745098039217
0 0.4464460784313726 0.39448529411764705 0.44203431372549024 0.3998774509803922 0.44375 0.4074754901960784 0.4513480392156863 0.40894607843137254 0.45845588235294127 0.40600490196078437 0.45306372549019613 0.39497549019607847
0 0.5952205882352941 0.3449754901960784 0.6030637254901962 0.34693627450980397 0.6030637254901962 0.35502450980392164 0.5979166666666667 0.35796568627450986 0.5912990196078431 0.35526960784313727 0.5903186274509804 0.34914215686274513
0 0.5795343137254902 0.35306372549019616 0.5768382352941177 0.35992647058823535 0.5810049019607844 0.3655637254901961 0.5881127450980392 0.36482843137254906 0.5900735294117647 0.359436274509804 0.585171568627451 0.3535539215686274
0 0.5660539215686274 0.35992647058823535 0.5621323529411765 0.3670343137254902 0.5655637254901962 0.3731617647058824 0.572671568627451 0.37487745098039216 0.5770833333333333 0.36997549019607845 0.5734068627450981 0.3609068627450981
0 0.6035539215686274 0.3611519607843137 0.6116421568627451 0.36237745098039215 0.6136029411764706 0.3704656862745099 0.6089460784313726 0.37487745098039216 0.6023284313725491 0.372671568627451 0.6006127450980392 0.3667892156862745
0 0.5878676470588236 0.36997549019607845 0.5949754901960784 0.36997549019607845 0.5993872549019608 0.3756127450980392 0.5962009803921569 0.38247549019607846 0.5905637254901961 0.3814950980392158 0.587622549019608 0.37732843137254907
0 0.5751225490196079 0.3778186274509804 0.5729166666666666 0.38247549019607846 0.5748774509803922 0.38860294117647065 0.5827205882352942 0.3888480392156863 0.5861519607843138 0.3837009803921569 0.5810049019607844 0.3783088235294118
0 0.5430147058823529 0.3753676470588236 0.5533088235294118 0.37953431372549024 0.5503676470588236 0.38860294117647065 0.5439950980392158 0.39056372549019613 0.5386029411764707 0.38762254901960785 0.5386029411764707 0.38100490196078435
0 0.53125 0.3827205882352941 0.5253676470588236 0.3912990196078432 0.5297794117647059 0.39718137254901964 0.5366421568627451 0.3974264705882354 0.5410539215686274 0.3922794117647059 0.5371323529411766 0.3841911764705883
0 0.5511029411764706 0.39080882352941176 0.5564950980392157 0.39080882352941176 0.560906862745098 0.397671568627451 0.55625 0.4042892156862745 0.5506127450980393 0.4042892156862745 0.5459558823529412 0.39791666666666664
0 0.5410539215686274 0.3966911764705883 0.5344362745098039 0.4001225490196078 0.535906862745098 0.40845588235294117 0.5439950980392158 0.41041666666666665 0.5508578431372549 0.4033088235294118 0.5462009803921569 0.40061274509803924
0 0.6545343137254902 0.3778186274509804 0.663357843137255 0.38100490196078435 0.6626225490196079 0.3927696078431373 0.6535539215686275 0.3957107843137255 0.6471813725490196 0.39105392156862745 0.6484068627450981 0.3832107843137255
0 0.6432598039215687 0.36360294117647063 0.6491421568627451 0.36409313725490206 0.6542892156862746 0.36997549019607845 0.6484068627450981 0.37634803921568627 0.6422794117647059 0.37512254901960784 0.6400735294117648 0.36875
0 0.5628676470588235 0.4109068627450981 0.5699754901960784 0.410171568627451 0.5716911764705883 0.41752450980392164 0.56875 0.4234068627450981 0.5618872549019608 0.42389705882352946 0.5579656862745098 0.41801470588235295
0 0.5486519607843138 0.4192401960784314 0.5557598039215687 0.42046568627450986 0.5574754901960784 0.4268382352941177 0.5530637254901961 0.4319852941176471 0.5479166666666667 0.43125 0.5452205882352941 0.4270833333333333
0 0.5471813725490197 0.4417892156862745 0.5569852941176471 0.44154411764705886 0.560906862745098 0.45110294117647065 0.5537990196078432 0.4572303921568628 0.5459558823529412 0.4567401960784314 0.5420343137254903 0.4501225490196079
0 0.5344362745098039 0.42781862745098037 0.5400735294117648 0.42757352941176474 0.5452205882352941 0.4329656862745099 0.5408088235294118 0.439093137254902 0.5329656862745099 0.439093137254902 0.5305147058823529 0.4329656862745099
0 0.4013480392156863 0.3756127450980392 0.4077205882352941 0.37610294117647064 0.4106617647058824 0.3841911764705883 0.40502450980392163 0.38860294117647065 0.3986519607843137 0.38713235294117654 0.3962009803921569 0.38125
0 0.39056372549019613 0.3591911764705883 0.3988970588235295 0.36017156862745103 0.40061274509803924 0.3667892156862745 0.3964460784313726 0.3721813725490196 0.3898284313725491 0.37120098039215693 0.38713235294117654 0.3658088235294118
0 0.3753676470588236 0.3692401960784314 0.3827205882352941 0.3704656862745099 0.38296568627450983 0.3787990196078432 0.3768382352941177 0.38345588235294115 0.36997549019607845 0.38100490196078435 0.36850490196078434 0.3741421568627451
0 0.3822303921568628 0.3863970588235295 0.38860294117647065 0.38590686274509806 0.39375 0.3925245098039216 0.38762254901960785 0.4001225490196078 0.3817401960784314 0.3991421568627451 0.3778186274509804 0.3927696078431373
0 0.34399509803921574 0.3832107843137255 0.3523284313725491 0.38345588235294115 0.35502450980392164 0.3922794117647059 0.35036764705882356 0.39938725490196075 0.34203431372549026 0.3974264705882354 0.33835784313725487 0.3903186274509804
0 0.32855392156862745 0.3917892156862745 0.32242647058823526 0.39816176470588244 0.3243872549019608 0.4057598039215687 0.33223039215686273 0.40845588235294117 0.3388480392156863 0.40183823529411766 0.33468137254901964 0.39399509803921573
0 0.3523284313725491 0.40183823529411766 0.3596813725490196 0.4001225490196078 0.3658088235294118 0.40698529411764706 0.3609068627450981 0.4167892156862745 0.3513480392156863 0.4167892156862745 0.34791666666666665 0.4087009803921569
0 0.33786764705882355 0.4091911764705883 0.33223039215686273 0.4167892156862745 0.335171568627451 0.42487745098039215 0.34301470588235294 0.4256127450980392 0.34938725490196076 0.42046568627450986 0.3447303921568628 0.41139705882352945
0 0.36382850241545894 0.4184782608695652 0.37137681159420294 0.4189311594202899 0.3753019323671498 0.42557367149758457 0.36926328502415456 0.4346316425120773 0.3623188405797102 0.43297101449275366 0.358846618357488 0.42632850241545894
0 0.3476751207729469 0.4276871980676329 0.3552234299516908 0.42844202898550726 0.35869565217391314 0.43493357487922707 0.35507246376811596 0.44202898550724645 0.3470712560386474 0.44217995169082125 0.34314613526570054 0.43493357487922707
0 0.2991741741741742 0.4084084084084085 0.30668168168168175 0.40934684684684686 0.3098723723723724 0.4166666666666667 0.30574324324324326 0.42379879879879884 0.2963588588588589 0.42323573573573575 0.29298048048048053 0.4155405405405405
0 0.30799549549549554 0.4262387387387388 0.31681681681681684 0.42717717717717724 0.3196321321321322 0.43543543543543545 0.3140015015015015 0.4420045045045045 0.30630630630630634 0.4410660660660661 0.3031156156156157 0.43318318318318316
0 0.29298048048048053 0.43430930930930933 0.2897897897897898 0.4410660660660661 0.29391891891891897 0.4496996996996997 0.30161411411411415 0.4481981981981983 0.3070570570570571 0.44350600600600604 0.30030030030030036 0.43318318318318316
0 0.31719219219219225 0.44369369369369377 0.32601351351351354 0.44369369369369377 0.32939189189189194 0.4512012012012013 0.3237612612612613 0.45889639639639646 0.31662912912912916 0.4572072072072072 0.3130630630630631 0.45101351351351354
0 0.30611861861861867 0.45138888888888895 0.30048798798798804 0.4553303303303304 0.3010510510510511 0.46321321321321324 0.30912162162162166 0.46677927927927937 0.31587837837837845 0.4613363363363364 0.31250000000000006 0.4527027027027027
0 0.27552552552552556 0.463963963963964 0.2834084084084085 0.46602852852852855 0.285472972972973 0.4727852852852853 0.2804054054054055 0.47897897897897895 0.27252252252252257 0.4780405405405405 0.26989489489489493 0.47034534534534533
0 0.2749624624624625 0.4814189189189189 0.2828453453453454 0.48216966966966973 0.28528528528528535 0.4889264264264264 0.28021771771771775 0.49436936936936937 0.2745870870870871 0.49305555555555564 0.2719594594594595 0.4876126126126127
0 0.3162537537537538 0.46734234234234234 0.32301051051051055 0.4690315315315316 0.32432432432432434 0.4757882882882883 0.317942942942943 0.47972972972972977 0.3140015015015015 0.4780405405405405 0.3117492492492493 0.4727852852852853
0 0.3282657657657658 0.4598348348348349 0.33521021021021025 0.46189939939939945 0.33633633633633636 0.46734234234234234 0.3335210210210211 0.4725975975975976 0.3267642642642643 0.4724099099099099 0.3237612612612613 0.46621621621621623
0 0.39264264264264265 0.4025900900900901 0.40033783783783783 0.4031531531531532 0.40090090090090097 0.41159909909909914 0.3950825825825826 0.41610360360360366 0.3890765765765767 0.4140390390390391 0.3875750750750751 0.4076576576576577
0 0.39151651651651653 0.46302552552552556 0.40033783783783783 0.46659159159159164 0.40033783783783783 0.4742867867867868 0.39339339339339346 0.4791666666666667 0.3868243243243244 0.4772897897897898 0.38551051051051055 0.4688438438438439
0 0.3755630630630631 0.4731606606606607 0.3693693693693694 0.47747747747747754 0.3716216216216216 0.48629879879879884 0.38063063063063063 0.4887387387387388 0.3858858858858859 0.4840465465465466 0.38382132132132135 0.47560060060060066
0 0.41948198198198205 0.45026276276276284 0.4264264264264264 0.4504504504504505 0.42905405405405406 0.45739489489489493 0.4247372372372373 0.46283783783783783 0.41873123123123124 0.46283783783783783 0.41535285285285295 0.4570195195195196
0 0.4375 0.4397522522522523 0.44707207207207217 0.4416291291291292 0.4450075075075075 0.45063813813813813 0.4363738738738739 0.4530780780780781 0.4337462462462463 0.4450075075075075
0 0.4645270270270271 0.42398648648648657 0.4720345345345346 0.42680180180180183 0.47184684684684686 0.43543543543543545 0.4654654654654655 0.4378753753753754 0.4594594594594595 0.4348723723723724 0.4594594594594595 0.4288663663663664
0 0.4772897897897898 0.41685435435435436 0.4851726726726727 0.4179804804804805 0.4876126126126127 0.42436186186186187 0.4810435435435436 0.4298048048048048 0.47560060060060066 0.42792792792792794 0.47334834834834844 0.4221096096096096
0 0.49155405405405406 0.40934684684684686 0.49943693693693697 0.41122372372372373 0.5003753753753754 0.4183558558558559 0.4936186186186186 0.42304804804804813 0.48967717717717724 0.42079579579579585 0.48686186186186187 0.4144144144144144
0 0.5000000000000001 0.42414529914529914 0.5090811965811967 0.42735042735042744 0.5087250712250713 0.43607549857549865 0.5008903133903134 0.43803418803418814 0.4964387464387465 0.43447293447293456 0.49768518518518523 0.42859686609686615
0 0.4850427350427351 0.4337606837606838 0.4925213675213676 0.43322649572649574 0.4967948717948718 0.43928062678062685 0.49358974358974367 0.4449786324786325 0.4859330484330485 0.44640313390313396 0.4818376068376069 0.44195156695156695
0 0.47293447293447294 0.4412393162393163 0.4688390313390314 0.44640313390313396 0.46955128205128216 0.452457264957265 0.47542735042735046 0.45548433048433057 0.4827279202279203 0.45138888888888895 0.4798789173789174 0.44319800569800577
0 0.5090811965811967 0.44230769230769235 0.5170940170940171 0.44230769230769235 0.5204772079772081 0.44907407407407407 0.5135327635327636 0.4553062678062679 0.5085470085470086 0.45263532763532766 0.5058760683760685 0.4483618233618234
0 0.4959045584045585 0.4506766381766383 0.5017806267806268 0.44943019943019946 0.5058760683760685 0.4544159544159545 0.5017806267806268 0.46242877492877504 0.4951923076923077 0.4626068376068377 0.49198717948717957 0.45619658119658124
0 0.48201566951566954 0.4581552706552707 0.4880698005698006 0.4577991452991454 0.49180911680911693 0.46385327635327644 0.488960113960114 0.46990740740740744 0.48076923076923084 0.4706196581196582 0.477920227920228 0.4645655270655271
0 0.5178062678062679 0.45886752136752146 0.524394586894587 0.4586894586894587 0.529380341880342 0.4622507122507123 0.5270655270655271 0.4697293447293448 0.5190527065527066 0.4715099715099716 0.514957264957265 0.46509971509971515
0 0.5053418803418804 0.46670227920227925 0.5101495726495727 0.4652777777777778 0.5146011396011396 0.47026353276353283 0.5135327635327636 0.47738603988603995 0.5055199430199431 0.4786324786324787 0.5012464387464388 0.4731125356125357
0 0.49109686609686615 0.4736467236467237 0.49821937321937326 0.47453703703703715 0.5016025641025642 0.4809472934472935 0.497863247863248 0.4866452991452992 0.4903846153846155 0.4868233618233619 0.4873575498575499 0.48076923076923084
0 0.44549999999999995 0.4571666666666666 0.45199999999999996 0.45699999999999996 0.4576666666666666 0.46149999999999997 0.4531666666666666 0.46883333333333327 0.4451666666666666 0.46883333333333327 0.4423333333333333 0.4631666666666666
0 0.4295 0.4678333333333333 0.435 0.4679999999999999 0.43849999999999995 0.4728333333333333 0.435 0.4793333333333333 0.4278333333333333 0.4793333333333333 0.42466666666666664 0.4726666666666666
0 0.399 0.4821666666666666 0.40666666666666673 0.482 0.411 0.4891666666666667 0.40650000000000003 0.49649999999999994 0.3995 0.49666666666666665 0.3945 0.49066666666666664
0 0.38250000000000006 0.4918333333333333 0.3895 0.49049999999999994 0.39599999999999996 0.497 0.392 0.5041666666666667 0.38483333333333336 0.5051666666666667 0.379 0.4993333333333333
0 0.41172062350119903 0.49910071942446055 0.4183153477218225 0.49970023980815353 0.4211630695443645 0.5055455635491607 0.4159172661870504 0.5121402877697842 0.4096223021582734 0.5118405275779377 0.4060251798561151 0.5052458033573142
0 0.3932853717026379 0.508543165467626 0.40077937649880097 0.5104916067146283 0.40257793764988015 0.5172362110311751 0.3974820143884892 0.5232314148681055 0.3913369304556355 0.5221822541966428 0.38788968824940045 0.5163369304556356
0 0.4195143884892087 0.5163369304556356 0.4255095923261391 0.516037170263789 0.43000599520383703 0.5212829736211032 0.42565947242206237 0.5284772182254197 0.4189148681055156 0.5284772182254197 0.4162170263788969 0.5230815347721823
0 0.40317745803357313 0.5263788968824941 0.4094724220623501 0.5266786570743406 0.41217026378896887 0.532074340527578 0.4084232613908873 0.538369304556355 0.40122901678657075 0.5379196642685852 0.39838129496402874 0.5331235011990408
0 0.6145833333333334 0.3878113026819923 0.6234434865900382 0.3878113026819923 0.62919061302682 0.3926005747126437 0.6260775862068965 0.4028975095785441 0.6164990421455939 0.4040948275862069 0.609794061302682 0.39643199233716475
0 0.5913553639846744 0.39307950191570884 0.5987787356321839 0.39140325670498083 0.6006944444444445 0.3983477011494253 0.5963840996168582 0.4014607279693486 0.5903975095785441 0.3997844827586207
0 0.6006944444444445 0.40026340996168586 0.6057231800766284 0.4052921455938698 0.6028496168582376 0.411757662835249 0.5973419540229885 0.4100814176245211 0.59375 0.4052921455938698
0 0.6488266283524904 0.3138170498084291 0.6557710727969349 0.31597222222222227 0.6557710727969349 0.32483237547892724 0.6469109195402298 0.32602969348659006 0.6437978927203065 0.32004310344827586
0 0.657926245210728 0.3289032567049809 0.6646312260536398 0.33249521072796934 0.6636733716475096 0.34063697318007663 0.6557710727969349 0.3415948275862069 0.6526580459770115 0.3351293103448276
0 0.6663074712643678 0.3449473180076629 0.67397030651341 0.34686302681992337 0.6744492337164751 0.35428639846743293 0.6670258620689655 0.35763888888888884 0.6627155172413793 0.35548371647509586 0.6617576628352491 0.349257662835249
0 0.6751676245210728 0.36147030651341 0.6823515325670498 0.36338601532567055 0.6840277777777778 0.3700909961685824 0.6763649425287357 0.3748802681992337 0.6708572796934866 0.36961206896551724
0 0.5201785714285715 0.39482142857142855 0.5219642857142858 0.397202380952381 0.5211309523809524 0.39988095238095234 0.5189285714285715 0.40154761904761904 0.5158333333333334 0.40154761904761904 0.5141071428571429 0.4003571428571428 0.5130357142857144 0.3980357142857143 0.513452380952381 0.3960714285714286 0.5154761904761905 0.39374999999999993 0.5186309523809524 0.3935119047619048
0 0.5245833333333333 0.41011904761904766 0.5276785714285714 0.41017857142857145 0.5301190476190477 0.41232142857142856 0.5301785714285715 0.41517857142857145 0.5282738095238095 0.41767857142857145 0.5255952380952381 0.4182738095238095 0.5235714285714286 0.4172619047619048 0.5223809523809524 0.4144642857142857 0.5222619047619048 0.4118452380952381
