0 0.3572819314641745 0.05393302180685357 0.36545950155763235 0.058800623052959494 0.36487538940809966 0.06873052959501558 0.35767133956386293 0.07359813084112149 0.3492990654205607 0.0710669781931464 0.34735202492211836 0.065809968847352 0.3491043613707165 0.0578271028037383
0 0.3121105919003115 0.10728193146417443 0.3008177570093458 0.10806074766355138 0.29536604361370716 0.11682242990654203 0.2971183800623053 0.12753115264797504 0.30549065420560745 0.1329828660436137 0.31756230529595014 0.12908878504672894 0.3183411214953271 0.11526479750778815
0 0.27297507788161995 0.1434968847352025 0.2610981308411215 0.1425233644859813 0.2546728971962617 0.15011682242990654 0.25661993769470404 0.1625778816199377 0.26499221183800625 0.16764018691588783 0.2737538940809969 0.16433021806853584 0.27784267912772587 0.1536214953271028
0 0.2099609375 0.10888671875 0.20052083333333334 0.10856119791666667 0.19384765625 0.11474609375 0.19417317708333334 0.12565104166666666 0.20377604166666666 0.13069661458333334 0.21175130208333334 0.12776692708333334 0.21549479166666666 0.11669921875
0 0.19349747474747478 0.18554292929292937 0.1844065656565657 0.1854166666666667 0.18049242424242432 0.19299242424242433 0.18276515151515155 0.20094696969696973 0.19046717171717176 0.20372474747474756 0.19602272727272735 0.1996843434343435 0.19829545454545458 0.1909722222222223
0 0.24551767676767683 0.21458333333333338 0.23579545454545459 0.21382575757575764 0.22986111111111115 0.2200126262626263 0.2313762626262627 0.22834595959595963 0.23781565656565662 0.23213383838383844 0.24438131313131317 0.23074494949494953 0.2479166666666667 0.2238005050505051
0 0.1431297709923664 0.21628498727735368 0.13581424936386768 0.2150127226463104 0.12993002544529259 0.22089694656488545 0.13072519083969467 0.22948473282442744 0.1366094147582697 0.2334605597964376 0.14392493638676843 0.2317111959287532 0.14758269720101783 0.22280534351145037
0 0.16809796437659033 0.23091603053435117 0.15951017811704832 0.2305979643765903 0.15410305343511452 0.23664122137404575 0.15537531806615776 0.2437977099236641 0.1607824427480916 0.24761450381679387 0.1679389312977099 0.24602417302798985 0.17159669211195927 0.23839058524173026
0 0.19306615776081423 0.2444338422391857 0.18447837150127225 0.24411577608142493 0.1790712468193384 0.2528625954198473 0.18145674300254452 0.260178117048346 0.18813613231552162 0.262881679389313 0.1944974554707379 0.26049618320610685 0.19704198473282444 0.25127226463104324
0 0.2180343511450382 0.2592239185750636 0.20833333333333331 0.2598600508905852 0.20435750636132313 0.2663804071246819 0.2056297709923664 0.2746501272264631 0.2121501272264631 0.2776717557251908 0.21962468193384221 0.2746501272264631 0.22137404580152673 0.2665394402035623
0 0.2434796437659033 0.27417302798982185 0.23330152671755722 0.2743320610687023 0.22868956743002541 0.2830788804071247 0.23202926208651395 0.29055343511450377 0.23966284987277353 0.2924618320610687 0.24602417302798985 0.2886450381679389 0.24697837150127222 0.2808524173027989
0 0.1059322033898305 0.2780720338983051 0.09639830508474576 0.2800141242937853 0.09286723163841808 0.2883121468926554 0.09586864406779662 0.2951977401129944 0.10434322033898305 0.2974929378531074 0.11034604519774012 0.2925494350282486 0.11052259887005651 0.28425141242937857
0 0.13117937853107345 0.2930790960451977 0.12199858757062146 0.2929025423728813 0.11829096045197739 0.29996468926553677 0.11987994350282487 0.30896892655367236 0.1274717514124294 0.3119703389830508 0.13435734463276836 0.3077330508474576 0.1362994350282486 0.2997881355932204
0 0.18202683615819207 0.3225635593220339 0.17319915254237286 0.3220338983050848 0.16878531073446326 0.3282132768361582 0.1693149717514124 0.3350988700564972 0.17390536723163844 0.3395127118644068 0.18149717514124294 0.339159604519774 0.18555790960451976 0.332274011299435 0.18573446327683618 0.3275070621468926
0 0.08068502824858757 0.323975988700565 0.0704449152542373 0.323975988700565 0.06673728813559322 0.33174435028248583 0.06885593220338984 0.339159604519774 0.07644774011299436 0.3419844632768362 0.08333333333333334 0.3379237288135593 0.08439265536723163 0.3308615819209039
0 0.1069915254237288 0.3375706214689265 0.09586864406779662 0.3381002824858757 0.09163135593220341 0.3448093220338983 0.09392655367231639 0.35257768361581926 0.10134180790960454 0.3557556497175141 0.10822740112994353 0.35187146892655363 0.11016949152542371 0.3456920903954802
0 0.18026129943502822 0.38312146892655363 0.17037429378531072 0.3820621468926554 0.1661370056497175 0.3900070621468926 0.1686087570621469 0.3977754237288136 0.17655367231638416 0.4014830508474576 0.1832627118644068 0.3958333333333333 0.1839689265536723 0.38877118644067804
0 0.04409722222222221 0.3850694444444444 0.034375 0.38645833333333335 0.02997685185185186 0.39479166666666665 0.03275462962962962 0.403125 0.04201388888888888 0.4049768518518518 0.048263888888888884 0.3996527777777777 0.048726851851851855 0.390625
0 0.07164351851851852 0.4010416666666667 0.059143518518518526 0.4003472222222222 0.05543981481481481 0.40798611111111105 0.05752314814814814 0.41539351851851847 0.06446759259259259 0.41932870370370373 0.07210648148148148 0.41539351851851847 0.07372685185185186 0.40659722222222217
0 0.09340277777777778 0.4144675925925926 0.08391203703703702 0.41678240740740735 0.08090277777777778 0.42442129629629627 0.0855324074074074 0.43206018518518513 0.09363425925925926 0.43206018518518513 0.09872685185185186 0.42303240740740733
0 0.11956018518518519 0.4318287037037037 0.10914351851851853 0.43113425925925924 0.1054398148148148 0.439699074074074 0.11006944444444446 0.4461805555555555 0.11701388888888888 0.4478009259259259 0.12326388888888888 0.4417824074074073
0 0.6299890350877193 0.6955592105263158 0.6304276315789473 0.6898574561403509 0.634594298245614 0.6855811403508771 0.6429276315789473 0.6863486842105263 0.6458881578947367 0.6913925438596491 0.6459978070175438 0.6965460526315789 0.6421600877192982 0.7018092105263158 0.6368969298245614 0.7027960526315788 0.6328399122807017 0.7012609649122806
0 0.6212171052631579 0.7024671052631579 0.6168311403508772 0.7018092105263158 0.6113486842105263 0.6981907894736842 0.610252192982456 0.6920504385964912 0.6135416666666667 0.6863486842105263 0.621765350877193 0.6850328947368421 0.6257127192982456 0.6878837719298245 0.6272478070175438 0.6928179824561403 0.6262609649122807 0.696984649122807 0.6243969298245614 0.7004934210526315
0 0.07763752052545164 0.47716543513957316 0.08143472906403948 0.48024425287356326 0.08307676518883424 0.48568349753694584 0.07907430213464704 0.49081486042692946 0.07384031198686379 0.4913279967159278 0.071582512315271 0.48609400656814455 0.0716851395730707 0.4817836617405583 0.07640599343185558 0.47716543513957316
0 0.10904051987767582 0.4958906727828745 0.11114296636085626 0.4981842507645261 0.11241717635066259 0.502006880733945 0.10986875637104994 0.5062754841997962 0.10598241590214066 0.5071674311926605 0.10317915392456677 0.506657747196738 0.10165010193679919 0.5046827217125383 0.10050331294597349 0.5011786442405708 0.10152268093781854 0.4980568297655454 0.10400739041794087 0.4960818042813456 0.108467125382263 0.4953172782874617
0 0.11477446483180427 0.49366080530071355 0.1117163608562691 0.49302370030581033 0.10948649337410804 0.490730122324159 0.10897680937818552 0.487289755351682 0.10974133537206932 0.48372196738022427 0.11420107033639143 0.48174694189602446 0.11872451580020386 0.4837856778797146 0.1196801732925586 0.48805428134556583 0.11821483180428134 0.4926414373088685
