0 0.440413752913753 0.34513403263403264 0.4353146853146853 0.3505244755244756 0.435460372960373 0.35766317016317023 0.4414335664335665 0.36145104895104896 0.44813519813519814 0.35999417249417254 0.4509032634032635 0.3548951048951049 0.44784382284382285 0.34673659673659674
0 0.46780303030303033 0.33959790209790214 0.4742132867132868 0.34120046620046623 0.4771270396270397 0.3483391608391609 0.4727564102564103 0.3556235431235431 0.46430652680652684 0.3551864801864802 0.46095571095571103 0.3497960372960373 0.46270396270396275 0.34338578088578087
0 0.5126748251748252 0.36451048951048953 0.5189393939393939 0.36596736596736595 0.5219988344988344 0.3742715617715618 0.5177738927738929 0.3809731934731935 0.5087412587412588 0.38243006993006995 0.5042249417249418 0.3771853146853147 0.50495337995338 0.36888111888111896
0 0.4606643356643356 0.38723776223776224 0.456002331002331 0.3907342657342658 0.4558566433566434 0.3969988344988345 0.4606643356643356 0.4000582750582751 0.46561771561771564 0.3983100233100233 0.46838578088578087 0.3933566433566434 0.46605477855477856 0.3888403263403264
0 0.44755244755244755 0.3905885780885781 0.44259906759906764 0.3926282051282052 0.4414335664335665 0.39889277389277394 0.4450757575757576 0.4019522144522145 0.4513403263403264 0.40078671328671334 0.453962703962704 0.3967074592074592 0.4522144522144523 0.3923368298368299
0 0.4801864801864802 0.3796620046620047 0.4765442890442891 0.38228438228438233 0.4765442890442891 0.38665501165501165 0.4801864801864802 0.3884032634032635 0.48397435897435903 0.38723776223776224 0.48513986013986016 0.38243006993006995
0 0.4822261072261073 0.3897144522144523 0.4775641025641026 0.3933566433566434 0.4791666666666667 0.39918414918414924 0.48470279720279724 0.39947552447552453 0.48732517482517484 0.3962703962703963 0.48601398601398604 0.3908799533799534
0 0.5231643356643357 0.4137529137529138 0.5171911421911423 0.4173951048951049 0.5166083916083917 0.4246794871794872 0.5211247086247086 0.42934149184149184 0.5284090909090909 0.42875874125874125 0.5319055944055944 0.42307692307692313 0.5298659673659674 0.416520979020979
0 0.4898018648018648 0.42060023310023315 0.48412004662004665 0.42540792540792544 0.4845571095571096 0.4325466200466201 0.49053030303030304 0.4360431235431236 0.4986888111888112 0.4335664335664336 0.5001456876456877 0.42773892773892774 0.4975233100233101 0.42132867132867136
0 0.4583333333333333 0.42642773892773894 0.4529428904428905 0.4318181818181819 0.4545454545454546 0.439539627039627 0.46110139860139865 0.4427447552447553 0.46692890442890445 0.4396853146853147 0.46896853146853146 0.433420745920746 0.4644522144522145 0.42715617715617715
0 0.4594988344988345 0.46518065268065273 0.4549825174825175 0.46984265734265734 0.4555652680652681 0.4755244755244756 0.4606643356643356 0.4775641025641026 0.46590909090909094 0.4746503496503497 0.46605477855477856 0.46751165501165504
0 0.47319347319347327 0.46226689976689983 0.4787296037296037 0.4631410256410257 0.4807692307692308 0.46882284382284384 0.4771270396270397 0.4739219114219115 0.47086247086247085 0.47348484848484856 0.46925990675990675 0.46722027972027974
0 0.48951048951048953 0.4590617715617716 0.48528554778554783 0.46328671328671334 0.48557692307692313 0.46925990675990675 0.49082167832167833 0.47188228438228447 0.4960664335664336 0.46969696969696967 0.4978146853146853 0.46532634032634035 0.495483682983683 0.4596445221445221
0 0.504516317016317 0.4552738927738928 0.5110722610722611 0.4571678321678322 0.5125291375291375 0.46430652680652684 0.506993006993007 0.46882284382284384 0.5011655011655012 0.46692890442890445 0.5 0.4600815850815851
0 0.5212703962703963 0.4530885780885781 0.5276806526806527 0.4532342657342658 0.5294289044289044 0.4600815850815851 0.5252039627039627 0.46459790209790214 0.518502331002331 0.4631410256410257 0.5174825174825175 0.4567307692307692
0 0.5367132867132868 0.44973776223776224 0.5413752913752914 0.4503205128205128 0.5441433566433567 0.4555652680652681 0.5402097902097902 0.4615384615384616 0.5329254079254079 0.4608100233100234 0.5314685314685315 0.453962703962704
0 0.46430652680652684 0.4966491841491842 0.46139277389277394 0.5017482517482518 0.46241258741258745 0.50743006993007 0.46707459207459207 0.509469696969697 0.472902097902098 0.50743006993007 0.4733391608391609 0.5023310023310024 0.47086247086247085 0.4975233100233101
0 0.4813519813519813 0.4937354312354313 0.48703379953379955 0.4960664335664336 0.4871794871794872 0.5023310023310024 0.48368298368298374 0.5064102564102565 0.4772727272727273 0.5056818181818182 0.4750874125874126 0.5004370629370629 0.4771270396270397 0.49621212121212127
0 0.4988344988344988 0.49023892773892774 0.493444055944056 0.4931526806526807 0.49227855477855487 0.4997086247086247 0.4969405594405595 0.5034965034965035 0.5027680652680654 0.5016025641025641 0.5058275058275059 0.4966491841491842 0.5034965034965035 0.49125874125874125
0 0.5110722610722611 0.48936480186480186 0.5151515151515152 0.49155011655011654 0.5170454545454546 0.4967948717948718 0.5109265734265734 0.4995629370629371 0.5072843822843823 0.4957750582750583 0.5084498834498835 0.49198717948717957
0 0.522581585081585 0.48732517482517484 0.5270979020979021 0.48878205128205127 0.5265151515151516 0.4941724941724942 0.5227272727272727 0.4978146853146853 0.5183566433566433 0.4956293706293707 0.5183566433566433 0.48951048951048953
0 0.5343822843822844 0.4845571095571096 0.5393356643356644 0.4848484848484849 0.541083916083916 0.48965617715617715 0.5374417249417249 0.4940268065268066 0.5317599067599068 0.49184149184149184 0.5316142191142191 0.48805361305361306
0 0.5456002331002332 0.48208041958041964 0.5504079254079254 0.48382867132867136 0.5506993006993007 0.48921911421911424 0.5461829836829838 0.49155011655011654 0.5422494172494172 0.4898018648018648 0.541958041958042 0.48470279720279724
0 0.5662878787878789 0.4596445221445221 0.5630827505827506 0.46357808857808863 0.5626456876456877 0.46984265734265734 0.5668706293706294 0.4727564102564103 0.5734265734265734 0.47159090909090917 0.5745920745920746 0.46707459207459207 0.5735722610722611 0.460518648018648
0 0.5702214452214452 0.4755244755244756 0.5659965034965035 0.4793123543123543 0.5655594405594406 0.4842657342657343 0.5686188811188811 0.48761655011655014 0.5738636363636364 0.48703379953379955 0.5777972027972028 0.4835372960372961 0.5767773892773893 0.476981351981352
0 0.537004662004662 0.5128205128205129 0.5329254079254079 0.5154428904428905 0.5326340326340326 0.5211247086247086 0.5362762237762239 0.5230186480186481 0.5422494172494172 0.5219988344988344 0.5426864801864801 0.5148601398601399
0 0.5393356643356644 0.5253496503496504 0.5348193473193473 0.527972027972028 0.5352564102564104 0.5332167832167832 0.539481351981352 0.5361305361305362 0.5439976689976691 0.5348193473193473 0.546474358974359 0.5291375291375292
0 0.6015625 0.7181490384615384 0.5899439102564102 0.7155448717948717 0.5869391025641025 0.7063301282051282 0.5923477564102564 0.6983173076923076 0.6033653846153846 0.6959134615384616 0.6109775641025641 0.7047275641025641 0.609375 0.7147435897435896
0 0.5444711538461537 0.6646634615384616 0.5388621794871795 0.6724759615384616 0.5422676282051282 0.6812900641025641 0.5502804487179487 0.6822916666666665 0.5566907051282051 0.6774839743589743 0.555488782051282 0.6674679487179487
0 0.5534855769230769 0.6985176282051282 0.5464743589743589 0.7051282051282051 0.548076923076923 0.7137419871794871 0.5548878205128205 0.7157451923076923 0.5616987179487178 0.7131410256410255 0.5647035256410255 0.7059294871794871 0.5596955128205128 0.6985176282051282
0 0.5114182692307692 0.672275641025641 0.5042067307692307 0.6758814102564102 0.5028044871794871 0.6840945512820512 0.5074118589743589 0.6899038461538461 0.515625 0.6889022435897435 0.5196314102564102 0.6842948717948717 0.5194310897435896 0.6766826923076923
0 0.5174278846153846 0.7057291666666665 0.5108173076923076 0.7101362179487178 0.5092147435897435 0.7185496794871795 0.516025641025641 0.7247596153846154 0.523838141025641 0.7217548076923076 0.5262419871794871 0.7125400641025641
0 0.4641426282051282 0.6844951923076923 0.4599358974358974 0.6877003205128205 0.4605368589743589 0.6949118589743589 0.4659455128205128 0.6969150641025641 0.4713541666666667 0.6943108974358975 0.47215544871794873 0.6866987179487178
0 0.4697516025641025 0.7149439102564102 0.4647435897435897 0.7209535256410255 0.4647435897435897 0.727764423076923 0.469951923076923 0.7327724358974358 0.47796474358974356 0.7301682692307692 0.4807692307692308 0.7237580128205128 0.47796474358974356 0.7171474358974358
0 0.42988782051282043 0.687900641025641 0.42487980769230765 0.6949118589743589 0.42648237179487175 0.7031249999999999 0.4324919871794871 0.7049278846153846 0.44110576923076916 0.7013221153846154 0.43950320512820507 0.6901041666666665
0 0.4364983974358974 0.7215544871794871 0.42988782051282043 0.7267628205128205 0.42988782051282043 0.735176282051282 0.43830128205128205 0.7395833333333333 0.44731570512820507 0.7345753205128205 0.4469150641025641 0.7235576923076923
0 0.16830128205128203 0.5238141025641024 0.16580128205128206 0.5231730769230769 0.1640705128205128 0.5216346153846154 0.16349358974358974 0.5196474358974358 0.16413461538461538 0.517724358974359 0.1651602564102564 0.5158012820512821 0.16804487179487176 0.5152243589743589 0.1715705128205128 0.516826923076923 0.1724679487179487 0.519198717948718 0.17125 0.5225961538461538
0 0.17714743589743592 0.525352564102564 0.17464743589743592 0.5247115384615385 0.17291666666666666 0.523173076923077 0.1723397435897436 0.5211858974358974 0.17298076923076924 0.5192628205128206 0.17400641025641025 0.5173397435897437 0.17689102564102566 0.5167628205128205 0.18041666666666667 0.5183653846153846 0.18131410256410257 0.5207371794871796 0.18009615384615388 0.5241346153846154
0 0.16669871794871796 0.5330448717948717 0.16419871794871796 0.5324038461538462 0.1624679487179487 0.5308653846153846 0.16189102564102564 0.528878205128205 0.16253205128205128 0.5269551282051281 0.16355769230769232 0.5250320512820513 0.1664423076923077 0.5244551282051282 0.1699679487179487 0.5260576923076923 0.1708653846153846 0.5284294871794872 0.16964743589743592 0.531826923076923
0 0.17689102564102566 0.53375 0.17439102564102565 0.5331089743589744 0.1726602564102564 0.5315705128205129 0.17208333333333334 0.5295833333333333 0.17272435897435898 0.5276602564102565 0.17375 0.5257371794871796 0.1766346153846154 0.5251602564102564 0.1801602564102564 0.5267628205128205 0.1810576923076923 0.5291346153846155 0.1798397435897436 0.5325320512820513
0 0.22035256410256412 0.5354166666666667 0.21785256410256412 0.5347756410256411 0.2161217948717949 0.5332371794871795 0.21554487179487183 0.53125 0.21618589743589747 0.5293269230769231 0.21721153846153848 0.5274038461538463 0.22009615384615386 0.5268269230769231 0.2236217948717949 0.5284294871794872 0.2245192307692308 0.5308012820512822 0.22330128205128208 0.534198717948718
0 0.22983974358974366 0.535224358974359 0.22733974358974365 0.5345833333333334 0.2256089743589744 0.5330448717948719 0.22503205128205134 0.5310576923076924 0.22567307692307698 0.5291346153846155 0.22669871794871801 0.5272115384615386 0.2295833333333334 0.5266346153846154 0.2331089743589744 0.5282371794871795 0.2340064102564103 0.5306089743589745 0.2327884615384616 0.5340064102564103
0 0.1548537624926514 0.5348140799529688 0.15650720164609055 0.533858759553204 0.15860155790711347 0.5345568783068783 0.15985082304526746 0.5358061434450324 0.1598875661375661 0.537827013521458 0.15867504409171077 0.5395171957671958 0.15705834803057026 0.5399948559670782 0.15489050558495004 0.5390027924750148 0.15386169900058788 0.5376800411522634 0.1541923868312757 0.5363940329218108
0 0.15992430922986475 0.5398846266901823 0.1610266019988242 0.5374595825984716 0.1630107289829512 0.5362838036449148 0.1658399470899471 0.5366879776601999 0.1671626984126984 0.5386353615520283 0.1675301293356849 0.5401418283362728 0.1661338918283363 0.5428608171663728 0.16418650793650794 0.5435956790123457 0.16201866549088773 0.5434487066431511 0.16065917107583771 0.5421994415049971
0 0.1710942092886537 0.5444407701352146 0.16933054085831864 0.5433752204585538 0.16848544973544974 0.5412073780129336 0.1687059082892416 0.5388558201058202 0.1706900352733686 0.5374595825984716 0.17318856554967665 0.5370186654908877 0.17509920634920634 0.5390027924750148 0.17565035273368607 0.5411706349206349 0.17476851851851852 0.5436691651969431 0.1714616402116402 0.5445877425044092
0 0.19632356708681883 0.558457080023084 0.19455989865648377 0.5573915303464233 0.19371480753361486 0.555223687900803 0.19393526608740672 0.5528721299936896 0.19591939307153372 0.551475892486341 0.19841792334784178 0.5510349753787572 0.20032856414737144 0.5530191023628842 0.2008797105318512 0.5551869448085044 0.19999787631668364 0.5576854750848125 0.19669099800980533 0.5586040523922786
0 0.18689441316225205 0.554634450053665 0.18513074473191699 0.5535689003770042 0.18428565360904808 0.5514010579313839 0.18450611216283994 0.5490495000242706 0.18649023914696694 0.5476532625169219 0.188988769423275 0.5472123454093382 0.19089941022280466 0.5491964723934651 0.1914505566072844 0.5513643148390853 0.19056872239211686 0.5538628451153934 0.18726184408523855 0.5547814224228595
0 0.17854833772902065 0.5526594245694654 0.17678466929868558 0.5515938748928045 0.17593957817581668 0.5494260324471844 0.17616003672960853 0.5470744745400709 0.17814416371373554 0.5456782370327223 0.1806426939900436 0.5452373199251385 0.18255333478957325 0.5472214469092656 0.183104481174053 0.5493892893548856 0.18222264695888546 0.5518878196311938 0.17891576865200715 0.55280639693866
0 0.1866846053489889 0.5415851272015655 0.1854615133724723 0.5416666666666666 0.1834637964774951 0.5401174168297456 0.18330071754729288 0.5381196999347684 0.18415688193085453 0.536244292237443 0.18570613176777562 0.5353065883887802 0.1876630789302022 0.5357550554468363 0.18929386823222438 0.5371004566210045 0.18949771689497713 0.5399135681669928 0.18823385518590996 0.5415851272015655
0 0.19300391389432486 0.5414220482713633 0.1917808219178082 0.5396689497716894 0.19198467058056096 0.5374673842139596 0.19337084148727982 0.5355512067840834 0.19585779517286364 0.5355104370515329 0.19797782126549252 0.5363666014350946 0.1985893672537508 0.5384866275277234 0.1976108936725375 0.5414628180039138 0.19487932159165036 0.5424820613176777
0 0.2181311881188119 0.5583402090209021 0.22040016501650173 0.5608842134213421 0.22033140814081412 0.5654221672167217 0.21778740374037406 0.568241199119912 0.21448707370737077 0.568722497249725 0.21139301430143018 0.5680349284928493 0.20988036303630367 0.5660409790979098 0.20926155115511558 0.5639095159515952 0.20919279427942797 0.5609529702970297 0.21139301430143018 0.5586839933993399 0.21331820682068212 0.557240099009901 0.21654977997799785 0.5579276677667767
0 0.21263063806380644 0.5564837733773377 0.21001787678767883 0.5569650715071507 0.20884900990099012 0.5559337183718372 0.20823019801980205 0.5531834433443344 0.20905528052805286 0.5518770627062707 0.21070544554455453 0.550708195819582 0.21373074807480752 0.5512582508250825 0.21448707370737077 0.5526333883388339 0.21448707370737077 0.5555211771177118
0 0.21978135313531358 0.5584089658965897 0.21737486248624865 0.5579964246424642 0.2153809130913092 0.556621287128713 0.21558718371837188 0.5542835533553355 0.21572469746974704 0.5528396589658966 0.217168591859186 0.5510519801980198 0.21971259625962603 0.550845709570957 0.2221190869086909 0.5520833333333334 0.22273789878987904 0.5542835533553355 0.22205033003300334 0.5568963146314632
0 0.22603822882288233 0.5573776127612762 0.22397552255225525 0.556277502750275 0.2234942244224423 0.553733498349835 0.2239067656765677 0.5517395489548955 0.22583195819581964 0.5503644114411441 0.2292010451045105 0.5509832233223323 0.22995737073707376 0.5525646314631464 0.22975110011001107 0.5553836633663367 0.22858223322332236 0.556758800880088
0 0.23257013201320134 0.5556586908690869 0.23050742574257432 0.5538022552255226 0.23057618261826188 0.5514645214521452 0.2318138063806381 0.549745599559956 0.23373899889989005 0.5493330583058306 0.23642051705170522 0.5498831133113311 0.23745187018701874 0.5522208470847084 0.23690181518151818 0.5544898239823983 0.23504537953795382 0.5560024752475248
0 0.21022414741474152 0.5493330583058306 0.20816144114411445 0.5485079757975797 0.20664878987898794 0.54623899889989 0.20726760176017606 0.5445200770077008 0.20919279427942797 0.5432824532453245 0.2118055555555556 0.5430074257425743 0.21373074807480752 0.5442450495049505 0.21393701870187026 0.5468578107810781 0.2124931243124313 0.5486454895489549
0 0.21008663366336638 0.5373006050605061 0.20713008800880095 0.5374381188118812 0.20499862486248632 0.5349628712871287 0.20389851485148522 0.5315250275027503 0.20623624862486253 0.5273308580858086 0.21111798679867994 0.5267808030803081 0.21393701870187026 0.5284997249724972 0.21510588558855892 0.5316625412541255 0.21414328932893292 0.535237898789879 0.21208058305830585 0.5371630913091309
0 0.20974284928492853 0.5248556105610561 0.2067863036303631 0.5252681518151815 0.2045173267326733 0.5234117161716172 0.20327970297029707 0.5207989548954896 0.20362348734873492 0.5174986248624862 0.2073363586358636 0.5154359185918592 0.2115992849284929 0.5161922442244224 0.21297442244224427 0.5193550605060506 0.21324944994499456 0.5219678217821783 0.21166804180418045 0.5241680418041804
0 0.21785616061606164 0.5250618811881189 0.21558718371837188 0.5240305280528053 0.2142120462046205 0.5219678217821783 0.21379950495049507 0.5189425192519252 0.21496837183718373 0.51626100110011 0.2188187568756876 0.5146108360836084 0.2221878437843785 0.5159172167216722 0.223700495049505 0.5177736523652365 0.2243880638063807 0.5213490099009901 0.2226003850385039 0.5243055555555556 0.21936881188118817 0.525199394939494
0 0.23621424642464253 0.5329689218921893 0.23442656765676573 0.5313187568756875 0.2336014851485149 0.5285684818481848 0.2340827832783279 0.5254056655665567 0.23703932893289334 0.5238242574257426 0.24027090209020907 0.5239617711771177 0.2428149064906491 0.5251306380638064 0.24343371837183725 0.5280184268426843 0.24295242024202424 0.5315250275027503 0.24054592959295937 0.5333127062706271 0.23855198019801985 0.533656490649065
0 0.24838421342134215 0.5322813531353136 0.24597772277227728 0.5313187568756875 0.2446025852585259 0.5292560506050605 0.24405253025302534 0.5252681518151815 0.24618399339933997 0.5230679317931793 0.2494155665566557 0.522174092409241 0.25195957095709576 0.5231366886688669 0.2540222772277228 0.5256119361936193 0.25422854785478555 0.5285684818481848 0.25195957095709576 0.5318000550055005
0 0.1684824159021407 0.4542240061162079 0.17115825688073397 0.4523126911314985 0.17504459734964323 0.4523126911314985 0.1774655963302752 0.4546699796126402 0.17752930682976553 0.45811034658511723 0.17555428134556575 0.4607861875637104 0.17287844036697247 0.4617418450560653 0.16988404689092762 0.4606587665647299 0.16835499490316005 0.45817405708460757 0.16829128440366972 0.4556256371049949
0 0.17364296636085627 0.4484900611620795 0.1714130988786952 0.44689729867482164 0.17001146788990823 0.44460372069317033 0.1696929153924567 0.44078109072375127 0.17205020387359837 0.4375318552497451 0.17485346585117229 0.4365761977573904 0.17937691131498468 0.4379141182466871 0.18122451580020388 0.4403351172273191 0.18109709480122324 0.44415774719673795 0.17969546381243626 0.44651503567787965 0.17714704383282362 0.447980377166157
0 0.18714959225280325 0.46416284403669733 0.1846011722731906 0.4630160550458716 0.18281727828746175 0.4609136085626911 0.18275356778797147 0.45689984709480125 0.1850471457696228 0.4549885321100917 0.18861493374108051 0.45403287461773706 0.19224643221202853 0.4563264525993884 0.1924375637104995 0.45963939857288477 0.19071738022426094 0.46269750254841996
0 0.18995285423037714 0.45129332313965337 0.18714959225280325 0.4507836391437309 0.1850471457696228 0.44887232415902134 0.18370922528032618 0.445559378185525 0.18447375127420998 0.4423101427115188 0.185684250764526 0.4398254332313966 0.18957059123343525 0.4384875127420999 0.19383919469928643 0.4394431702344546 0.19638761467889906 0.44281982670744147 0.1966424566768603 0.44670616717635064 0.19422145769622834 0.4495094291539245 0.19103593272171251 0.45110219164118254
0 0.20084734964322118 0.466329001019368 0.19874490316004076 0.4646725280326198 0.19785295616717632 0.4611047400611621 0.1984900611620795 0.45849260958205906 0.20110219164118243 0.45619903160040776 0.2053070846075433 0.45709097859327225 0.207664373088685 0.4590660040774719 0.2080466360856269 0.4627612130479103 0.2057530581039755 0.4658193170234455
0 0.2039054536187564 0.45326834862385323 0.20103848114169215 0.4518667176350662 0.19944571865443425 0.4489360346585117 0.19963685015290517 0.4466424566768603 0.20199413863404686 0.4437754841997961 0.2056256371049949 0.4435843527013251 0.20849260958205912 0.44460372069317033 0.20983053007135577 0.4471521406727828 0.20925713557594292 0.450210244648318 0.20683613659531092 0.4522489806320082
0 0.1541550279329609 0.45740223463687146 0.15182728119180633 0.4570530726256984 0.14967411545623832 0.4551326815642458 0.14984869646182494 0.45303770949720673 0.15153631284916197 0.45065176908752325 0.15462057728119177 0.45065176908752325 0.15642458100558657 0.45228119180633153 0.15630819366852886 0.45489990689013043 0.154969739292365 0.4572858472998138
0 0.154969739292365 0.44867318435754183 0.15264199255121041 0.44832402234636876 0.1504888268156424 0.44640363128491617 0.15066340782122903 0.4443086592178771 0.15235102420856605 0.4419227188081936 0.15543528864059586 0.4419227188081936 0.15723929236499065 0.4435521415270019 0.15712290502793294 0.4461708566108008 0.15578445065176907 0.4485567970204842
0 0.16247672253258846 0.45868249534450656 0.1601489757914339 0.4583333333333334 0.15799581005586588 0.4564129422718809 0.1581703910614525 0.45431797020484177 0.15985800744878953 0.45193202979515834 0.16294227188081933 0.45193202979515834 0.16474627560521413 0.45356145251396657 0.16462988826815642 0.4561801675977655 0.16329143389199255 0.45856610800744885
0 0.16375698324022347 0.4501862197392924 0.1614292364990689 0.4498370577281193 0.1592760707635009 0.44791666666666674 0.15945065176908751 0.44582169459962767 0.16113826815642454 0.4434357541899442 0.16422253258845435 0.4434357541899442 0.16602653631284914 0.44506517690875247 0.16591014897579143 0.4476838919925514 0.16457169459962756 0.4500698324022347
0 0.16521182495344508 0.4414571694599628 0.16288407821229053 0.4411080074487897 0.16073091247672253 0.4391876163873371 0.16090549348230912 0.43709264432029804 0.16259310986964617 0.43470670391061456 0.16567737430167598 0.43470670391061456 0.16748137802607077 0.43633612662942284 0.16736499068901306 0.4389548417132217 0.1660265363128492 0.44134078212290506
0 0.15700651769087529 0.44040968342644327 0.1546787709497207 0.44006052141527013 0.1525256052141527 0.4381401303538176 0.15270018621973933 0.4360451582867785 0.15438780260707635 0.433659217877095 0.15747206703910616 0.433659217877095 0.15927607076350095 0.4352886405959033 0.15915968342644324 0.4379073556797022 0.15782122905027937 0.44029329608938556
0 0.14881180144821382 0.43001340162605184 0.14648405470705925 0.4296642396148787 0.14433088897149124 0.4277438485534262 0.14450546997707783 0.42564887648638705 0.1461930863644149 0.4232629360767036 0.1492773507964447 0.4232629360767036 0.15108135452083948 0.4248923587955119 0.15096496718378177 0.42751107387931075 0.1496265128076179 0.42989701428899413
0 0.15749575448148193 0.43115495413746735 0.15516800774032735 0.4308057921262942 0.15301484200475934 0.4288854010648417 0.15318942301034597 0.42679042899780256 0.154877039397683 0.4244044885881191 0.1579613038297128 0.4244044885881191 0.1597653075541076 0.42603391130692736 0.15964892021704988 0.42865262639072627 0.158310465840886 0.43103856680040964
0 0.1662612469798511 0.4326634342418379 0.16393350023869654 0.43231427223066476 0.16178033450312854 0.43039388116921223 0.16195491550871513 0.4282989091021731 0.16364253189605218 0.4259129686924896 0.16672679632808196 0.4259129686924896 0.16853080005247675 0.4275423914112979 0.16841441271541904 0.4301611064950968 0.16707595833925518 0.4325470469047802
0 0.1750355553224133 0.43363310088479723 0.17270780858125875 0.4332839388736241 0.17055464284569075 0.43136354781217157 0.17072922385127734 0.42926857574513244 0.1724168402386144 0.42688263533544896 0.1755011046706442 0.42688263533544896 0.17730510839503896 0.42851205805425724 0.17718872105798128 0.43113077313805614 0.1758502666818174 0.4335167135477395
0 0.18331148337446077 0.43537917819057603 0.1809837366333062 0.4350300161794029 0.17883057089773818 0.43310962511795037 0.1790051519033248 0.43101465305091125 0.18069276829066183 0.42862871264122776 0.18377703272269164 0.42862871264122776 0.18558103644708643 0.43025813536003604 0.18546464911002872 0.43287685044383495 0.18412619473386485 0.4352627908535183
0 0.19141997935609106 0.43650336494909114 0.18909223261493652 0.436154202937918 0.1869390668793685 0.4342338118764655 0.1871136478849551 0.43213883980942636 0.18880126427229216 0.42975289939974287 0.19188552870432193 0.42975289939974287 0.19368953242871673 0.43138232211855115 0.19357314509165902 0.43400103720235006 0.19223469071549515 0.43638697761203343
0 0.20014306770056028 0.4376633501012811 0.1978153209594057 0.437314188090108 0.1956621552238377 0.43539379702865544 0.19583673622942432 0.43329882496161637 0.19752435261676135 0.4309128845519329 0.20060861704879115 0.4309128845519329 0.20241262077318595 0.43254230727074117 0.20229623343612824 0.43516102235454 0.20095777905996437 0.4375469627642234
0 0.13327702702702698 0.36841216216216216 0.1351914414414414 0.3689752252252252 0.13620495495495494 0.3712274774774774 0.13626126126126123 0.3738175675675675 0.1349099099099099 0.37561936936936935 0.13288288288288286 0.37640765765765766 0.13085585585585585 0.3762387387387387 0.12905405405405404 0.37522522522522517 0.12832207207207205 0.3738175675675675 0.1283783783783784 0.37100225225225225 0.12916666666666668 0.3691441441441441 0.13102477477477473 0.36858108108108106 0.13254504504504505 0.3680743243243243
0 0.13260135135135134 0.3574887387387387 0.13451576576576577 0.35805180180180174 0.1355292792792793 0.36030405405405397 0.1355855855855856 0.3628941441441441 0.13423423423423425 0.3646959459459459 0.13220720720720722 0.3654842342342342 0.1301801801801802 0.36531531531531525 0.1283783783783784 0.3643018018018017 0.1276463963963964 0.3628941441441441 0.12770270270270273 0.3600788288288288 0.128490990990991 0.35822072072072064 0.13034909909909909 0.3576576576576576 0.1318693693693694 0.35715090090090085
0 0.1323198198198198 0.34667792792792795 0.1342342342342342 0.347240990990991 0.13524774774774775 0.3494932432432432 0.13530405405405405 0.35208333333333336 0.13395270270270268 0.35388513513513514 0.13192567567567565 0.35467342342342345 0.12989864864864867 0.3545045045045045 0.12809684684684683 0.35349099099099096 0.12736486486486484 0.35208333333333336 0.1274211711711712 0.34926801801801804 0.12820945945945947 0.3474099099099099 0.13006756756756754 0.34684684684684686 0.13158783783783784 0.3463400900900901
0 0.14346846846846845 0.34082207207207205 0.14538288288288284 0.3413851351351351 0.1463963963963964 0.3436373873873873 0.1464527027027027 0.34622747747747745 0.14510135135135135 0.34802927927927924 0.1430743243243243 0.34881756756756754 0.1410472972972973 0.3486486486486486 0.13924549549549547 0.34763513513513505 0.1385135135135135 0.34622747747747745 0.13856981981981983 0.34341216216216214 0.13935810810810811 0.341554054054054 0.1412162162162162 0.34099099099099095 0.1427364864864865 0.3404842342342342
0 0.14391891891891892 0.35292792792792793 0.14583333333333334 0.35349099099099096 0.14684684684684687 0.35574324324324325 0.14690315315315317 0.35833333333333334 0.14555180180180183 0.3601351351351352 0.1435247747747748 0.36092342342342343 0.1414977477477478 0.3607545045045045 0.13969594594594598 0.359740990990991 0.138963963963964 0.35833333333333334 0.1390202702702703 0.3555180180180181 0.1398085585585586 0.3536599099099099 0.14166666666666666 0.3530968468468469 0.143186936936937 0.3525900900900901
0 0.14442567567567569 0.3648085585585586 0.1463400900900901 0.3653716216216216 0.14735360360360364 0.36762387387387385 0.14740990990990993 0.370213963963964 0.1460585585585586 0.3720157657657658 0.14403153153153156 0.3728040540540541 0.14200450450450455 0.37263513513513513 0.14020270270270274 0.3716216216216216 0.13947072072072075 0.370213963963964 0.1395270270270271 0.3673986486486487 0.14031531531531538 0.3655405405405405 0.14217342342342343 0.3649774774774775 0.14369369369369375 0.36447072072072073
0 0.15273809523809523 0.33964285714285714 0.15035714285714288 0.33875 0.1494642857142857 0.3369047619047619 0.14964285714285713 0.33488095238095233 0.15142857142857144 0.3331547619047619 0.15398809523809523 0.3332142857142857 0.15541666666666668 0.33416666666666667 0.15589285714285714 0.33625 0.15535714285714286 0.3381547619047619 0.15452380952380954 0.3394047619047619
