0 0.7577319587628867 0.11018041237113403 0.7560137457044674 0.11490549828178694 0.7583762886597938 0.12113402061855671 0.7646048109965636 0.12199312714776632 0.7684707903780069 0.11834192439862544 0.7686855670103093 0.11232817869415809 0.762671821305842 0.10867697594501718
0 0.7779209621993127 0.09836769759450173 0.7736254295532647 0.10287800687285224 0.7744845360824743 0.10975085910652922 0.7804982817869416 0.11232817869415809 0.7871563573883162 0.10953608247422682 0.7901632302405498 0.10373711340206185 0.7839347079037801 0.09858247422680413
0 0.7912371134020619 0.08397766323024056 0.7890893470790379 0.09106529209621994 0.7914518900343643 0.09664948453608246 0.797680412371134 0.09793814432989692 0.8028350515463918 0.09385738831615122 0.8019759450171823 0.08784364261168384 0.796606529209622 0.08376288659793815
0 0.8019759450171823 0.10674398625429554 0.8082044673539519 0.10524054982817871 0.8135738831615121 0.10803264604810996 0.8133591065292097 0.11404639175257733 0.8101374570446735 0.11855670103092784 0.8034793814432989 0.11726804123711339 0.8000429553264606 0.1131872852233677
0 0.7099358974358974 0.2184294871794872 0.7144230769230769 0.21602564102564104 0.7185897435897436 0.2184294871794872 0.7198717948717949 0.22435897435897437 0.7165064102564103 0.2280448717948718 0.7112179487179486 0.22676282051282054 0.7091346153846153 0.22403846153846155
0 0.6977564102564102 0.22259615384615386 0.695352564102564 0.2264423076923077 0.6958333333333332 0.23301282051282055 0.7017628205128205 0.23493589743589743 0.7064102564102563 0.23317307692307693 0.7089743589743589 0.22724358974358974 0.7044871794871794 0.22003205128205128
0 0.6834935897435896 0.22980769230769232 0.6886217948717949 0.22820512820512823 0.6932692307692306 0.23028846153846155 0.695352564102564 0.23509615384615387 0.6921474358974358 0.24102564102564103 0.6858974358974358 0.24150641025641026 0.6825320512820512 0.2387820512820513 0.6809294871794871 0.23429487179487177
0 0.6955128205128205 0.23926282051282052 0.6934294871794872 0.24471153846153845 0.6948717948717948 0.2501602564102564 0.7001602564102564 0.25240384615384615 0.7049679487179487 0.2501602564102564 0.7067307692307692 0.24439102564102563 0.7016025641025639 0.23846153846153845
0 0.7229166666666665 0.24054487179487177 0.7165064102564103 0.23894230769230768 0.7116987179487179 0.24198717948717946 0.7112179487179486 0.24743589743589742 0.7139423076923076 0.25080128205128205 0.720352564102564 0.2516025641025641 0.7246794871794872 0.24711538461538463
0 0.6580128205128204 0.25272435897435896 0.6568910256410256 0.257051282051282 0.6586538461538461 0.2618589743589744 0.6639423076923077 0.26314102564102565 0.6677884615384615 0.2604166666666667 0.6681089743589743 0.25560897435897434 0.6626602564102564 0.25176282051282056
0 0.6717948717948717 0.23509615384615387 0.669551282051282 0.23926282051282052 0.6714743589743589 0.24439102564102563 0.676602564102564 0.2448717948717949 0.6798076923076922 0.24198717948717946 0.680128205128205 0.23653846153846156 0.6767628205128204 0.23525641025641028
0 0.6531456953642385 0.3141556291390729 0.6583885209713025 0.3123620309050773 0.66280353200883 0.3147075055187638 0.6640452538631347 0.31939845474613693 0.6614238410596026 0.3243653421633554 0.6561810154525386 0.3258830022075055 0.652317880794702 0.32284768211920534 0.6516280353200883 0.31732891832229576
0 0.6389348785871966 0.29621964679911705 0.6452814569536424 0.2952538631346579 0.6498344370860928 0.2977373068432671 0.6513520971302429 0.30325607064017657 0.6485927152317881 0.30836092715231783 0.6416942604856513 0.3086368653421634 0.6372792494481236 0.304083885209713
0 0.6512141280353202 0.28504415011037526 0.6560430463576159 0.28352649006622516 0.6619757174392936 0.28628587196467997 0.6630794701986755 0.2919426048565122 0.6582505518763797 0.29608167770419425 0.652317880794702 0.29483995584988965 0.6492825607064018 0.29111479028697573
0 0.627621412803532 0.28476821192052976 0.6323123620309051 0.2836644591611479 0.6365894039735099 0.2873896247240618 0.635485651214128 0.29277041942604853 0.6301048565121413 0.2953918322295806 0.6262417218543047 0.2919426048565122 0.6256898454746137 0.2887693156732892
0 0.6667184908789386 0.3022906301824213 0.6726264510779436 0.30032131011608626 0.6777052238805971 0.3024979270315092 0.6792599502487562 0.3083022388059702 0.675839552238806 0.31348466003316755 0.6710717247097844 0.31348466003316755 0.6667184908789386 0.3113080431177446 0.6650601160862355 0.3069548092868989
0 0.6397699004975125 0.2727508291873964 0.6454705638474295 0.271610696517413 0.6495128524046435 0.27534203980099503 0.6476471807628524 0.28073175787728033 0.6428793532338308 0.2820791873963516 0.6393553067993366 0.28083540630182424 0.6376969320066335 0.27648217247097845
0 0.6662002487562189 0.2688121890547264 0.6723155058043118 0.2672574626865672 0.6766687396351575 0.27192164179104483 0.6746994195688225 0.27751865671641796 0.6696206467661692 0.2788660862354893 0.6662002487562189 0.2767931177446103 0.6638163349917082 0.2729581260364843
0 0.46729033970276 0.28708864118895966 0.4722001061571125 0.2849654989384289 0.4793657112526539 0.2874867303609342 0.480958067940552 0.2939888535031847 0.47790605095541394 0.30022558386411885 0.4716693205944798 0.3010217622080679 0.4667595541401274 0.29863322717622076 0.46450371549893843 0.2930599787685775
0 0.48148885350318466 0.272890127388535 0.48825636942675155 0.2706342887473461 0.49462579617834396 0.2740843949044586 0.49621815286624205 0.28005573248407645 0.49329883227176213 0.2869559447983015 0.48639861995753714 0.2878848195329087 0.4810907643312101 0.2844347133757961 0.478702229299363 0.27992303609341823
0 0.5040472399150743 0.25351645435244163 0.5086916135881103 0.25046443736730356 0.5149283439490445 0.2528529723991507 0.5174495753715499 0.2586916135881104 0.51453025477707 0.2669187898089172 0.5077627388535031 0.26758227176220806 0.5032510615711252 0.2651937367303609 0.5012606157112526 0.2590897027600849
0 0.4696788747346072 0.25139331210191085 0.4668922505307855 0.2557722929936305 0.4690153927813163 0.25988588110403393 0.47273089171974525 0.2620090233545648 0.4765790870488323 0.260682059447983 0.4800291932059448 0.2544453290870488 0.4737924628450106 0.2500663481953291
0 0.4984546703296704 0.25898580586080583 0.4935325091575092 0.25990155677655674 0.49147206959706957 0.2643658424908425 0.49456272893772896 0.268143315018315 0.49834020146520147 0.26905906593406587 0.5016597985347986 0.26631181318681313 0.5018887362637362 0.261389652014652
0 0.5986305361305362 0.3091491841491842 0.6051864801864801 0.307983682983683 0.6088286713286714 0.31381118881118886 0.6054778554778555 0.31993006993006995 0.6008158508158509 0.31993006993006995 0.5964452214452215 0.31570512820512825
0 0.5906177156177157 0.32313519813519814 0.5887237762237763 0.32736013986013984 0.5910547785547786 0.3321678321678322 0.5957167832167833 0.333041958041958 0.6002331002331003 0.3301282051282052 0.6005244755244755 0.32532051282051283 0.5954254079254079 0.32109557109557113
0 0.609411421911422 0.333479020979021 0.6140734265734266 0.3320221445221445 0.6187354312354313 0.3350815850815851 0.6191724941724942 0.34003496503496505 0.616404428904429 0.34484265734265734 0.6091200466200467 0.34484265734265734 0.6066433566433567 0.34003496503496505
0 0.5964452214452215 0.34294871794871795 0.5938228438228438 0.347465034965035 0.594551282051282 0.3532925407925408 0.5990675990675991 0.3543123543123543 0.604458041958042 0.3527097902097902 0.6056235431235432 0.3480477855477856 0.6027097902097902 0.3430944055944056
0 0.4069055944055944 0.44580419580419584 0.4152097902097902 0.44289044289044294 0.42191142191142195 0.44609557109557113 0.42365967365967366 0.4536713286713287 0.4197261072261073 0.4578962703962704 0.4118589743589744 0.4592074592074592 0.40734265734265734 0.4549825174825175
0 0.46634615384615385 0.439539627039627 0.4723193473193474 0.4357517482517483 0.4785839160839161 0.4398310023310023 0.4788752913752914 0.44565850815850816 0.4752331002331003 0.45148601398601407 0.46780303030303033 0.45148601398601407 0.46430652680652684 0.44624125874125875
0 0.41026785714285724 0.4790178571428571 0.40877976190476195 0.4894345238095238 0.4132440476190477 0.49538690476190483 0.42247023809523815 0.49508928571428573 0.4266369047619048 0.4891369047619048 0.4245535714285715 0.4819940476190477 0.4180059523809524 0.478125
0 0.45044642857142864 0.4769345238095238 0.44508928571428574 0.4822916666666667 0.44657738095238103 0.4891369047619048 0.452827380952381 0.4915178571428571 0.45907738095238104 0.4891369047619048 0.4602678571428571 0.4819940476190477
0 0.45372023809523815 0.45907738095238104 0.45699404761904766 0.4558035714285715 0.4650297619047619 0.4563988095238095 0.4691964285714286 0.4632440476190477 0.4650297619047619 0.4706845238095238 0.4563988095238095 0.4703869047619048 0.45401785714285714 0.465625
0 0.47514880952380956 0.4962797619047619 0.47247023809523814 0.5037202380952381 0.4754464285714286 0.509375 0.48497023809523815 0.5105654761904762 0.4891369047619048 0.502529761904762 0.4831845238095238 0.49508928571428573
0 0.46622023809523816 0.5188988095238095 0.47247023809523814 0.5153273809523811 0.4793154761904762 0.5174107142857144 0.4819940476190477 0.5257440476190477 0.4769345238095238 0.5302083333333333 0.46741071428571435 0.5290178571428571
0 0.434077380952381 0.503125 0.43973214285714285 0.4980654761904762 0.4477678571428571 0.4995535714285715 0.4495535714285715 0.5087797619047619 0.4430059523809524 0.5138392857142857 0.43616071428571435 0.5099702380952381
0 0.3629464285714286 0.6263392857142858 0.37098214285714287 0.6254464285714286 0.37901785714285724 0.6319940476190475 0.3754464285714286 0.6415178571428571 0.36532738095238104 0.6412202380952382 0.3608630952380953 0.6358630952380953
0 0.47782738095238103 0.5358630952380953 0.4757440476190477 0.5424107142857143 0.4819940476190477 0.5495535714285715 0.48854166666666665 0.5501488095238095 0.4941964285714286 0.5441964285714286 0.49211309523809527 0.5367559523809524 0.4858630952380953 0.534077380952381
0 0.38258928571428574 0.6507440476190476 0.3927083333333333 0.6504464285714286 0.39836309523809527 0.6566964285714286 0.3956845238095239 0.6647321428571429 0.38645833333333335 0.6674107142857143 0.38110119047619057 0.6647321428571429 0.3784226190476191 0.6575892857142858
0 0.49389880952380955 0.7816964285714285 0.5037202380952381 0.7808035714285715 0.509375 0.7876488095238094 0.5055059523809524 0.7956845238095239 0.4962797619047619 0.796577380952381 0.49211309523809527 0.790327380952381
0 0.5007440476190477 0.8063988095238095 0.5111607142857143 0.8040178571428572 0.5177083333333333 0.8123511904761905 0.5123511904761905 0.8206845238095238 0.5040178571428572 0.8203869047619048 0.49895833333333334 0.8138392857142858
0 0.5302083333333333 0.971875 0.5272321428571428 0.9769345238095237 0.528125 0.9819940476190476 0.534077380952381 0.984672619047619 0.5400297619047619 0.9816964285714285 0.5415178571428572 0.9754464285714285 0.5361607142857143 0.9709821428571428
0 0.5185574229691877 0.8478203781512605 0.5188200280112045 0.8464198179271709 0.5198704481792717 0.8446691176470589 0.5220588235294118 0.8443627450980391 0.5244660364145658 0.8451067927170869 0.525516456582633 0.8471200980392157 0.5246411064425771 0.8499649859943977 0.5221025910364145 0.8513655462184874 0.5195203081232493 0.850358893557423
0 0.510766806722689 0.8406425070028012 0.5106792717086835 0.8388042717086835 0.5112482492997198 0.8369660364145658 0.5126925770308123 0.835828081232493 0.5145745798319328 0.8356530112044818 0.516500350140056 0.8361782212885154 0.5177696078431372 0.8379289215686275 0.5168504901960784 0.8404674369747899 0.5150560224089635 0.8416929271708683 0.5136116946778712 0.841999299719888 0.5120360644257703 0.8417804621848739
0 0.5032387955182073 0.8321078431372549 0.5027573529411764 0.8297006302521008 0.5042892156862745 0.8274684873949579 0.5069590336134453 0.8268557422969188 0.5088848039215687 0.8278623949579832 0.5101540616246498 0.8307510504201682 0.5076593137254901 0.8335084033613446 0.5061274509803921 0.8340336134453782 0.5037640056022409 0.8332020308123249
0 0.5157542390405293 0.8290296732837055 0.5159610215053763 0.827297870140612 0.5169432382133995 0.8256177626137302 0.5187525847808105 0.8249974152191892 0.5208462572373863 0.8252041976840364 0.5221903432588916 0.8268584574028122 0.5223454301075269 0.8297534119106699 0.5209754962779156 0.831355976013234 0.5193987799834574 0.831562758478081 0.5176669768403639 0.831149193548387 0.5166072167080231 0.8303479114971049
0 0.47489235055724416 0.7965108915906788 0.4721061296859169 0.7971441236068896 0.46969984802431614 0.7946745187436677 0.4692565856129686 0.792268237082067 0.4700164640324215 0.7894186930091186 0.4728026849037487 0.7878989361702127 0.475652228976697 0.7880889057750761 0.4772353090172239 0.7896719858156028 0.47799518743667674 0.7930914387031408 0.47710866261398177 0.7953710739614995
0 0.4843275075987842 0.7945478723404255 0.4821745187436677 0.7944845491388045 0.4807814083080041 0.7925215298885512 0.48059143870314086 0.7901785714285714 0.4823011651469098 0.7882788753799391 0.4857839412360689 0.7884055217831814 0.48743034447821687 0.790748480243161 0.48584726443769 0.7939779635258358
0 0.4903432117527862 0.8120883991894631 0.48698708206686925 0.8105053191489362 0.4861005572441743 0.8083523302938197 0.4880635764944276 0.8050595238095238 0.49046985815602834 0.804362968591692 0.49325607902735563 0.8058194022289767 0.49369934143870314 0.807719098277609 0.4931927558257345 0.8105686423505574 0.4914197061803444 0.8123416919959473
0 0.46987499999999993 0.7471666666666666 0.46987499999999993 0.7455416666666667 0.470875 0.7442083333333332 0.47293749999999996 0.7435208333333333 0.47495833333333326 0.7448333333333333 0.4755833333333333 0.7464999999999999 0.47520833333333334 0.7481041666666666 0.4736041666666666 0.7492291666666666 0.47231249999999997 0.7494166666666666 0.4709999999999999 0.749
0 0.4661249999999999 0.7424166666666666 0.4650208333333333 0.7414999999999999 0.46416666666666667 0.7402708333333333 0.46443749999999995 0.7388125 0.4656666666666666 0.7372708333333332 0.4674791666666666 0.7365416666666665 0.4691666666666667 0.7373124999999999 0.4703125 0.7388541666666667 0.47008333333333324 0.7406458333333333 0.46954166666666663 0.7418333333333332 0.4681458333333333 0.7426458333333333 0.46710416666666665 0.7427083333333333
0 0.48191214470284244 0.7479328165374677 0.48210594315245475 0.7469638242894057 0.48297803617571056 0.745671834625323 0.48404392764857884 0.7450258397932816 0.4856912144702843 0.7450258397932816 0.4870801033591731 0.7460594315245479 0.4875 0.747577519379845 0.4874354005167959 0.7493540051679587 0.4858204134366925 0.7503875968992249 0.48388242894056854 0.7508397932816537 0.48262273901808794 0.7498708010335917 0.4818152454780362 0.7487403100775194
0 0.47677648578811366 0.7400193798449612 0.47790697674418603 0.738468992248062 0.480264857881137 0.7379198966408269 0.481750645994832 0.7390180878552972 0.4822351421188631 0.7406330749354005 0.48204134366925067 0.7423449612403101 0.4808785529715762 0.7434431524547803 0.47965116279069764 0.7438307493540052 0.47835917312661497 0.7434754521963824 0.47709948320413437 0.7425387596899224 0.47655038759689927 0.7413113695090439
0 0.47369286003236244 0.7369665250809061 0.47275738268608414 0.7367389765372168 0.47187247168284785 0.7360816140776698 0.4713415250809061 0.7351208535598704 0.4713162419093851 0.7341853762135921 0.4715943567961165 0.7330476334951456 0.47222643608414233 0.7321880056634303 0.4737939927184466 0.7315053600323624 0.47503286812297724 0.7315812095469255 0.4765498584142394 0.7330476334951456 0.47682797330097076 0.7344634911003235 0.4762970266990291 0.7363091626213593 0.47478003640776695 0.7369412419093851
0 0.4391501650165016 0.7241130363036304 0.43713902640264035 0.7240614686468647 0.4355919966996699 0.7233395214521452 0.43487004950495056 0.7219987623762375 0.4354888613861385 0.7193688118811882 0.4369843234323433 0.7185437293729372 0.439253300330033 0.7183890264026404 0.44085189768976896 0.7197297854785478 0.4411613036303631 0.7215862211221122 0.4406456270627064 0.7233395214521452
0 0.44358498349834974 0.7190594059405939 0.4421926567656766 0.7179249174917491 0.44141914191419135 0.7159137788778878 0.4419863861386138 0.7139026402640263 0.4439975247524753 0.7125103135313532 0.4469884488448846 0.7132322607260725 0.44807136963696376 0.7156559405940593 0.44724628712871284 0.7183890264026404 0.4456476897689769 0.7190078382838283 0.44456476897689773 0.7192141089108911
0 0.45560024752475253 0.713954207920792 0.4542594884488449 0.7128197194719471 0.4540016501650164 0.7110664191419142 0.45482673267326734 0.7090037128712872 0.4565800330033003 0.7082301980198019 0.45890057755775576 0.708694306930693 0.46003506600660066 0.7101897689768978 0.45993193069306926 0.7125103135313532 0.4584880363036304 0.7139026402640263 0.45663160066006603 0.7143667491749176
0 0.4491542904290429 0.706631600660066 0.44838077557755773 0.704878300330033 0.448329207920792 0.7024030528052805 0.4503403465346535 0.7007528877887789 0.4530218646864686 0.7017326732673267 0.45441419141914197 0.7032281353135313 0.4539500825082509 0.7053424092409241 0.4527124587458746 0.7065284653465347 0.45049504950495056 0.7074051155115513
0 0.3820934390547263 0.736298973880597 0.37913945895522383 0.7367265236318408 0.3773126554726368 0.7354827425373134 0.37657416044776115 0.734394434079602 0.37645755597014924 0.7315959266169153 0.3778568097014925 0.7300412002487562 0.38018889925373134 0.7289528917910447 0.38275419776119396 0.7300800684079601 0.3838425062189054 0.7326453669154228 0.38392024253731344 0.7351717972636815
0 0.38667988184079605 0.730352145522388 0.38500855099502485 0.7295359141791045 0.3839591106965174 0.7281366604477612 0.3836870335820895 0.7260766480099502 0.3845810012437811 0.7235113495024875 0.38765158582089554 0.7228117226368159 0.3899448072139304 0.7234336131840795 0.3914217972636816 0.7256490982587064 0.3921214241293532 0.7275536380597015 0.39103311567164173 0.7295747823383084 0.38943952114427854 0.7306630907960199
0 0.3852417599502488 0.744072605721393 0.38380363805970147 0.7438005286069651 0.38252098880597013 0.7422846703980099 0.38182136194029853 0.7404967350746268 0.38232664800995025 0.7383589863184079 0.38427005597014924 0.7367265236318408 0.38625233208955223 0.736376710199005 0.38854555348258707 0.7371540733830846 0.38943952114427854 0.7390197450248756 0.38951725746268656 0.7415073072139303 0.38854555348258707 0.7431786380597015 0.38675761815920395 0.743956001243781
0 0.3921602922885572 0.7361823694029851 0.39068330223880593 0.734549906716418 0.38971159825870644 0.7327619713930348 0.39033348880597013 0.7307796952736317 0.39103311567164173 0.7296913868159204 0.39270444651741293 0.7286419465174129 0.3948033271144278 0.7289917599502487 0.3965912624378109 0.73046875 0.3972908893034826 0.7331895211442785 0.3960859763681592 0.7355216106965174 0.39429804104477606 0.7364544465174129
0 0.4395727040816326 0.2840667517006803 0.4373759920634921 0.28512967687074836 0.43454152494331066 0.28427933673469385 0.4334077380952381 0.2814094387755102 0.43351403061224486 0.2794607426303855 0.4346832482993197 0.27768920068027214 0.4373051303854876 0.2766617063492064 0.44038761337868476 0.27761833900226757 0.4416631235827664 0.2799922052154195 0.4413796768707483 0.2824723639455783
0 0.4390310929648242 0.28597414154103856 0.4401565117252932 0.2847440326633166 0.44211945142378556 0.28374947654941374 0.44439646147403683 0.28440378978224456 0.44622853852596317 0.28607883165829145 0.44638557370184256 0.28866991206030157 0.44562657035175884 0.2903449539363484 0.44382066582914576 0.2912348199329983 0.4418053810720268 0.29188913316582915 0.43965923366834175 0.2905805067001675 0.4386385050251257 0.2889578098827471 0.4383506072026801 0.2873874581239531
0 0.44390841013824883 0.29305875576036866 0.44573252688172044 0.29130664362519204 0.44808467741935476 0.2910426267281106 0.44998079877112135 0.2919306835637481 0.4514448924731183 0.2937548003072197 0.4511328725038402 0.2967789938556068 0.4484447004608295 0.2985791090629801 0.44606854838709675 0.29877112135176653 0.4442684331797235 0.29721102150537637 0.4438124039938556 0.2955789170506912 0.4437403993855606 0.2942348310291859
0 0.45114555256064687 0.2983490566037736 0.45339173405211153 0.2979559748427673 0.45563791554357597 0.2986859838274933 0.4565925426774483 0.3005952380952381 0.4570979335130278 0.30390835579514824 0.4550202156334232 0.30519991015274034 0.45198787061994605 0.30615453728661274 0.44940476190476186 0.3046383647798742 0.44867475292003595 0.30199910152740345 0.4497416891284816 0.2994159928122192
0 0.48409397482014394 0.25294139688249406 0.48180830335731417 0.2532036870503597 0.4803469724220624 0.25264163669064754 0.4793727517985612 0.2506557254196643 0.47952263189448446 0.24881969424460437 0.4809090227817746 0.2471335431654677 0.48349445443645084 0.24675884292565953 0.4846934952038369 0.247470773381295 0.48574265587529986 0.24919439448441252 0.4857801258992806 0.2511053657074341
0 0.4842438549160672 0.24642161270983218 0.48308228417266186 0.2466089628297363 0.4816958932853717 0.24630920263788975 0.4806467326139089 0.2456347422062351 0.4798598621103118 0.24372377098321346 0.480421912470024 0.24143809952038378 0.4831197541966427 0.24027652877697847 0.4847309652278178 0.24121327937649886 0.48615482613908884 0.24304931055155882 0.485705185851319 0.24544739208633098
0 0.4907261690647482 0.24057628896882502 0.48806579736211037 0.24027652877697847 0.486716876498801 0.2385903776978418 0.48607988609112707 0.23656699640287773 0.48739133693045567 0.23461855515587535 0.48948965827338137 0.2339815647482015 0.49222497002398086 0.23529301558753005 0.49274955035971224 0.2374288069544365 0.49229991007194246 0.23930230815347728
0 0.48975194844124703 0.24675884292565953 0.48829061750599523 0.2471335431654677 0.4868292865707434 0.2460094424460432 0.4859674760191847 0.24462305155875305 0.4860424160671463 0.24327413069544374 0.4872414568345324 0.2410259292565948 0.48930230815347725 0.24065122901678662 0.4921875 0.24143809952038378 0.492599670263789 0.2434989508393286 0.4921125599520384 0.24492281175059957 0.4912132793764988 0.24582209232613916
0 0.496459082733813 0.24057628896882502 0.49477293165467634 0.24031399880095927 0.49349895083932854 0.23896507793764993 0.4926746103117506 0.23701663669064751 0.4937237709832135 0.23465602517985615 0.49668390287769787 0.23413144484412474 0.498894634292566 0.23555530575539574 0.4994566846522782 0.23731639688249406 0.4987447541966427 0.23900254796163078
0 0.503353567146283 0.24619679256594731 0.5011053657074341 0.24627173261390894 0.4992693345323741 0.24518510191846532 0.49863234412470026 0.24319919064748205 0.49896957434052763 0.241587979616307 0.5012927158273381 0.23975194844124706 0.5044027278177459 0.24057628896882502 0.5054144184652278 0.24274955035971227 0.505189598321343 0.2444731714628298 0.5039905575539568 0.2459345023980816
0 0.49624473784921547 0.2526789131266744 0.49425947187141217 0.25263107539226953 0.4927286643704555 0.2517699961729813 0.4922502870264065 0.2500956754688099 0.4922742058936089 0.24803865288939922 0.49323096058170685 0.24689054726368165 0.4951444699579028 0.246268656716418 0.497225411404516 0.2467709529276694 0.4979190585533869 0.24775162648296983 0.49846919249904326 0.24925851511672414 0.4983495981630311 0.2509328358208956 0.4973689246077306 0.25198526597780335
0 0.5015547263681592 0.2527745885954842 0.5002870264064294 0.2522005357826254 0.49909108304630695 0.25121986222732495 0.49856486796785304 0.24923459624952168 0.49889973210868743 0.24791905855338697 0.4998564867967854 0.2469383849980866 0.5021766169154229 0.2465078453884425 0.5042336394948336 0.24756027554535023 0.5046641791044777 0.24897148871029476 0.5048076923076924 0.2505022962112515 0.5037074244163797 0.2518656716417911 0.5025593187906622 0.2525593187906621
0 0.49172600210970463 0.2559665084388186 0.4910227672292546 0.25757076300984527 0.49007779535864976 0.2583619022503516 0.48827575597749645 0.25858166315049225 0.48658359704641346 0.25818609353023914 0.4857045534458509 0.25704333684950775 0.48574850562587907 0.2549116561181435 0.4870670710267229 0.25321949718706044 0.48937456047819966 0.25293380801687765 0.49139636075949367 0.25370297116736995
0 0.49743978551336143 0.2581201652601969 0.49491253516174405 0.25886735232067515 0.4926270218002813 0.25803226090014064 0.49203366736990156 0.2565818389592124 0.4921655239099859 0.2547797995780591 0.4931544479606188 0.25348321026722925 0.4945169655414908 0.25304368846694797 0.49691235935302386 0.25341728199718705 0.49816499648382556 0.2550215365682138 0.49818697257383965 0.2566917194092827
0 0.6022432054356515 0.3571392885691446 0.6064898081534772 0.357888689048761 0.6085381694644284 0.3602867705835332 0.6084882094324541 0.3635341726618705 0.6056404876099121 0.3662819744204636 0.6002448041566747 0.3645833333333333 0.5994454436450839 0.36153577138289367 0.6001948441247003 0.3589378497202238 0.6016436850519584 0.3572392086330935
0 0.6215777378097522 0.34464928057553956 0.6225269784172661 0.3430005995203837 0.6244254596322941 0.34185151878497205 0.6275229816147082 0.3423011590727418 0.6293215427657873 0.34474920063948844 0.6290717426059153 0.34694744204636296 0.6278727018385292 0.3491956434852118 0.6259242605915268 0.3497951638689049 0.6237260191846523 0.3492955635491607 0.6224770183852918 0.348146482813749 0.6216776578737011 0.3459982014388489
0 0.6275983146067415 0.3287219101123595 0.6296582397003745 0.3293305243445693 0.6310159176029962 0.33106273408239695 0.6308286516853933 0.3332631086142322 0.6298923220973783 0.3348548689138577 0.6270833333333333 0.3352762172284644 0.6256788389513108 0.3345271535580524 0.6244147940074907 0.3328417602996254 0.6246956928838951 0.3305945692883895 0.6259129213483147 0.32900280898876405
0 0.632748127340824 0.32567883895131083 0.6345739700374532 0.32432116104868913 0.6370084269662921 0.32422752808988764 0.6393024344569288 0.32684925093632955 0.6392088014981273 0.32886235955056176 0.6380383895131087 0.33106273408239695 0.6356975655430711 0.33096910112359545 0.6339185393258426 0.33050093632958794 0.6331694756554307 0.32942415730337077 0.6324672284644195 0.3272705992509363
0 0.6555041766109786 0.3742293158313445 0.6580399761336516 0.3754226332537789 0.658785799522673 0.37711316626889424 0.6588852426412093 0.3791020286396182 0.6577913683373111 0.3809914478918059 0.6549075178997613 0.3821847653142403 0.6522225536992841 0.3814389419252188 0.6510292362768497 0.3791020286396182 0.6511286793953859 0.37726233094669853 0.6523219968178202 0.3757209626093875
0 0.6593327366746221 0.3839250198886237 0.6613713206046141 0.3832289180588703 0.6633601829753382 0.38342780429594275 0.6643546141607001 0.38462112171837715 0.6647026650755768 0.38631165473349244 0.6646032219570406 0.38810163086714405 0.6628132458233891 0.3888971758154336 0.6606752187748608 0.3893943914081146 0.6594819013524265 0.38879773269689744 0.6586366348448688 0.3877535799522674 0.6584377486077964 0.3862122116149563 0.6586863564041369 0.3849194510739857
0 0.6586366348448688 0.3699035401750199 0.6600288385043755 0.36836217183770886 0.6627635242641209 0.36746718377088317 0.6651004375497216 0.3689588305489261 0.6660451471758154 0.3714946300715991 0.6651998806682577 0.37373210023866354 0.6635093476531424 0.3749254176610979 0.6613713206046141 0.37537291169451076 0.6593327366746221 0.37432875894988066 0.6585371917263326 0.3724890612569611
0 0.6409854813046938 0.36816328560063655 0.6422782418456643 0.3662738663484488 0.6454107000795546 0.3657269291964997 0.6470515115354017 0.36781523468575983 0.6462559665871123 0.37069908512330957 0.6450626491646778 0.3716935163086715 0.6427257358790771 0.3716437947494034 0.641631861575179 0.3707488066825776
0 0.6461068019093079 0.3639866746221162 0.6473001193317423 0.36174920445505176 0.6492889817024662 0.3602575576770088 0.6512778440731901 0.36155031821797934 0.6523219968178202 0.36348945902943525 0.6514270087509945 0.3652297136038187 0.6492889817024662 0.3666219172633255 0.6477476133651552 0.365876093874304 0.6459079156722355 0.36463305489260145
0 0.6613713206046141 0.3611525457438346 0.6626143595863166 0.35921340493237874 0.6643546141607001 0.3579703659506762 0.6676362370723946 0.35871618933969773 0.6687301113762928 0.36070505171042166 0.6678848448687351 0.36289280031821797 0.6652496022275259 0.36498110580747817 0.6619182577565632 0.36403639618138434
0 0.6518745027844074 0.3577217581543358 0.6528192124105012 0.35637927605409714 0.6552555688146381 0.3555837311058075 0.6580399761336516 0.3570753778838505 0.6578410898965792 0.3591636833731106 0.6563494431185363 0.3612022673031026 0.6541616945107398 0.3613514319809069 0.6528689339697693 0.36035700079554495
0 0.6570455449482896 0.3527993237867941 0.6578908114558473 0.3511087907716786 0.6607746618933971 0.3501640811455848 0.6624154733492442 0.3516557279236277 0.6632607398568019 0.353793754972156 0.6620177008750994 0.3560312251392205 0.659730509148767 0.356329554494829 0.6576422036595068 0.3555837311058075
0 0.4895833333333333 0.5191450050968399 0.4877994393476045 0.5185079001019367 0.48633409785932713 0.5176159531090724 0.4857607033639143 0.513920744138634 0.4872260448521917 0.5122642711518859 0.49111238532110085 0.5116271661569827 0.4932785423037717 0.5130287971457697 0.4935333843017329 0.5157046381243628 0.49283256880733955 0.5178707951070336
0 0.49257772680937817 0.5309314475025483 0.4898381753312947 0.5305491845056065 0.48786314984709483 0.528637869520897 0.4874171763506627 0.526216870540265 0.48875509683995916 0.5230950560652396 0.491940621814475 0.5225853720693171 0.49506243628950053 0.5241781345565749 0.495572120285423 0.5276822120285423 0.49366080530071355 0.5316322629969418
0 0.3055555555555555 0.6295219638242894 0.3084625322997416 0.6340439276485789 0.3066052971576227 0.6385658914728682 0.3015988372093023 0.6395348837209303 0.2992571059431524 0.6371124031007752 0.2982881136950904 0.6334786821705427 0.2999838501291989 0.6301679586563308 0.3032138242894057 0.6291989664082688
0 0.2847532242063492 0.6223028273809524 0.2878534226190476 0.6205667162698413 0.2908916170634921 0.6217447916666666 0.2920076884920635 0.6247829861111112 0.2900235615079365 0.6273871527777778 0.28735739087301587 0.6273251488095238 0.2856832837301587 0.6264570932539683
0 0.277374751984127 0.6374317956349207 0.27979290674603174 0.636687748015873 0.28264508928571425 0.6378038194444445 0.2840091765873016 0.640656001984127 0.28264508928571425 0.6430741567460317 0.2805989583333333 0.6448102678571429 0.27706473214285715 0.6447482638888888 0.2752666170634921 0.6410280257936508 0.27650669642857145 0.6380518353174603
0 0.27024429563492064 0.6239769345238095 0.2747705853174603 0.6247209821428571 0.2767547123015873 0.6282552083333334 0.2761346726190476 0.631045386904762 0.2740885416666667 0.6331535218253967 0.2706163194444444 0.6338355654761905 0.2672061011904762 0.6318514384920635 0.26689608134920634 0.6293092757936508 0.26751612103174605 0.6257130456349207
0 0.2628658234126984 0.6121341765873016 0.26633804563492064 0.6125682043650794 0.2681361607142857 0.6155443948412699 0.2669580853174603 0.6198226686507937 0.2639818948412698 0.6212487599206349 0.2606336805555556 0.6196366567460317 0.2590215773809524 0.6182105654761905 0.2604476686507936 0.6139942956349207
0 0.27731274801587297 0.6056857638888888 0.2807229662698413 0.6053757440476191 0.2835751488095238 0.6078559027777778 0.28363715277777773 0.6110801091269842 0.2807229662698413 0.613250248015873 0.27780877976190477 0.6128782242063492 0.27588665674603174 0.6107700892857143 0.2755146329365079 0.6089719742063492
0 0.26801215277777773 0.595703125 0.2718563988095238 0.5936569940476191 0.2750186011904762 0.5951450892857143 0.2762586805555556 0.5975632440476191 0.2755146329365079 0.6008494543650794 0.2730344742063492 0.6019035218253967 0.26950024801587297 0.6007874503968254 0.26782614087301587 0.5965091765873016
