0 0.5868489583333333 0.31888020833333336 0.595703125 0.3240885416666667 0.5959635416666667 0.337890625 0.587890625 0.34127604166666664 0.5803385416666667 0.340234375 0.5748697916666666 0.33424479166666665 0.576171875 0.3248697916666667
0 0.5662760416666667 0.344921875 0.5751302083333333 0.3516927083333333 0.5756510416666667 0.36236979166666666 0.5639322916666667 0.36809895833333334 0.5545572916666667 0.3639322916666667 0.5545572916666667 0.35013020833333336
0 0.6553385416666667 0.3821614583333333 0.6654947916666667 0.3907552083333333 0.6634114583333334 0.403515625 0.6516927083333334 0.408203125 0.641796875 0.400390625 0.642578125 0.3868489583333333 0.642578125 0.3868489583333333
0 0.596484375 0.271484375 0.6029947916666667 0.276953125 0.6006510416666667 0.28606770833333334 0.5923177083333333 0.2858072916666667 0.5884114583333333 0.281640625 0.590234375 0.273046875
0 0.6298076923076923 0.3905448717948718 0.6350961538461538 0.39471153846153845 0.6334935897435897 0.40080128205128207 0.6267628205128204 0.40240384615384617 0.6232371794871795 0.3991987179487179 0.623878205128205 0.39310897435897435
0 0.6301282051282051 0.3836538461538462 0.6362179487179486 0.38125 0.6365384615384615 0.3753205128205128 0.6322115384615384 0.371474358974359 0.6262820512820512 0.3735576923076923 0.6241987179487178 0.37884615384615383 0.6256410256410256 0.3817307692307692
0 0.6339743589743589 0.34695512820512825 0.6389423076923076 0.3488782051282051 0.6386217948717948 0.35592948717948714 0.6323717948717948 0.3588141025641025 0.6282051282051282 0.3556089743589744 0.6290064102564102 0.34967948717948716
0 0.6352564102564102 0.33205128205128204 0.6407051282051281 0.3363782051282051 0.6399038461538461 0.34198717948717944 0.6344551282051282 0.34439102564102564 0.6304487179487178 0.34198717948717944 0.6306089743589743 0.33541666666666664
0 0.6222756410256409 0.33125 0.6177884615384616 0.3330128205128205 0.6165064102564102 0.33798076923076925 0.6201923076923076 0.34278846153846154 0.6248397435897436 0.34118589743589745 0.627724358974359 0.33798076923076925 0.6261217948717949 0.33365384615384613
0 0.5804487179487179 0.3745192307692308 0.5878205128205128 0.37900641025641024 0.5902243589743589 0.38541666666666663 0.588301282051282 0.3926282051282051 0.5801282051282051 0.39583333333333326 0.5721153846153846 0.39374999999999993 0.5682692307692307 0.3876602564102564 0.5717948717948718 0.37724358974358974
0 0.6211538461538462 0.34535256410256415 0.6165064102564102 0.3474358974358975 0.6157051282051281 0.3524038461538462 0.6181089743589743 0.3560897435897436 0.6248397435897436 0.35624999999999996 0.6259615384615383 0.34871794871794876
0 0.5318910256410256 0.3769230769230769 0.5376602564102564 0.38125 0.5371794871794872 0.3889423076923077 0.5298076923076923 0.39198717948717954 0.5241987179487179 0.38749999999999996 0.5245192307692308 0.38044871794871793
0 0.5123397435897435 0.3751602564102564 0.5057692307692307 0.378525641025641 0.5048076923076923 0.38541666666666663 0.5099358974358974 0.390224358974359 0.516025641025641 0.3889423076923077 0.5192307692307692 0.3836538461538462 0.5174679487179487 0.3774038461538462
0 0.5597756410256409 0.40512820512820513 0.5668269230769231 0.40849358974358974 0.5669871794871795 0.4173076923076923 0.5610576923076923 0.4217948717948718 0.5533653846153845 0.41939102564102565 0.5516025641025641 0.41378205128205126 0.5546474358974358 0.40737179487179487
0 0.5286858974358974 0.4014423076923077 0.5214743589743589 0.40512820512820513 0.519551282051282 0.4115384615384616 0.522275641025641 0.41666666666666663 0.5282051282051282 0.4185897435897436 0.5350961538461537 0.41554487179487176 0.5350961538461537 0.4065705128205128
0 0.5092948717948718 0.4016025641025641 0.5036858974358974 0.40464743589743585 0.5017628205128204 0.40945512820512825 0.5051282051282051 0.41506410256410253 0.5116987179487179 0.4158653846153846 0.516826923076923 0.4107371794871795 0.5142628205128205 0.4038461538461538
0 0.5702136075949367 0.2644382911392405 0.5649393459915611 0.26641613924050633 0.5641482067510548 0.272085970464135 0.5670490506329113 0.2760416666666667 0.5728507383966244 0.27564609704641346 0.5754878691983122 0.2712948312236287 0.5744330168776371 0.26707542194092826
0 0.5938159282700421 0.28988660337552746 0.5990901898734177 0.29291930379746833 0.599881329113924 0.29885284810126583 0.595793776371308 0.3035996835443038 0.588673523206751 0.3021492616033755 0.5866956751054851 0.2974024261603375 0.588673523206751 0.2912051687763713
0 0.5677083333333333 0.2902821729957806 0.5619066455696202 0.2927874472573839 0.5612473628691982 0.29872099156118137 0.5653349156118143 0.30188554852320676 0.5704773206751055 0.3017536919831224 0.5732463080168776 0.29700685654008435 0.5717958860759493 0.2923918776371308
0 0.5388317510548523 0.27788765822784806 0.5450290084388185 0.28157964135021096 0.5462157172995781 0.28790875527426163 0.5414688818565401 0.2930511603375527 0.5339530590717299 0.2926555907172996 0.5309203586497889 0.2869857594936709 0.5321070675105485 0.2810522151898734
0 0.5106144514767932 0.27933808016877637 0.5050764767932489 0.28118407172995785 0.5030986286919831 0.2869857594936709 0.5056039029535865 0.29226002109704635 0.5111418776371307 0.2942378691983122 0.5154931434599156 0.29107331223628685 0.5165479957805906 0.283293776371308
0 0.5283358134920635 0.3136780753968254 0.5248635912698413 0.3150421626984127 0.5238715277777777 0.3193824404761905 0.5272197420634921 0.32173859126984133 0.5308159722222222 0.3214905753968254 0.5319320436507937 0.3173983134920635
0 0.5413566468253967 0.31491815476190477 0.5448288690476191 0.3172743055555556 0.5455729166666666 0.3211185515873016 0.5414806547619048 0.3234747023809524 0.5375124007936508 0.3221106150793651 0.5373883928571429 0.3171502976190476
0 0.5093625992063492 0.3252108134920635 0.505890376984127 0.3268229166666667 0.505642361111111 0.33141121031746035 0.509734623015873 0.33314732142857145 0.5127108134920635 0.33103918650793657 0.5129588293650793 0.32707093253968256
0 0.4988219246031746 0.32397073412698413 0.49522569444444436 0.3258308531746032 0.49510168650793646 0.3302951388888889 0.49745783730158727 0.3322792658730159 0.499937996031746 0.3322792658730159 0.5022941468253967 0.3299231150793651 0.5017981150793651 0.32607886904761907
0 0.4995659722222222 0.3118179563492064 0.49634176587301587 0.31355406746031744 0.49671378968253965 0.3177703373015873 0.5001860119047619 0.3188864087301587 0.5029141865079364 0.3173983134920635 0.5032862103174603 0.31355406746031744
0 0.5268477182539683 0.3265749007936508 0.5236235119047619 0.3285590277777778 0.5233754960317459 0.3326512896825397 0.5267237103174603 0.3343874007936508 0.5306919642857143 0.3327752976190476 0.5306919642857143 0.328187003968254
0 0.5404885912698413 0.3278149801587302 0.5430927579365079 0.32967509920634924 0.5435887896825397 0.33401537698412703 0.5401165674603174 0.3356274801587302 0.5365203373015872 0.33376736111111116 0.5367683531746031 0.3293030753968254
0 0.5261561355311356 0.3434638278388278 0.5216918498168498 0.3454097985347985 0.5203182234432234 0.349187271062271 0.5223786630036631 0.3527358058608058 0.5273008241758242 0.35365155677655674 0.5299336080586081 0.35101877289377287 0.5302770146520147 0.34666895604395603
0 0.5386332417582418 0.3456387362637362 0.5424107142857143 0.34838598901098894 0.5414949633699634 0.3530792124542124 0.5371451465201466 0.35388049450549447 0.534283424908425 0.35159111721611724 0.5353136446886446 0.3476991758241758
0 0.5381753663003663 0.35788690476190477 0.5413804945054945 0.3602907509157509 0.5403502747252747 0.36441163003663 0.5365728021978022 0.3654418498168498 0.5343978937728938 0.36338141025641024 0.5349702380952381 0.35994734432234426
0 0.525011446886447 0.35685668498168494 0.5208905677655677 0.3584592490842491 0.52066163003663 0.361893315018315 0.5230654761904762 0.3641826923076923 0.5268429487179487 0.3642971611721611 0.5281021062271063 0.361893315018315 0.527529761904762 0.3585737179487179
0 0.5070398351648351 0.35513965201465203 0.5033768315018315 0.3560554029304029 0.5024610805860806 0.35937499999999994 0.5045215201465202 0.36258012820512825 0.508070054945055 0.36303800366300365 0.5103594322344323 0.36051968864468864 0.5094436813186813 0.3563988095238095
0 0.3812335958005249 0.4209317585301838 0.3741797900262467 0.4238845144356956 0.37286745406824146 0.43011811023622054 0.37582020997375326 0.43503937007874016 0.3817257217847768 0.4365157480314961 0.3868110236220473 0.4343832020997376 0.38943569553805774 0.4296259842519685 0.38664698162729655 0.4233923884514435
0 0.3776246719160105 0.4368438320209974 0.37089895013123353 0.44127296587926507 0.37155511811023617 0.448982939632546 0.37729658792650916 0.4520997375328084 0.3843503937007874 0.45062335958005256 0.3871391076115485 0.4443897637795276 0.3843503937007874 0.43815616797900264
0 0.6171034946236559 0.4830309139784946 0.6295362903225806 0.48975134408602145 0.6292002688172043 0.5065524193548387 0.6127352150537634 0.5115927419354839 0.6026545698924731 0.503864247311828 0.6039986559139785 0.4887432795698925
0 0.6127352150537634 0.5280577956989247 0.6244959677419355 0.5330981182795699 0.6238239247311828 0.5512432795698925 0.6097110215053764 0.555611559139785 0.5986223118279569 0.5475470430107526 0.5999663978494623 0.5344422043010753
0 0.6090389784946236 0.5777889784946236 0.6214717741935484 0.5858534946236559 0.6194556451612903 0.6009744623655914 0.6056787634408601 0.6076948924731183 0.5942540322580645 0.6003024193548387 0.5949260752688171 0.582157258064516
0 0.5700604838709676 0.5246975806451613 0.578125 0.5314180107526881 0.5761088709677419 0.5414986559139785 0.5677083333333334 0.5431787634408601 0.5630040322580645 0.539146505376344 0.5616599462365591 0.5314180107526881
0 0.5462029569892473 0.5240255376344085 0.539146505376344 0.527385752688172 0.5394825268817204 0.537130376344086 0.5472110215053764 0.5414986559139785 0.5535954301075269 0.537130376344086 0.5549395161290323 0.528393817204301
0 0.5680443548387096 0.557627688172043 0.5757728494623655 0.5643481182795699 0.5727486559139785 0.5730846774193548 0.5643481182795699 0.5751008064516129 0.5599798387096774 0.5700604838709676 0.5603158602150538 0.5609879032258064
0 0.5442961165048543 0.5556229773462782 0.5380258899676374 0.5586569579288025 0.5368122977346278 0.5669498381877022 0.5424757281553398 0.5718042071197412 0.5503640776699029 0.5699838187702265 0.5527912621359223 0.5645226537216828 0.5499595469255663 0.5572411003236245
0 0.5406553398058253 0.5869741100323623 0.5335760517799353 0.5918284789644014 0.5331715210355986 0.5991100323624596 0.5402508090614886 0.60376213592233 0.5477346278317151 0.6009304207119741 0.5489482200647249 0.5920307443365697
0 0.5645226537216828 0.5891990291262136 0.5711974110032363 0.5938511326860841 0.5711974110032363 0.6025485436893204 0.5641181229773463 0.6067961165048543 0.5568365695792881 0.6029530744336569 0.5566343042071198 0.5936488673139159
0 0.5576456310679612 0.6252022653721683 0.5649271844660194 0.6302588996763753 0.5645226537216828 0.6387540453074433 0.5558252427184467 0.6425970873786407 0.5493527508090615 0.6379449838187702 0.5489482200647249 0.6286407766990291
0 0.5591454802259888 0.475635593220339 0.5639124293785311 0.4789901129943503 0.5632062146892655 0.4856991525423729 0.5577330508474576 0.487111581920904 0.5540254237288136 0.48428672316384186 0.5536723163841808 0.4791666666666667
0 0.5573799435028249 0.4932909604519774 0.5612641242937852 0.49646892655367236 0.561087570621469 0.5012358757062148 0.5561440677966102 0.5033545197740114 0.5527895480225988 0.5014124293785311 0.5524364406779662 0.49664548022598876
0 0.5270127118644068 0.4876412429378531 0.5225988700564972 0.48923022598870064 0.5218926553672316 0.49293785310734467 0.5240112994350283 0.4962923728813559 0.5291313559322034 0.49646892655367236 0.532132768361582 0.4932909604519774 0.5300141242937852 0.48905367231638425
0 0.39692028985507255 0.6 0.3891304347826088 0.6041666666666666 0.38876811594202904 0.6128623188405797 0.39692028985507255 0.6166666666666667 0.40398550724637683 0.6130434782608696 0.40326086956521745 0.6043478260869565
0 0.5591915618448637 0.8125982704402517 0.5633844339622642 0.813187893081761 0.5661360062893082 0.8161360062893082 0.5666601153039832 0.8196082285115303 0.5650877882599581 0.8235390461215932 0.5600432389937107 0.8246527777777777 0.5567675576519917 0.8240631551362683 0.5545400943396227 0.8207874737945493 0.5547366352201258 0.8160049790356394 0.5584709119496856 0.8125327568134172
0 0.55958464360587 0.7867203878406709 0.5624017295597484 0.7848860062893082 0.567118710691824 0.786065251572327 0.5688220649895178 0.7895374737945493 0.5690841194968553 0.7939924004192871 0.5650222746331237 0.7970060272536688 0.558732966457023 0.7957612683438154 0.5574882075471699 0.7916994234800838 0.5577502620545074 0.7890788784067087
0 0.3705767463235295 0.5605660232843137 0.3724149816176471 0.5597617953431373 0.3745212928921569 0.5603745404411765 0.3756701899509804 0.5623276654411765 0.3750574448529412 0.5641659007352942 0.3739468443627451 0.5657360600490197 0.3714192708333333 0.5654296875 0.3700022977941177 0.5646254595588236 0.3695044424019608 0.5633233762254902 0.3697725183823529 0.5624042585784313
0 0.3766276041666667 0.5645105698529411 0.3765127144607843 0.5633233762254902 0.376819087009804 0.5621361825980392 0.3779679840686274 0.560757506127451 0.3796913296568628 0.5602596507352942 0.3821040134803922 0.5609872855392156 0.3827933517156863 0.5627489276960784 0.3826018688725491 0.5653147977941176 0.3812231924019608 0.5667700674019608 0.3782360600490196 0.5665402879901961 0.3770871629901961 0.5658509497549019
0 0.3868144914215686 0.5659275428921569 0.3865464154411765 0.5637446384803921 0.3880399816176471 0.5617532169117647 0.3896867340686274 0.5612170649509803 0.3913717830882353 0.5613702512254902 0.3927504595588236 0.5630553002450981 0.392788756127451 0.5663105085784313 0.3915632659313726 0.5670764399509803 0.3896867340686274 0.5676891850490197 0.3876187193627451 0.5668849571078431
0 0.3687385110294118 0.5726677389705882 0.3688151041666667 0.5716720281862745 0.3697725183823529 0.5700252757352942 0.3714575674019608 0.5694891237745099 0.3737936580882353 0.5701784620098039 0.3746361825980392 0.5720932904411765 0.3737936580882353 0.574429381127451 0.3726064644607843 0.5751187193627452 0.3707299325980392 0.5753102022058824 0.3689299938725491 0.5744676776960784
0 0.3765510110294118 0.5726677389705882 0.3767424938725491 0.5709060968137255 0.3781211703431373 0.5700635723039216 0.3795764399509804 0.5696806066176471 0.3809168198529412 0.5709060968137255 0.3809551164215686 0.572476256127451 0.3801508884803922 0.5739698223039216 0.3785041360294118 0.574008118872549
0 0.3857421875 0.5741230085784313 0.3861634497549019 0.5714422487745099 0.388882506127451 0.570523131127451 0.3917164522058824 0.5718635110294118 0.3922526041666667 0.5736634497549019 0.3914483762254902 0.5760378370098039 0.3889590992647059 0.5767654718137255 0.3866613051470588 0.5756931678921569
0 0.37284362826933776 0.6061491374513077 0.37291318864774625 0.6083750695603783 0.3723567056204785 0.6099749582637729 0.3695742904841402 0.6106357818586533 0.3677657206455203 0.609835837506956 0.3670005564830272 0.6080620478575404 0.36752225932109067 0.6062534780189205 0.36981775180856985 0.6046188091263216 0.372113244296049 0.6049318308291598
0 0.3759738452977183 0.6085489705063996 0.3766346688925987 0.60649693934335 0.37854757929883137 0.605731775180857 0.3802865887590428 0.6059056761268782 0.38216471897607124 0.6071577629382304 0.3824777406789093 0.6090358931552587 0.3818169170840289 0.6108096828046745 0.3804952698942682 0.6119922092376183 0.37819977740678906 0.6119922092376183 0.3765998887033945 0.6114009460211464 0.3758695047301057 0.6100097384529772
0 0.4114734299516908 0.6077898550724636 0.40875603864734295 0.6083333333333333 0.4068236714975845 0.6076086956521739 0.40585748792270526 0.6064009661835748 0.4052536231884058 0.6042874396135265 0.4063405797101449 0.6016908212560386 0.40960144927536235 0.6009661835748792 0.41195652173913044 0.6025362318840579 0.41262077294685984 0.6051932367149757
0 0.4178140096618358 0.6088768115942028 0.41533816425120773 0.6082729468599033 0.4142512077294686 0.6057971014492753 0.4144927536231884 0.6037439613526568 0.4165458937198067 0.6017512077294686 0.42016908212560383 0.6018115942028984 0.42173913043478256 0.6030797101449274 0.4209541062801932 0.6063405797101449
0 0.41382850241545893 0.6109299516908212 0.4170893719806763 0.6093599033816424 0.4200483091787439 0.6103864734299516 0.42131642512077294 0.6126207729468598 0.4205917874396135 0.6159420289855072 0.41841787439613526 0.6176328502415458 0.4169082125603864 0.6176932367149758 0.41382850241545893 0.6170289855072463 0.4130434782608695 0.6150362318840579 0.4128623188405797 0.6126207729468598
0 0.42801932367149753 0.6177536231884058 0.4248792270531401 0.6184178743961352 0.42318840579710143 0.6169685990338164 0.42246376811594205 0.6152777777777777 0.4222222222222222 0.6133454106280193 0.4236111111111111 0.611111111111111 0.4270531400966183 0.6103260869565217 0.42952898550724633 0.6124999999999999 0.42952898550724633 0.6151570048309178
0 0.4683025059665871 0.5468128480509149 0.47009248210023874 0.5492989260143198 0.47044053301511546 0.5518347255369929 0.4694461018297534 0.5543705250596659 0.46616447891805896 0.5555141209228321 0.462683969769292 0.5551660700079555 0.46129176610978523 0.552381662688942 0.4610928798727128 0.5499453062848051 0.46263424821002386 0.5470117342879873 0.46676113762927607 0.5458681384248211 0.4688991646778044 0.5470117342879873
