0 0.22916666666666666 0.11964285714285713 0.23809523809523805 0.11607142857142856 0.24732142857142855 0.11785714285714284 0.2517857142857143 0.12797619047619047 0.24732142857142855 0.13898809523809524 0.23392857142857137 0.13988095238095236 0.22797619047619047 0.13095238095238096
0 0.26904761904761904 0.1494047619047619 0.2785714285714286 0.14672619047619045 0.287797619047619 0.15208333333333332 0.2889880952380952 0.16398809523809524 0.2782738095238095 0.17053571428571426 0.26785714285714285 0.16607142857142856 0.2654761904761905 0.15773809523809523
0 0.3050595238095238 0.18244047619047618 0.31339285714285714 0.17797619047619045 0.32380952380952377 0.18273809523809523 0.325297619047619 0.19464285714285712 0.3157738095238095 0.20148809523809522 0.30476190476190473 0.19434523809523807
0 0.3410714285714285 0.20982142857142855 0.35 0.20654761904761904 0.3592261904761905 0.21249999999999997 0.3589285714285714 0.2238095238095238 0.35178571428571426 0.22916666666666666 0.3425595238095238 0.22797619047619047 0.33869047619047615 0.21934523809523807
0 0.24047619047619045 0.20654761904761904 0.25059523809523804 0.2038690476190476 0.25922619047619044 0.20803571428571427 0.2607142857142857 0.21875 0.2532738095238095 0.22619047619047616 0.24375 0.22291666666666668 0.24017857142857138 0.2169642857142857
0 0.18809523809523807 0.2875 0.19672619047619047 0.28333333333333327 0.20744047619047618 0.28928571428571426 0.20684523809523808 0.3011904761904762 0.19732142857142854 0.3056547619047619 0.18809523809523807 0.29999999999999993
0 0.16934523809523808 0.3089285714285714 0.1806547619047619 0.30624999999999997 0.1907738095238095 0.31458333333333327 0.18660714285714286 0.3264880952380952 0.17529761904761904 0.32827380952380947 0.1681547619047619 0.31994047619047616
0 0.25089285714285714 0.2794642857142857 0.26041666666666663 0.27559523809523806 0.26964285714285713 0.28124999999999994 0.26964285714285713 0.2910714285714286 0.26369047619047614 0.2985119047619047 0.25476190476190474 0.29732142857142857 0.24880952380952379 0.2901785714285714
0 0.27291666666666664 0.2964285714285714 0.28244047619047613 0.2931547619047619 0.2901785714285714 0.29970238095238094 0.2910714285714286 0.3095238095238095 0.28184523809523804 0.31517857142857136 0.2738095238095238 0.31309523809523804 0.2702380952380952 0.3053571428571428
0 0.22083333333333333 0.31458333333333327 0.22886904761904758 0.31011904761904757 0.23928571428571427 0.3148809523809524 0.24047619047619045 0.3241071428571428 0.23660714285714282 0.33154761904761904 0.22648809523809524 0.33273809523809517 0.22053571428571425 0.32559523809523805
0 0.24226190476190473 0.3318452380952381 0.25089285714285714 0.3276785714285714 0.26130952380952377 0.33273809523809517 0.2610119047619047 0.3470238095238095 0.2494047619047619 0.35 0.24047619047619045 0.34315476190476185
0 0.20416666666666664 0.3369047619047619 0.21398809523809523 0.33363095238095236 0.2232142857142857 0.3401785714285714 0.2226190476190476 0.3514880952380952 0.2101190476190476 0.3553571428571428 0.20178571428571426 0.3470238095238095
0 0.22440476190476188 0.3553571428571428 0.23363095238095236 0.350297619047619 0.24464285714285713 0.35714285714285715 0.24375 0.369047619047619 0.23363095238095236 0.3729166666666666 0.2226190476190476 0.3657738095238095
0 0.19226190476190474 0.3720238095238095 0.19999999999999998 0.3696428571428571 0.20654761904761904 0.37440476190476185 0.2050595238095238 0.3851190476190476 0.19702380952380952 0.38690476190476186 0.19047619047619047 0.37976190476190474
0 0.17976190476190473 0.3860119047619047 0.17857142857142858 0.39285714285714285 0.18363095238095237 0.400297619047619 0.19107142857142856 0.400297619047619 0.19672619047619047 0.39404761904761904 0.19315476190476188 0.38690476190476186 0.18720238095238093 0.38363095238095235
0 0.15357142857142855 0.3461309523809524 0.16636904761904758 0.34464285714285714 0.1744047619047619 0.35238095238095235 0.1708333333333333 0.36428571428571427 0.16041666666666665 0.36666666666666664 0.15119047619047618 0.3577380952380952
0 0.1363095238095238 0.3678571428571428 0.13482142857142856 0.3764880952380952 0.13869047619047617 0.38541666666666663 0.15178571428571427 0.38630952380952377 0.15714285714285714 0.3782738095238095 0.1526785714285714 0.36726190476190473 0.14404761904761904 0.36398809523809517
0 0.11934523809523807 0.3526785714285714 0.12738095238095237 0.35178571428571426 0.13363095238095235 0.3559523809523809 0.1333333333333333 0.3675595238095238 0.12321428571428569 0.3684523809523809 0.11726190476190475 0.3613095238095238
0 0.1363095238095238 0.33214285714285713 0.14494047619047618 0.33095238095238094 0.15148809523809523 0.3369047619047619 0.14910714285714285 0.3455357142857143 0.14047619047619045 0.3482142857142857 0.13452380952380952 0.3425595238095238
0 0.059226190476190474 0.3598214285714285 0.06964285714285715 0.35565476190476186 0.07916666666666665 0.3604166666666666 0.08154761904761904 0.3729166666666666 0.07291666666666666 0.381547619047619 0.06130952380952381 0.37797619047619047 0.05803571428571428 0.3696428571428571
0 0.04196428571428571 0.3434523809523809 0.05327380952380952 0.3416666666666666 0.058630952380952374 0.34940476190476183 0.05714285714285714 0.3586309523809524 0.047619047619047616 0.3613095238095238 0.040178571428571425 0.3544642857142857
0 0.023511904761904758 0.36488095238095236 0.020535714285714282 0.37440476190476185 0.025595238095238095 0.3833333333333333 0.03571428571428571 0.38541666666666663 0.0431547619047619 0.38095238095238093 0.04434523809523809 0.3684523809523809 0.03303571428571428 0.3601190476190476
0 0.052380952380952375 0.38125 0.044940476190476183 0.3833333333333333 0.04166666666666666 0.3922619047619047 0.04821428571428571 0.3991071428571428 0.05803571428571428 0.3991071428571428 0.061607142857142846 0.3919642857142857 0.059523809523809514 0.3839285714285714
0 0.36666666666666664 0.3967261904761904 0.38065476190476183 0.3910714285714285 0.39791666666666664 0.4020833333333333 0.3976190476190476 0.4184523809523809 0.38839285714285715 0.42916666666666664 0.3708333333333333 0.4288690476190476 0.36160714285714285 0.41190476190476183
0 0.30476190476190473 0.47291666666666665 0.3226190476190476 0.46785714285714275 0.3357142857142857 0.4809523809523809 0.3345238095238095 0.5005952380952381 0.319047619047619 0.5080357142857143 0.3044642857142857 0.5017857142857143 0.29910714285714285 0.4860119047619047
0 0.42380952380952375 0.44434523809523807 0.4395833333333333 0.43839285714285714 0.4568452380952381 0.450297619047619 0.4547619047619047 0.47202380952380946 0.43571428571428567 0.47827380952380943 0.42529761904761904 0.47142857142857136 0.419047619047619 0.4574404761904761
0 0.36220238095238094 0.5208333333333333 0.3773809523809524 0.5163690476190476 0.3904761904761905 0.5235119047619047 0.39315476190476184 0.5410714285714285 0.3857142857142857 0.5523809523809523 0.3678571428571428 0.5523809523809523 0.35624999999999996 0.5380952380952381
0 0.23958333333333334 0.5523809523809523 0.2541666666666666 0.5452380952380952 0.27053571428571427 0.5532738095238094 0.27351190476190473 0.5717261904761904 0.26309523809523805 0.5839285714285714 0.24672619047619046 0.5809523809523809 0.2363095238095238 0.569047619047619
0 0.30029761904761904 0.5970238095238094 0.31726190476190474 0.593452380952381 0.3297619047619047 0.6050595238095238 0.3294642857142857 0.624702380952381 0.3107142857142857 0.6321428571428571 0.29464285714285715 0.6211309523809523 0.29434523809523805 0.6071428571428571
0 0.4196428571428571 0.5702380952380952 0.43660714285714275 0.5639880952380952 0.45059523809523805 0.575297619047619 0.4485119047619047 0.5952380952380952 0.43154761904761896 0.6023809523809524 0.4172619047619047 0.5937499999999999 0.4151785714285714 0.5803571428571428
0 0.3547619047619047 0.6476190476190475 0.37113095238095234 0.6410714285714285 0.38630952380952377 0.6491071428571428 0.387797619047619 0.669345238095238 0.3741071428571428 0.6788690476190475 0.3577380952380952 0.6744047619047618 0.35059523809523807 0.6616071428571427
0 0.24970238095238093 0.7586309523809524 0.2672619047619047 0.7505952380952381 0.28333333333333327 0.7604166666666665 0.28720238095238093 0.7806547619047618 0.27619047619047615 0.7928571428571428 0.25535714285714284 0.7919642857142857 0.24523809523809523 0.774702380952381
0 0.913095238095238 0.8520833333333332 0.9247023809523809 0.8494047619047619 0.937202380952381 0.8583333333333333 0.9345238095238094 0.8729166666666667 0.9208333333333333 0.8767857142857143 0.9098214285714286 0.8681547619047618
0 0.8717261904761904 0.8205357142857141 0.8872023809523809 0.8169642857142857 0.8985119047619047 0.8273809523809523 0.8919642857142855 0.8428571428571427 0.8773809523809523 0.8434523809523808 0.8699404761904761 0.8351190476190475
0 0.8351190476190475 0.7880952380952381 0.8458333333333332 0.7848214285714286 0.8577380952380952 0.7922619047619047 0.857142857142857 0.8062499999999999 0.8461309523809523 0.813392857142857 0.8360119047619047 0.8080357142857142 0.831547619047619 0.7994047619047618
0 0.48690476190476184 0.3708333333333333 0.5002976190476189 0.36339285714285713 0.5151785714285714 0.3678571428571428 0.5196428571428572 0.38630952380952377 0.5059523809523809 0.4008928571428571 0.48720238095238094 0.39583333333333326 0.481547619047619 0.38184523809523807
0 0.5449404761904761 0.41428571428571426 0.5598214285714285 0.4104166666666666 0.5744047619047619 0.4184523809523809 0.5773809523809523 0.4354166666666667 0.5660714285714286 0.44732142857142854 0.5479166666666666 0.44434523809523807 0.5392857142857143 0.42916666666666664
0 0.4824404761904761 0.49196428571428563 0.4997023809523809 0.48720238095238094 0.5116071428571428 0.4973214285714285 0.5139880952380952 0.5125 0.5002976190476189 0.5261904761904761 0.48333333333333334 0.5202380952380952 0.47678571428571426 0.5062499999999999
0 0.04791666666666666 0.43511904761904757 0.060119047619047614 0.43363095238095234 0.06726190476190476 0.4413690476190476 0.06458333333333333 0.4526785714285714 0.05267857142857142 0.4550595238095238 0.04613095238095238 0.44702380952380943
0 0.07499999999999998 0.4497023809523809 0.06636904761904762 0.4568452380952381 0.06607142857142856 0.4651785714285714 0.07559523809523809 0.47202380952380946 0.08482142857142856 0.4702380952380952 0.08869047619047618 0.4613095238095238 0.08363095238095238 0.45238095238095233
0 0.030357142857142853 0.4586309523809523 0.026488095238095234 0.46458333333333335 0.030654761904761903 0.47678571428571426 0.0431547619047619 0.47827380952380943 0.05029761904761904 0.469047619047619 0.04613095238095238 0.45803571428571427 0.036904761904761905 0.45446428571428565
0 0.049999999999999996 0.4758928571428571 0.06130952380952381 0.4723214285714285 0.06964285714285715 0.4788690476190476 0.0675595238095238 0.49196428571428563 0.05446428571428571 0.4946428571428571 0.047619047619047616 0.4860119047619047
0 0.15922619047619047 0.4125 0.1681547619047619 0.4095238095238095 0.17291666666666664 0.41607142857142854 0.1714285714285714 0.42380952380952375 0.16339285714285712 0.4255952380952381 0.15773809523809523 0.4196428571428571
0 0.12351190476190474 0.45565476190476184 0.13154761904761902 0.45327380952380947 0.13869047619047617 0.45714285714285713 0.13660714285714284 0.46636904761904757 0.1288690476190476 0.4684523809523809 0.12142857142857141 0.4619047619047619
0 0.13869047619047617 0.46696428571428567 0.1357142857142857 0.47440476190476183 0.14494047619047618 0.4824404761904761 0.1532738095238095 0.4773809523809523 0.15357142857142855 0.469047619047619 0.14583333333333331 0.4633928571428571
0 0.1125 0.46934523809523804 0.11160714285714285 0.4776785714285714 0.11964285714285713 0.4851190476190476 0.1261904761904762 0.48035714285714276 0.12738095238095237 0.47440476190476183 0.12023809523809523 0.4666666666666667
0 0.08244047619047618 0.5056547619047619 0.08095238095238094 0.5145833333333333 0.08809523809523809 0.5208333333333333 0.09761904761904762 0.5187499999999999 0.09791666666666665 0.5086309523809524 0.09107142857142857 0.5038690476190476
0 0.10595238095238094 0.5053571428571427 0.11517857142857141 0.5026785714285714 0.12261904761904761 0.5107142857142857 0.11934523809523807 0.519345238095238 0.10952380952380951 0.5205357142857142 0.1044642857142857 0.5139880952380952
0 0.06636904761904762 0.5330357142857143 0.07291666666666666 0.5297619047619048 0.07916666666666665 0.5345238095238094 0.08035714285714285 0.5422619047619047 0.0744047619047619 0.5473214285714285 0.06577380952380951 0.5422619047619047
0 0.05625 0.5452380952380952 0.05535714285714285 0.5529761904761905 0.062202380952380946 0.5589285714285714 0.07053571428571428 0.5556547619047618 0.07083333333333332 0.5488095238095237 0.06279761904761903 0.5425595238095238
0 0.09107142857142857 0.5523809523809523 0.0919642857142857 0.5449404761904761 0.08511904761904762 0.5398809523809524 0.07678571428571428 0.5461309523809523 0.07946428571428571 0.5538690476190475 0.0863095238095238 0.5562499999999999
0 0.07380952380952381 0.5523809523809523 0.0675595238095238 0.5601190476190476 0.07083333333333332 0.5681547619047619 0.0806547619047619 0.5678571428571427 0.08482142857142856 0.5607142857142856 0.08035714285714285 0.5541666666666666
0 0.03844975490196077 0.5887969771241831 0.03528390522875817 0.5881842320261438 0.03201593137254901 0.5838950163398693 0.03222017973856209 0.5794015522875817 0.03579452614379084 0.576439950980392 0.041819852941176475 0.5757250816993464 0.04518995098039215 0.5796058006535948 0.04508782679738561 0.5848141339869282 0.04212622549019606 0.5881842320261438
0 0.04651756535947712 0.5967626633986928 0.04508782679738561 0.5941074346405228 0.0455984477124183 0.5882863562091503 0.050398284313725485 0.5859375 0.05560661764705881 0.5877757352941176 0.057444852941176475 0.5925755718954249 0.05530024509803921 0.5974775326797385 0.051930147058823525 0.59890727124183 0.0487642973856209 0.5981924019607844
0 0.024067982456140342 0.5080592105263158 0.02735745614035087 0.503125 0.03207236842105263 0.5037828947368421 0.0350328947368421 0.5060855263157895 0.03492324561403509 0.5106907894736842 0.03283991228070176 0.5140899122807018 0.02779605263157895 0.5143092105263158 0.025932017543859633 0.5124451754385965
0 0.015734649122807007 0.5171600877192982 0.018695175438596483 0.5137609649122807 0.023300438596491235 0.5149671052631579 0.025493421052631575 0.5185855263157895 0.024945175438596482 0.5220942982456139 0.02242324561403508 0.5247258771929825 0.019353070175438594 0.5247258771929825 0.016721491228070172 0.5234100877192983 0.015186403508771928 0.5212171052631579 0.015296052631578938 0.5192434210526315
0 0.012445175438596483 0.5161732456140351 0.00970394736842105 0.5161732456140351 0.006085526315789463 0.5148574561403508 0.004550438596491221 0.5111293859649122 0.005208333333333333 0.5080592105263158 0.0075109649122806965 0.5058662280701754 0.012006578947368413 0.5053179824561403 0.015076754385964909 0.5084978070175439 0.015296052631578938 0.5117872807017544
0 0.016831140350877193 0.5050986842105263 0.013760964912280696 0.5024671052631579 0.012993421052631576 0.49972587719298245 0.015076754385964909 0.49435307017543856 0.019901315789473677 0.4940241228070175 0.02417763157894735 0.49786184210526313 0.023410087719298242 0.5025767543859649 0.0225328947368421 0.5033442982456141
0 0.005566578483245147 0.42520943562610225 0.007936507936507933 0.4223985890652556 0.01168430335097001 0.42201278659611985 0.015376984126984124 0.42432760141093473 0.01642416225749559 0.42686287477954143 0.01592813051146384 0.4302248677248678 0.012345679012345675 0.43292548500881833 0.008597883597883597 0.431602733686067 0.006723985890652553 0.42994929453262787
0 0.020061728395061717 0.4219576719576719 0.017195767195767195 0.42107583774250434 0.0154320987654321 0.4196428571428571 0.014770723104056435 0.41776895943562603 0.01482583774250441 0.41391093474426804 0.01763668430335097 0.41187169312169314 0.0212742504409171 0.4115410052910053 0.024966931216931214 0.41600529100529093 0.02430555555555556 0.4192570546737213 0.02248677248677248 0.42135141093474426
0 0.016093474426807752 0.435570987654321 0.016203703703703703 0.43264991181657847 0.019510582010582003 0.4305555555555555 0.023093033509700166 0.4306657848324515 0.025297619047619038 0.43264991181657847 0.026124338624338616 0.435681216931217 0.025077160493827164 0.43810626102292766 0.02298280423280423 0.4399801587301587 0.019786155202821867 0.4398148148148149 0.01730599647266313 0.43799603174603174
0 0.02419532627865961 0.4236111111111111 0.02761243386243385 0.419753086419753 0.031084656084656086 0.419918430335097 0.03444664902998235 0.4229497354497354 0.034667107583774254 0.42658730158730157 0.031801146384479714 0.42934303350970016 0.029651675485008806 0.43000440917107585 0.025352733686067015 0.42840608465608465
0 0.06511126248864668 0.2661217075386013 0.06511126248864668 0.2635672116257948 0.06596276112624887 0.2608991825613079 0.06794959128065396 0.2581743869209809 0.07158265213442325 0.25777702089009985 0.07476158038147138 0.25976385104450495 0.07601044504995459 0.26163714804722976 0.07657811080835605 0.2657243415077203 0.07532924613987284 0.26737057220708443 0.07283151680290646 0.26913033605812897 0.07067438692098094 0.2696412352406903 0.06698455949137148 0.26839237057220705
0 0.05364441416893733 0.27026566757493187 0.05387148047229791 0.2675408719346049 0.05648274296094458 0.2656675749318801 0.0600022706630336 0.26595140781108084 0.062102633969118984 0.26839237057220705 0.06215940054495912 0.2709468664850136 0.0600022706630336 0.27310399636693916 0.05767484105358764 0.273841961852861 0.05557447774750228 0.2729904632152589 0.05341734786557675 0.2708333333333333
0 0.06301089918256132 0.27741825613079013 0.06511126248864668 0.27406902815622164 0.06885785649409627 0.27389872842870117 0.07152588555858311 0.2757152588555858 0.07203678474114443 0.278894187102634 0.0697661217075386 0.28184604904632155 0.06681425976385104 0.28212988192552224 0.06408946412352406 0.2803133514986376
0 0.08787983425414364 0.3217656537753223 0.08339088397790057 0.32533379373848986 0.07740561694290976 0.32510359116022103 0.07464318600368323 0.32119014732965007 0.07475828729281767 0.3149746777163904 0.0802831491712707 0.3110612338858195 0.08776473296500921 0.313017955801105 0.08914594843462245 0.316701197053407
0 0.09823895027624309 0.304615561694291 0.09524631675874769 0.3048457642725599 0.09202348066298342 0.3018531307550645 0.09156307550644566 0.29805478821362796 0.09501611418047881 0.2942564456721915 0.09812384898710866 0.29448664825046045 0.10169198895027623 0.2977094843462247 0.10353360957642725 0.30081721915285453
0 0.10468462246777163 0.3402969613259668 0.10054097605893186 0.34133287292817677 0.09628222836095765 0.33903084714548803 0.09386510128913444 0.33339088397790057 0.09662753222836096 0.3280962246777164 0.10295810313075505 0.32740561694290976 0.10675644567219152 0.3308586556169429 0.10882826887661144 0.3348872007366483 0.1054903314917127 0.33937615101289137
0 0.11584944751381215 0.3213052486187845 0.11182090239410679 0.3190032228360958 0.11009438305709025 0.31462937384898715 0.11262661141804789 0.3110612338858195 0.11734576427255983 0.3100253222836096 0.12091390423572743 0.3125575506445672 0.12160451197053405 0.31716160220994477 0.1196477900552486 0.3208448434622468
0 0.15879065040650409 0.29486788617886184 0.16163617886178863 0.2946646341463415 0.1668191056910569 0.2971036585365854 0.16854674796747968 0.30218495934959355 0.16559959349593498 0.30889227642276423 0.1596036585365854 0.3090955284552846 0.1552337398373984 0.30665650406504064 0.15421747967479674 0.30218495934959355 0.15625 0.2980182926829269
0 0.17301829268292684 0.277489837398374 0.1755589430894309 0.2745426829268293 0.1805386178861789 0.2729166666666667 0.185619918699187 0.27606707317073176 0.18633130081300814 0.2804369918699187 0.18551829268292683 0.28440040650406506 0.18094512195121956 0.28694105691056915 0.17606707317073172 0.28633130081300817 0.17332317073170733 0.2827743902439025
0 0.13246951219512199 0.2674288617886179 0.13653455284552848 0.2652947154471545 0.1424288617886179 0.2671239837398374 0.1440548780487805 0.2714939024390244 0.1427337398373984 0.2770833333333334 0.13765243902439026 0.28033536585365854 0.13226626016260165 0.27881097560975615 0.13013211382113823 0.2748475609756098 0.1299288617886179 0.27068089430894315
0 0.12454268292682928 0.26732723577235773 0.12037601626016262 0.26692073170731706 0.11641260162601628 0.2648882113821138 0.11570121951219514 0.26122967479674797 0.1179369918699187 0.2546239837398374 0.12352642276422765 0.2536077235772358 0.12799796747967482 0.25625000000000003 0.12982723577235775 0.261839430894309 0.12738821138211384 0.26620934959349596
0 0.1484247967479675 0.26570121951219516 0.14385162601626017 0.2628556910569106 0.14222560975609758 0.25858739837398376 0.1427337398373984 0.25564024390243906 0.1459857723577236 0.2525914634146342 0.14893292682926831 0.2517784552845529 0.15279471544715448 0.2526930894308943 0.15594512195121954 0.2552337398373984 0.1558434959349594 0.2598069105691057 0.1533028455284553 0.26387195121951224
0 0.1342987804878049 0.2525914634146342 0.13064024390243906 0.2516768292682927 0.127489837398374 0.248119918699187 0.12830284552845528 0.24242886178861792 0.13267276422764232 0.23907520325203255 0.13958333333333334 0.2404979674796748 0.1421239837398374 0.24527439024390246 0.14039634146341465 0.24913617886178865 0.1389735772357724 0.2523882113821138
0 0.15470377604166666 0.20987955729166666 0.15901692708333334 0.208984375 0.16324869791666666 0.21012369791666666 0.166015625 0.21402994791666666 0.16520182291666666 0.21940104166666666 0.16194661458333334 0.22151692708333334 0.15974934895833334 0.22216796875 0.155029296875 0.220703125 0.152587890625 0.21744791666666666 0.15266927083333334 0.21516927083333334 0.1533203125 0.21240234375
0 0.17228190104166666 0.207763671875 0.16813151041666666 0.20751953125 0.16471354166666666 0.20353190104166666 0.16471354166666666 0.19921875 0.16756184895833334 0.19474283854166666 0.17236328125 0.19417317708333334 0.177978515625 0.19742838541666666 0.17830403645833334 0.20182291666666666 0.17626953125 0.205810546875
0 0.17447916666666666 0.23421223958333334 0.17032877604166666 0.2333984375 0.16796875 0.22998046875 0.16731770833333334 0.22615559895833334 0.16886393229166666 0.22298177083333334 0.17301432291666666 0.22102864583333334 0.17928059895833334 0.22281901041666666 0.18082682291666666 0.227294921875 0.1796875 0.23193359375 0.17708333333333334 0.23356119791666666
0 0.18359375 0.21980794270833334 0.18050130208333334 0.21769205729166666 0.17887369791666666 0.21451822916666666 0.17928059895833334 0.21053059895833334 0.18221028645833334 0.20743815104166666 0.18758138020833334 0.20613606770833334 0.19148763020833334 0.20939127604166666 0.19319661458333334 0.214111328125 0.19108072916666666 0.21826171875 0.1884765625 0.21988932291666666
0 0.1963696369636964 0.15955033003300328 0.1988448844884488 0.15800330033003301 0.2022483498349835 0.15784859735973597 0.20580651815181517 0.1604269801980198 0.20699257425742573 0.1630053630363036 0.20627062706270627 0.1665635313531353 0.20338283828382836 0.16872937293729373 0.20085602310231024 0.1691934818481848 0.19688531353135313 0.16785272277227722 0.19508044554455442 0.16475866336633663 0.19513201320132012 0.16140676567656764
0 0.208230198019802 0.17037953795379537 0.21034447194719472 0.16862623762376236 0.2140573432343234 0.16785272277227722 0.21751237623762373 0.16970915841584158 0.2192141089108911 0.1732157590759076 0.21854372937293728 0.1773927392739274 0.21436674917491746 0.17961014851485146 0.210138201320132 0.17847566006600657 0.2077660891089109 0.17594884488448845 0.20797235973597358 0.17280321782178215
0 0.2051416947250281 0.26013608305274977 0.2013538159371493 0.25936447811447816 0.19854797979797983 0.256348204264871 0.1982673961840629 0.25305134680134683 0.19988075196408536 0.24940375982042653 0.20268658810325482 0.24631734006734013 0.20850869809203146 0.24715909090909094 0.2114548260381594 0.2504559483726151 0.21187570145903484 0.25578703703703703 0.20956088664422 0.2589436026936027
0 0.21741722783389453 0.24547558922558926 0.21440095398428732 0.24505471380471383 0.21180555555555558 0.24281004489337826 0.2106130751964086 0.24000420875420878 0.2104727833894501 0.23614618406285076 0.2129980359147026 0.2331299102132436 0.21832912457912462 0.232358305274972 0.22288860830527502 0.23411195286195288 0.22464225589225592 0.23811026936026938 0.2233094837261504 0.24295033670033675 0.21952160493827166 0.24533529741863078
0 0.2315867003367004 0.25754068462401797 0.22800925925925927 0.25648849607182944 0.22527356902356904 0.25396324354657696 0.2249929854096521 0.24961419753086422 0.2270973625140292 0.2457561728395062 0.23130611672278345 0.24414281705948374 0.23572530864197536 0.24547558922558926 0.23804012345679018 0.24870230078563413 0.23832070707070707 0.2529110549943884 0.23719837261503932 0.2558571829405163 0.2343223905723906 0.25726010101010105
0 0.42635233918128657 0.044590643274853875 0.4311038011695907 0.042214912280701844 0.4366776315789474 0.04477339181286556 0.4383223684210527 0.048336988304093643 0.4366776315789474 0.05327119883040942 0.4332054093567252 0.05564692982456147 0.4290021929824562 0.05482456140350885 0.42571271929824567 0.0507127192982457 0.4256213450292398 0.04559576023391821
0 0.43676900584795325 0.041027046783625815 0.43558114035087725 0.03682383040935679 0.4364948830409357 0.03298611111111118 0.44033260233918137 0.03143274853801177 0.4445358187134503 0.03243786549707611 0.4469115497076024 0.035727339181286635 0.4469115497076024 0.04166666666666675 0.44252558479532167 0.04349415204678371 0.43905336257309946 0.04312865497076031
0 0.4158346645367412 0.06572816826411076 0.41390441959531415 0.06712593184238551 0.41044329073482433 0.0669262513312034 0.4079140042598509 0.06446352502662409 0.4078474440894569 0.06033679446219382 0.4093117678381257 0.05840654952076677 0.41224041533546324 0.057674387646432394 0.41663338658146964 0.059338391906283275 0.4176983493077742 0.062466719914802994 0.4165668264110756 0.06532880724174654
0 0.4214257188498402 0.0737153887113951 0.4197617145899894 0.0725838658146965 0.4188298722044728 0.07105298189563365 0.4188298722044728 0.06938897763578276 0.4202941959531416 0.06725905218317359 0.4239550053248136 0.0669262513312034 0.42581869009584666 0.06885649627263046 0.42621805111821087 0.07145234291799787 0.42402156549520764 0.07398162939297125
0 0.2889727011494253 0.23772749042145597 0.2944803639846743 0.23892480842911878 0.29843151340996166 0.24407327586206898 0.29759339080459773 0.2497006704980843 0.2931633141762452 0.2519755747126437 0.28717672413793105 0.25125718390804597 0.2841834291187739 0.24694683908045978 0.2832255747126437 0.24203783524904215
0 0.31028496168582376 0.2623922413793104 0.3135177203065134 0.25927921455938696 0.31914511494252873 0.2598778735632184 0.32273706896551724 0.2632303639846743 0.32273706896551724 0.26861829501915707 0.3189056513409962 0.2725694444444445 0.3132782567049809 0.2717313218390805 0.3099257662835249 0.2693366858237548 0.30908764367816094 0.26598419540229884
0 0.7105707159624414 0.5073723591549296 0.7089568661971831 0.5087661384976527 0.7047755281690141 0.5092062793427231 0.7019879694835681 0.507005575117371 0.7012544014084507 0.5042913732394367 0.7020613262910799 0.5005501760563381 0.7059492370892019 0.4985695422535212 0.7102039319248826 0.49944982394366205 0.7118177816901409 0.5029709507042254
0 0.7176129694835681 0.498056044600939 0.7146786971830986 0.4979093309859155 0.7113776408450705 0.49600205399061037 0.7105707159624414 0.4927009976525822 0.7118911384976527 0.48844630281690143 0.7162925469483569 0.4874193075117372 0.7207673122065728 0.4889598004694836 0.7211340962441315 0.49299442488262923 0.7204005281690141 0.4965889084507043
0 0.7264157863849766 0.505318368544601 0.7233348004694836 0.5047315140845071 0.7217209507042254 0.5024574530516432 0.721867664319249 0.4987162558685446 0.7240683685446011 0.49600205399061037 0.7293500586854461 0.49651555164319255 0.7307438380281691 0.4998166079812207 0.7306704812206574 0.5034844483568076 0.7281763497652584 0.5055384389671362
0 0.7623552522746071 0.5404259718775848 0.7593569065343259 0.54058105872622 0.7576509511993382 0.5399090157154672 0.7561000827129859 0.5373759305210918 0.7555831265508685 0.534687758478081 0.7575475599669147 0.531844499586435 0.7610628618693135 0.5308622828784119 0.7639578163771712 0.532464846980976 0.7652502067824648 0.535308105872622 0.7648366418527708 0.538151364764268 0.7629239040529363 0.5403225806451613
0 0.7583746898263027 0.5538668320926385 0.7581162117452439 0.5514371381306864 0.7589433416046318 0.5484904880066169 0.7620967741935484 0.5470430107526881 0.7664909015715466 0.5477667493796525 0.7678866832092638 0.5506617038875103 0.7676282051282051 0.5545388751033912 0.7645264681555003 0.556606699751861 0.7622001654259718 0.5566583953680727 0.7594086021505376 0.5550041356492968
0 0.7697994210090984 0.5490591397849462 0.7660773366418527 0.5467328370554176 0.7648366418527708 0.5438378825475599 0.7656637717121587 0.5408912324234905 0.7688172043010753 0.5388751033912323 0.772746071133168 0.5398573200992556 0.7743486352357319 0.5422353184449958 0.7743486352357319 0.5453887510339123 0.772746071133168 0.5481286186931348 0.770471464019851 0.5487489660876758
0 0.7914186507936509 0.7748842592592593 0.785300925925926 0.7748015873015872 0.7820767195767195 0.7711640211640212 0.783068783068783 0.7645502645502645 0.7875330687830687 0.7628141534391535 0.7936507936507937 0.7648809523809524 0.7946428571428571 0.7688492063492064
0 0.8110119047619048 0.7895998677248678 0.8074570105820106 0.7902612433862435 0.8039847883597885 0.7886078042328043 0.802992724867725 0.785135582010582 0.8029100529100529 0.783316798941799 0.8050595238095238 0.7806712962962963 0.8091931216931217 0.7804232804232805 0.812417328042328 0.7818287037037037 0.8127480158730159 0.7857142857142858
0 0.8402278177458034 0.7129796163069545 0.8463729016786572 0.706984412470024 0.8549160671462829 0.70818345323741 0.8592625899280574 0.7152278177458035 0.8585131894484412 0.7245203836930455 0.8526678657074341 0.7275179856115108 0.8429256594724222 0.7272182254196643 0.8381294964028777 0.7185251798561151
0 0.8877398081534771 0.6539268585131895 0.892835731414868 0.6491306954436451 0.9013788968824941 0.6483812949640289 0.9085731414868105 0.6528776978417267 0.9085731414868105 0.6630695443645085 0.897931654676259 0.6686151079136692 0.8892386091127097 0.6659172661870504 0.8866906474820143 0.6602218225419665
0 0.9688534768211919 0.5639831677704195 0.9696812913907283 0.560533940397351 0.9749241169977925 0.5562568984547461 0.9814086644591612 0.5568087748344371 0.984375 0.5608788631346578 0.9832022626931566 0.5677773178807947 0.9796840507726269 0.5707436534216336 0.9739583333333334 0.5713645143487859 0.9707850441501102 0.5692949779249449 0.9695433222958056 0.5666735651214129
0 0.8875981675392669 0.7606348167539266 0.8824716404886561 0.7577988656195462 0.8782177137870855 0.7534358638743455 0.8794175392670157 0.7451461605584642 0.8842168411867365 0.7405650087260034 0.8919611692844677 0.7403468586387434 0.8965423211169284 0.7430737347294939 0.8993782722513088 0.7489637870855147 0.8977421465968585 0.7549629144851657 0.8949061954624781 0.7589986910994764 0.8893433682373473 0.7604166666666665
0 0.9191208551483419 0.7763416230366492 0.925556282722513 0.7721967713787085 0.9317735602094239 0.7729602966841187 0.9367910122164049 0.7773232984293192 0.937772687609075 0.7839768760907504 0.9342822862129143 0.7898669284467712 0.9293739092495638 0.7920484293193717 0.9218477312390925 0.7910667539267014 0.918684554973822 0.787794502617801 0.9175938045375218 0.7837587260034904 0.9182482547993017 0.7781958987783594
0 0.9572688564476886 0.8131082725060828 0.9607664233576642 0.8080900243309003 0.9645681265206814 0.8050486618004866 0.9712591240875912 0.80580900243309 0.9744525547445255 0.8077858880778589 0.9774939172749392 0.8149330900243308 0.9743004866180048 0.8231447688564477 0.9676094890510948 0.8245133819951337 0.9606143552311435 0.822536496350365 0.9572688564476886 0.8182785888077859
0 0.9265510948905109 0.6894768856447688 0.9279197080291971 0.6833941605839416 0.9368917274939172 0.6788321167883211 0.9449513381995134 0.6835462287104622 0.9466240875912408 0.6871958637469586 0.947992700729927 0.6960158150851582 0.9364355231143552 0.701794403892944 0.9298965936739659 0.7002737226277372
0 0.9654805352798053 0.7188260340632603 0.9726277372262774 0.7131995133819952 0.9815997566909974 0.7135036496350364 0.9860097323600974 0.7182177615571776 0.9855535279805353 0.7281021897810219 0.9791666666666666 0.7340328467153284 0.9686739659367396 0.7306873479318735 0.9659367396593673 0.7235401459854015
0 0.02910756501182033 0.8946513002364067 0.03206264775413712 0.8924349881796692 0.03974586288416075 0.8918439716312058 0.043882978723404256 0.8964243498817968 0.045212765957446804 0.9026300236406621 0.04240543735224586 0.9072104018912531 0.03856382978723405 0.9095744680851064 0.03398345153664302 0.9095744680851064 0.02969858156028368 0.9075059101654847 0.026004728132387692 0.9038120567375887 0.02733451536643026 0.8974586288416078
0 0.045508274231678476 0.8773640661938535 0.047429078014184396 0.8721926713947992 0.05614657210401892 0.8696808510638299 0.061613475177304956 0.875147754137116 0.06353427895981087 0.8812056737588654 0.06013593380614658 0.8868203309692672 0.05378250591016548 0.888888888888889 0.04920212765957447 0.8882978723404256 0.045508274231678476 0.8848995271867613
