0 0.27172619047619045 0.023809523809523808 0.28422619047619047 0.020535714285714282 0.29494047619047614 0.027380952380952377 0.2928571428571428 0.04226190476190476 0.2791666666666666 0.045535714285714284 0.27053571428571427 0.03601190476190476
0 0.3732142857142857 0.027380952380952377 0.3898809523809524 0.02321428571428571 0.4026785714285714 0.03303571428571428 0.4041666666666666 0.048511904761904756 0.3913690476190476 0.06071428571428571 0.37440476190476185 0.05625 0.3669642857142857 0.041071428571428564
0 0.32380952380952377 0.09047619047619046 0.3369047619047619 0.08869047619047618 0.34642857142857136 0.09583333333333333 0.3461309523809524 0.10863095238095236 0.3348214285714285 0.11547619047619047 0.32113095238095235 0.10684523809523808
0 0.37053571428571425 0.1300595238095238 0.381547619047619 0.12678571428571428 0.39255952380952375 0.13452380952380952 0.3904761904761905 0.14970238095238095 0.3764880952380952 0.15297619047619046 0.36666666666666664 0.14494047619047618
0 0.42499999999999993 0.17291666666666664 0.4395833333333333 0.17023809523809524 0.4511904761904761 0.1794642857142857 0.44672619047619044 0.19345238095238093 0.4339285714285714 0.1949404761904762 0.42380952380952375 0.18541666666666665
0 0.5208333333333333 0.1470238095238095 0.5336309523809523 0.14464285714285713 0.5464285714285714 0.1526785714285714 0.5455357142857142 0.17023809523809524 0.5306547619047618 0.17619047619047618 0.5199404761904761 0.17023809523809524 0.5154761904761904 0.1595238095238095
0 0.4479166666666667 0.0875 0.4636904761904761 0.08244047619047618 0.47678571428571426 0.09136904761904761 0.4788690476190476 0.10982142857142857 0.46815476190476185 0.12053571428571429 0.450297619047619 0.11845238095238095 0.4428571428571428 0.10238095238095238
0 0.4741071428571428 0.2172619047619047 0.48303571428571423 0.21428571428571425 0.4934523809523809 0.21845238095238093 0.49583333333333335 0.23095238095238094 0.48839285714285713 0.23958333333333334 0.47678571428571426 0.23928571428571427 0.4705357142857143 0.22797619047619047
0 0.22738095238095235 0.587797619047619 0.2407738095238095 0.5824404761904761 0.2538690476190476 0.5854166666666666 0.2607142857142857 0.5973214285714286 0.2571428571428571 0.6116071428571428 0.2419642857142857 0.618452380952381 0.22976190476190472 0.613095238095238 0.2241071428571428 0.6026785714285714
0 0.2702380952380952 0.6208333333333332 0.2806547619047619 0.6154761904761905 0.2934523809523809 0.619345238095238 0.29970238095238094 0.6303571428571427 0.2979166666666666 0.644047619047619 0.2851190476190476 0.650892857142857 0.2693452380952381 0.6464285714285714 0.26398809523809524 0.6324404761904762
0 0.2985119047619047 0.5830357142857142 0.31279761904761905 0.5782738095238095 0.3276785714285714 0.587202380952381 0.32827380952380947 0.6059523809523809 0.3157738095238095 0.6160714285714285 0.30089285714285713 0.6122023809523809 0.2934523809523809 0.5964285714285714
0 0.25684523809523807 0.550595238095238 0.27232142857142855 0.5458333333333333 0.2869047619047619 0.5529761904761905 0.2901785714285714 0.5699404761904762 0.2782738095238095 0.581547619047619 0.26398809523809524 0.5812499999999999 0.25357142857142856 0.5681547619047619
0 0.3348214285714285 0.5446428571428571 0.34642857142857136 0.5413690476190476 0.35803571428571423 0.5464285714285714 0.3607142857142857 0.5586309523809523 0.3538690476190476 0.5699404761904762 0.33809523809523806 0.5711309523809524 0.33065476190476184 0.5580357142857143
0 0.29494047619047614 0.5113095238095238 0.3098214285714286 0.5083333333333332 0.32053571428571426 0.5172619047619047 0.31875 0.5333333333333332 0.3014880952380952 0.5380952380952381 0.2913690476190476 0.5264880952380951
0 0.36220238095238094 0.5113095238095238 0.37559523809523804 0.506547619047619 0.38749999999999996 0.5157738095238095 0.38690476190476186 0.5315476190476189 0.3729166666666666 0.5380952380952381 0.3630952380952381 0.5339285714285714 0.3583333333333333 0.5223214285714285
0 0.3232142857142857 0.47827380952380943 0.3363095238095238 0.47559523809523807 0.3476190476190476 0.48333333333333334 0.34583333333333327 0.49910714285714275 0.33124999999999993 0.5050595238095238 0.3214285714285714 0.49940476190476185 0.31845238095238093 0.4880952380952381
0 0.1913690476190476 0.3919642857142857 0.20535714285714285 0.38630952380952377 0.22053571428571425 0.3943452380952381 0.2226190476190476 0.4098214285714285 0.21279761904761904 0.42053571428571423 0.19613095238095235 0.41934523809523805 0.18720238095238093 0.40684523809523804
0 0.22886904761904758 0.4226190476190476 0.24047619047619045 0.41755952380952377 0.2556547619047619 0.4270833333333333 0.256547619047619 0.44077380952380946 0.24702380952380948 0.44880952380952377 0.23154761904761903 0.4464285714285714 0.22529761904761902 0.4339285714285714
0 0.20803571428571427 0.6791666666666666 0.21904761904761902 0.6764880952380952 0.22857142857142856 0.6842261904761904 0.22738095238095235 0.6955357142857143 0.2181547619047619 0.700892857142857 0.2089285714285714 0.6973214285714285 0.20565476190476187 0.6892857142857143
0 0.2369047619047619 0.6997023809523809 0.24791666666666667 0.6997023809523809 0.25535714285714284 0.7059523809523809 0.2556547619047619 0.7193452380952381 0.24166666666666667 0.7229166666666665 0.23273809523809524 0.7175595238095237 0.23154761904761903 0.7077380952380952
0 0.6517857142857143 0.9666666666666667 0.662797619047619 0.963095238095238 0.6732142857142857 0.9699404761904761 0.6720238095238095 0.9827380952380952 0.6607142857142857 0.9875 0.649702380952381 0.9806547619047619
0 0.6169642857142856 0.938095238095238 0.6294642857142857 0.9351190476190476 0.6413690476190476 0.9455357142857143 0.6357142857142857 0.9577380952380952 0.6238095238095238 0.9589285714285712 0.6163690476190475 0.950892857142857
0 0.5654761904761905 0.8934523809523809 0.5776785714285714 0.8922619047619046 0.5869047619047618 0.8994047619047618 0.5836309523809523 0.913095238095238 0.5723214285714285 0.9163690476190476 0.5627976190476189 0.90625
0 0.5318452380952381 0.8666666666666667 0.5431547619047619 0.8639880952380952 0.5538690476190475 0.8717261904761904 0.5499999999999999 0.8863095238095237 0.5366071428571427 0.8872023809523809 0.5300595238095238 0.8776785714285713
0 0.4898809523809523 0.9181547619047619 0.5020833333333332 0.9166666666666666 0.5101190476190476 0.9261904761904761 0.5053571428571427 0.9369047619047618 0.4946428571428571 0.9366071428571427 0.487797619047619 0.9291666666666667
0 0.5235119047619047 0.9455357142857143 0.5363095238095238 0.9422619047619046 0.544047619047619 0.9541666666666667 0.5392857142857143 0.9642857142857143 0.5267857142857143 0.9636904761904761 0.5208333333333333 0.9559523809523809
0 0.6327380952380952 0.8276785714285714 0.6434523809523809 0.825 0.6511904761904761 0.8330357142857142 0.6485119047619047 0.8434523809523808 0.6383928571428571 0.8452380952380952 0.631547619047619 0.838095238095238
0 0.5869047619047618 0.787797619047619 0.5976190476190476 0.7869047619047619 0.6032738095238095 0.7928571428571428 0.6017857142857143 0.8047619047619047 0.5916666666666666 0.806547619047619 0.5839285714285714 0.7979166666666666
0 0.6071428571428571 0.7595238095238095 0.6199404761904761 0.7592261904761903 0.6267857142857143 0.769047619047619 0.6211309523809523 0.7794642857142856 0.6122023809523809 0.7788690476190476 0.6059523809523809 0.7702380952380952
0 0.6535714285714285 0.8014880952380952 0.6636904761904762 0.7967261904761904 0.6738095238095237 0.8041666666666666 0.6699404761904761 0.8172619047619047 0.6595238095238094 0.8178571428571427 0.6529761904761904 0.8116071428571427
0 0.7261904761904762 0.712797619047619 0.7357142857142857 0.7116071428571428 0.7422619047619047 0.7172619047619048 0.7389880952380952 0.7282738095238095 0.7291666666666665 0.7297619047619047 0.7235119047619047 0.7220238095238094
0 0.6785714285714285 0.675297619047619 0.6877976190476189 0.6726190476190476 0.6967261904761903 0.680952380952381 0.6913690476190476 0.6907738095238094 0.681547619047619 0.6904761904761904 0.6782738095238094 0.6842261904761904
0 0.7449404761904761 0.6913690476190476 0.7538690476190476 0.6895833333333332 0.7604166666666665 0.6952380952380952 0.7577380952380952 0.706547619047619 0.7482142857142856 0.7074404761904761 0.7422619047619047 0.700297619047619
0 0.6964285714285714 0.6532738095238094 0.7044642857142857 0.649702380952381 0.7139880952380951 0.657142857142857 0.7107142857142856 0.6663690476190476 0.7011904761904761 0.6681547619047619 0.6958333333333332 0.6630952380952381
0 0.7735119047619047 0.6541666666666666 0.7839285714285714 0.6520833333333332 0.7916666666666665 0.6595238095238094 0.787797619047619 0.6711309523809523 0.7764880952380951 0.6729166666666666 0.7705357142857142 0.6642857142857143
0 0.7261904761904762 0.6145833333333333 0.7369047619047618 0.612797619047619 0.744642857142857 0.6217261904761905 0.7389880952380952 0.6339285714285714 0.7291666666666665 0.6324404761904762 0.7229166666666665 0.6252976190476189
0 0.794047619047619 0.6288690476190476 0.8050595238095237 0.6255952380952381 0.8124999999999999 0.6333333333333332 0.8083333333333332 0.6446428571428571 0.7979166666666666 0.6470238095238094 0.7916666666666665 0.6395833333333333
0 0.7467261904761904 0.5895833333333332 0.756547619047619 0.587202380952381 0.7651785714285714 0.5940476190476189 0.762797619047619 0.6050595238095238 0.7523809523809523 0.6083333333333333 0.7437499999999999 0.6008928571428571
0 0.649702380952381 0.6119047619047618 0.649702380952381 0.6220238095238094 0.6589285714285714 0.6279761904761905 0.6657738095238095 0.6211309523809523 0.6645833333333332 0.6139880952380952 0.6568452380952381 0.6095238095238095
0 0.8327380952380952 0.5863095238095238 0.8386904761904761 0.5827380952380952 0.8458333333333332 0.5889880952380951 0.8443452380952381 0.5970238095238094 0.8369047619047618 0.5999999999999999 0.831845238095238 0.5937499999999999
0 0.8223214285714285 0.5979166666666665 0.8187499999999999 0.6053571428571428 0.8235119047619047 0.612797619047619 0.831845238095238 0.6122023809523809 0.8360119047619047 0.60625 0.8294642857142857 0.5973214285714286
0 0.7866071428571427 0.5446428571428571 0.7949404761904761 0.54375 0.800297619047619 0.5508928571428572 0.7958333333333333 0.5589285714285714 0.7886904761904762 0.5604166666666666 0.7827380952380952 0.5523809523809523
0 0.7749999999999999 0.5601190476190476 0.7726190476190475 0.5663690476190476 0.775297619047619 0.5747023809523809 0.7833333333333332 0.5747023809523809 0.787797619047619 0.5666666666666665 0.7836309523809523 0.5592261904761905
0 0.7169642857142856 0.5276785714285714 0.725892857142857 0.5244047619047618 0.7324404761904761 0.5306547619047618 0.7303571428571428 0.5401785714285714 0.7223214285714286 0.5431547619047619 0.7157738095238094 0.5383928571428571
0 0.7327380952380952 0.5083333333333332 0.7428571428571428 0.5044642857142857 0.7485119047619048 0.5101190476190476 0.7479166666666666 0.5202380952380952 0.7372023809523809 0.524702380952381 0.73125 0.5166666666666666
0 0.6717261904761904 0.49196428571428563 0.6732142857142857 0.5041666666666665 0.6812499999999999 0.5089285714285714 0.6901785714285714 0.5059523809523809 0.6904761904761904 0.49613095238095234 0.6827380952380951 0.4895833333333333
0 0.6491071428571428 0.5229166666666666 0.6470238095238094 0.530952380952381 0.6523809523809523 0.5380952380952381 0.6619047619047619 0.5380952380952381 0.6666666666666665 0.5300595238095238 0.6598214285714286 0.5205357142857142
0 0.6333333333333332 0.5410714285714285 0.6312499999999999 0.5482142857142857 0.6330357142857143 0.556547619047619 0.644345238095238 0.5595238095238094 0.6511904761904761 0.5529761904761905 0.6488095238095237 0.5455357142857142 0.6422619047619047 0.5392857142857143
0 0.6898809523809523 0.47351190476190474 0.6991071428571428 0.46934523809523804 0.706845238095238 0.475 0.7062499999999999 0.48184523809523805 0.700297619047619 0.48898809523809517 0.6901785714285714 0.48452380952380947
0 0.6857142857142856 0.569047619047619 0.6848214285714285 0.5741071428571428 0.6892857142857143 0.5797619047619047 0.6967261904761903 0.5788690476190476 0.700595238095238 0.5723214285714285 0.6919642857142857 0.5660714285714286
0 0.6955357142857143 0.5556547619047618 0.7035714285714285 0.5532738095238094 0.7074404761904761 0.5580357142857143 0.7071428571428571 0.5660714285714286 0.7020833333333333 0.5684523809523809 0.694642857142857 0.5633928571428571
0 0.7104166666666666 0.5794642857142857 0.7026785714285714 0.5791666666666666 0.6982142857142857 0.5842261904761905 0.7032738095238095 0.5910714285714285 0.7089285714285714 0.5898809523809523 0.712202380952381 0.5851190476190475
0 0.7116071428571428 0.5663690476190476 0.7190476190476189 0.5651785714285714 0.7229166666666665 0.5705357142857143 0.7205357142857143 0.5794642857142857 0.7113095238095237 0.5788690476190476 0.7083333333333333 0.5729166666666665
0 0.7330357142857142 0.5407738095238095 0.7404761904761904 0.5383928571428571 0.7458333333333332 0.5446428571428571 0.7425595238095237 0.5523809523809523 0.7324404761904761 0.5508928571428572
0 0.7586309523809524 0.530952380952381 0.7604166666666665 0.5235119047619047 0.7538690476190476 0.5196428571428572 0.7476190476190476 0.5244047619047618 0.7514880952380952 0.5336309523809523
0 0.7705357142857142 0.4449404761904761 0.7872023809523808 0.44166666666666665 0.7964285714285714 0.456547619047619 0.7898809523809524 0.4711309523809523 0.7749999999999999 0.4723214285714285 0.7663690476190476 0.4619047619047619
0 0.8261904761904761 0.3782738095238095 0.8389880952380951 0.3741071428571428 0.8526785714285714 0.38482142857142854 0.8479166666666665 0.400297619047619 0.8297619047619047 0.4041666666666666 0.819642857142857 0.3913690476190476
0 0.9002976190476188 0.437797619047619 0.9172619047619046 0.43690476190476185 0.9258928571428571 0.450297619047619 0.9208333333333333 0.4639880952380952 0.9032738095238094 0.46458333333333335 0.8940476190476189 0.45208333333333334
0 0.8425595238095237 0.5083333333333332 0.857142857142857 0.5017857142857143 0.869345238095238 0.5145833333333333 0.8660714285714285 0.5300595238095238 0.8499999999999999 0.5345238095238094 0.8398809523809523 0.524702380952381
0 0.5136904761904761 0.22083333333333333 0.5205357142857142 0.2169642857142857 0.5300595238095238 0.2241071428571428 0.5285714285714285 0.23601190476190473 0.5199404761904761 0.2375 0.5113095238095238 0.23184523809523805
0 0.4964285714285714 0.23898809523809522 0.4949404761904761 0.24702380952380948 0.49940476190476185 0.2550595238095238 0.5092261904761904 0.2571428571428571 0.5151785714285714 0.25119047619047613 0.5116071428571428 0.24107142857142858 0.5056547619047619 0.2375
0 0.4476190476190476 0.20148809523809522 0.4574404761904761 0.19999999999999998 0.46309523809523806 0.20654761904761904 0.4622023809523809 0.21666666666666667 0.45208333333333334 0.21785714285714283 0.44702380952380943 0.2113095238095238
0 0.4044642857142857 0.16607142857142856 0.4145833333333333 0.16488095238095235 0.41934523809523805 0.17202380952380952 0.4178571428571428 0.18124999999999997 0.40892857142857136 0.18095238095238092 0.40386904761904757 0.17589285714285713
0 0.6637983091787439 0.5943538647342996 0.6716485507246377 0.5913345410628019 0.6788949275362319 0.5979770531400966 0.6782910628019324 0.6082427536231885 0.6680253623188406 0.6088466183574879 0.6628925120772947 0.6031099033816425
0 0.21275811209439535 0.4911504424778761 0.21653761061946908 0.48773967551622416 0.22206858407079655 0.4870022123893805 0.22621681415929212 0.49013643067846613 0.22796828908554578 0.49483775811209435 0.22612463126843665 0.4997234513274337 0.22308259587020657 0.5013827433628318 0.218934365781711 0.5019358407079646 0.2161688790560473 0.501198377581121 0.21358775811209446 0.49760324483775814 0.212481563421829 0.4939159292035399
0 0.19579646017699123 0.4740966076696165 0.20003687315634225 0.47123893805309736 0.20519911504424787 0.47252949852507375 0.20851769911504434 0.47538716814159293 0.20953171091445436 0.4799041297935103 0.20695058997050153 0.48442109144542767 0.2012352507374632 0.4866334808259587 0.19515117994100303 0.4837758112094395 0.19432153392330392 0.4789823008849557
0 0.17643805309734523 0.46183628318584075 0.17957227138643078 0.4597160766961652 0.18455014749262547 0.4598082595870206 0.18685471976401188 0.4624815634218289 0.18694690265486733 0.46681415929203546 0.18667035398230097 0.4703171091445428 0.1820612094395281 0.47105457227138636 0.17828171091445436 0.4705936578171092 0.17662241887905614 0.46810471976401186
0 0.1590154867256638 0.4523414454277286 0.15919985250737467 0.4481010324483776 0.16214970501474932 0.44579646017699115 0.16666666666666677 0.4452433628318584 0.169339970501475 0.4486541297935103 0.16952433628318592 0.4521570796460177 0.16823377581120952 0.455844395280236 0.16509955752212396 0.4569505899705014 0.16141224188790568 0.4553834808259587
0 0.5572916666666666 0.832390873015873 0.5597718253968254 0.830704365079365 0.5635416666666667 0.8304067460317459 0.5677083333333334 0.8339781746031746 0.5668154761904761 0.8399305555555555 0.561954365079365 0.8417162698412698 0.5586805555555555 0.840029761904762 0.5563988095238095 0.8371527777777779 0.5562003968253968 0.8354662698412698
0 0.568501984126984 0.8291170634920634 0.5664186507936507 0.8257440476190475 0.5661210317460317 0.8210813492063491 0.5700892857142856 0.818501984126984 0.5753472222222222 0.8180059523809523 0.5769345238095238 0.822172619047619 0.5772321428571427 0.8274305555555556 0.5722718253968254 0.8293154761904762
0 0.6131175149700598 0.861433383233533 0.6156125249500998 0.8587512475049901 0.6182322854291418 0.8573789920159682 0.6222243013972055 0.858626497005988 0.6238460578842315 0.861682884231537 0.6240331836327345 0.864739271457086 0.6220371756487026 0.8670471556886228 0.6184194111776448 0.8681075349301398 0.6149887724550899 0.8673590319361278 0.6137412674650699 0.8662362774451098
0 0.6041354790419161 0.8720371756487028 0.6060691117764471 0.8694797904191618 0.6111215069860279 0.8685441616766468 0.6143026447105788 0.8714757984031938 0.6147392714570858 0.8759668163672656 0.6126808882235529 0.8790855788423154 0.609187874251497 0.8803954590818364 0.6055077345309382 0.8789608283433135 0.6035741017964071 0.8752806886227547
0 0.6853125 0.7813541666666666 0.683923611111111 0.7792013888888889 0.6832291666666667 0.7755208333333332 0.6847569444444443 0.7721874999999999 0.6905902777777777 0.7705902777777778 0.6939930555555556 0.7732986111111111 0.6957291666666666 0.7771874999999999 0.6938541666666667 0.7812847222222222 0.6914236111111111 0.7828819444444445
0 0.6985069444444444 0.7702430555555555 0.6954513888888889 0.7696180555555555 0.6939930555555556 0.7675347222222222 0.6927430555555555 0.7636458333333334 0.6959375 0.7592013888888889 0.6998958333333334 0.7587152777777777 0.7036458333333333 0.760173611111111 0.7044791666666667 0.7640625 0.7038541666666667 0.7674652777777777 0.7012847222222222 0.7700347222222222
0 0.7075347222222222 0.7582986111111111 0.7026041666666667 0.7555902777777778 0.7008680555555555 0.750798611111111 0.7032291666666667 0.7480208333333334 0.7071180555555555 0.7451041666666667 0.7126041666666667 0.746423611111111 0.7146875 0.751423611111111 0.7126041666666667 0.7564930555555556
