0 0.6023809523809524 0.2020833333333333 0.593452380952381 0.20744047619047618 0.5898809523809523 0.2172619047619047 0.5988095238095238 0.22678571428571426 0.6113095238095237 0.22440476190476188 0.6142857142857142 0.21666666666666667 0.6107142857142857 0.20416666666666664
0 0.6312499999999999 0.20148809523809522 0.6211309523809523 0.20744047619047618 0.6202380952380951 0.2169642857142857 0.6258928571428571 0.2276785714285714 0.637797619047619 0.225 0.6425595238095237 0.2169642857142857 0.6395833333333333 0.20654761904761904
0 0.6699404761904761 0.1919642857142857 0.6604166666666665 0.19851190476190475 0.6607142857142857 0.2095238095238095 0.6708333333333333 0.21607142857142855 0.680952380952381 0.2113095238095238 0.681547619047619 0.1988095238095238
0 0.6982142857142857 0.19285714285714284 0.6895833333333332 0.1982142857142857 0.6877976190476189 0.20654761904761904 0.6922619047619047 0.21398809523809523 0.7041666666666666 0.21398809523809523 0.7089285714285714 0.20654761904761904 0.706845238095238 0.19791666666666663
0 0.6645833333333332 0.21666666666666667 0.6595238095238094 0.225 0.6616071428571427 0.23482142857142857 0.6711309523809523 0.23839285714285713 0.6806547619047618 0.23244047619047617 0.6773809523809523 0.21785714285714283
0 0.6949404761904762 0.2163690476190476 0.6866071428571427 0.22113095238095237 0.6854166666666666 0.23125 0.6922619047619047 0.24047619047619045 0.7053571428571428 0.2363095238095238 0.7086309523809523 0.22678571428571426 0.7029761904761904 0.21845238095238093
0 0.6723214285714285 0.24702380952380948 0.6604166666666665 0.25059523809523804 0.6583333333333332 0.26130952380952377 0.663392857142857 0.26964285714285713 0.6741071428571428 0.2720238095238095 0.6812499999999999 0.26428571428571423 0.6794642857142856 0.25119047619047613
0 0.6961309523809524 0.2482142857142857 0.6860119047619048 0.25267857142857136 0.6851190476190476 0.26339285714285715 0.6904761904761904 0.27113095238095236 0.7035714285714285 0.27172619047619045 0.7083333333333333 0.26130952380952377 0.7050595238095237 0.25148809523809523
0 0.7836309523809523 0.14047619047619045 0.7773809523809523 0.1455357142857143 0.7773809523809523 0.15208333333333332 0.7815476190476189 0.15803571428571428 0.7904761904761903 0.1556547619047619 0.7919642857142857 0.14583333333333331
0 0.782142857142857 0.16398809523809524 0.7776785714285714 0.16726190476190475 0.7776785714285714 0.17559523809523808 0.7836309523809523 0.17976190476190473 0.7916666666666665 0.17708333333333331 0.7916666666666665 0.16994047619047617 0.7886904761904762 0.16547619047619047
0 0.7830357142857142 0.18601190476190474 0.775595238095238 0.18928571428571425 0.7735119047619047 0.19642857142857142 0.775892857142857 0.20357142857142854 0.7839285714285714 0.20535714285714285 0.7922619047619047 0.20089285714285712 0.7913690476190475 0.1907738095238095
0 0.7815476190476189 0.20982142857142855 0.775892857142857 0.21279761904761904 0.7738095238095237 0.21904761904761902 0.7761904761904761 0.22470238095238093 0.7827380952380952 0.22619047619047616 0.7916666666666665 0.2214285714285714 0.7880952380952381 0.21249999999999997
0 0.7595238095238095 0.24791666666666667 0.7505952380952381 0.2556547619047619 0.7505952380952381 0.2651785714285714 0.7574404761904762 0.27083333333333326 0.7708333333333333 0.26845238095238094 0.7711309523809523 0.2577380952380952 0.7672619047619047 0.25059523809523804
0 0.7866071428571427 0.2485119047619047 0.7779761904761904 0.25357142857142856 0.7764880952380951 0.26428571428571423 0.7815476190476189 0.27083333333333326 0.7910714285714285 0.2726190476190476 0.7985119047619047 0.2648809523809524 0.7964285714285714 0.25297619047619047
0 0.7580357142857143 0.27499999999999997 0.7517857142857143 0.28214285714285714 0.7505952380952381 0.2883928571428571 0.7547619047619047 0.2964285714285714 0.7669642857142857 0.2979166666666666 0.7711309523809523 0.2910714285714286 0.7684523809523809 0.2776785714285714
0 0.787797619047619 0.27559523809523806 0.7773809523809523 0.2791666666666666 0.7761904761904761 0.28928571428571426 0.7806547619047618 0.29702380952380947 0.7910714285714285 0.2979166666666666 0.7999999999999999 0.2895833333333333 0.7964285714285714 0.2800595238095238
0 0.7589285714285714 0.30684523809523806 0.7505952380952381 0.31309523809523804 0.7499999999999999 0.3208333333333333 0.7541666666666665 0.3288690476190476 0.7663690476190476 0.3297619047619047 0.7714285714285714 0.32172619047619044 0.769047619047619 0.3110119047619047
0 0.7869047619047619 0.30773809523809526 0.7773809523809523 0.3119047619047619 0.7764880952380951 0.32232142857142854 0.7824404761904761 0.33065476190476184 0.7949404761904761 0.3294642857142857 0.7973214285714285 0.31369047619047613
0 0.7583333333333332 0.33303571428571427 0.7499999999999999 0.3410714285714285 0.7505952380952381 0.35238095238095235 0.7601190476190476 0.35803571428571423 0.769047619047619 0.3538690476190476 0.7708333333333333 0.3383928571428571
0 0.7869047619047619 0.3345238095238095 0.7773809523809523 0.33809523809523806 0.7767857142857143 0.3482142857142857 0.780952380952381 0.35505952380952377 0.7904761904761903 0.35684523809523805 0.7976190476190474 0.34970238095238093 0.7961309523809523 0.337797619047619
0 0.6973214285714285 0.2747023809523809 0.6857142857142856 0.2782738095238095 0.6845238095238094 0.2922619047619047 0.694047619047619 0.30029761904761904 0.7056547619047618 0.29494047619047614 0.706845238095238 0.2803571428571428
0 0.669047619047619 0.2747023809523809 0.6595238095238094 0.2800595238095238 0.6589285714285714 0.2895833333333333 0.663392857142857 0.2979166666666666 0.6723214285714285 0.2985119047619047 0.6797619047619047 0.29166666666666663 0.6791666666666666 0.2797619047619047
0 0.6702380952380952 0.306547619047619 0.6595238095238094 0.3107142857142857 0.6577380952380952 0.3208333333333333 0.663392857142857 0.3285714285714285 0.6735119047619047 0.3297619047619047 0.6794642857142856 0.32380952380952377 0.6782738095238094 0.3107142857142857
0 0.6955357142857143 0.30684523809523806 0.6860119047619048 0.3122023809523809 0.6848214285714285 0.3214285714285714 0.6907738095238094 0.3300595238095238 0.7041666666666666 0.3294642857142857 0.7074404761904761 0.3214285714285714 0.7041666666666666 0.3104166666666666
0 0.6678571428571428 0.33333333333333326 0.6592261904761904 0.3372023809523809 0.6580357142857143 0.34910714285714284 0.6636904761904762 0.35624999999999996 0.6764880952380952 0.35624999999999996 0.6803571428571428 0.34910714285714284 0.6788690476190475 0.337797619047619
0 0.6952380952380952 0.33333333333333326 0.6860119047619048 0.3383928571428571 0.6851190476190476 0.3479166666666666 0.6901785714285714 0.3559523809523809 0.700892857142857 0.35684523809523805 0.7080357142857142 0.34910714285714284 0.7047619047619047 0.33749999999999997
0 0.3895833333333333 0.38244047619047616 0.38303571428571426 0.3866071428571428 0.3827380952380952 0.3949404761904762 0.387797619047619 0.40178571428571425 0.3994047619047619 0.40059523809523806 0.4014880952380952 0.3919642857142857 0.39851190476190473 0.38363095238095235
0 0.41309523809523807 0.38184523809523807 0.40684523809523804 0.38690476190476186 0.40565476190476185 0.3949404761904762 0.4077380952380952 0.40119047619047615 0.4211309523809524 0.40178571428571425 0.42529761904761904 0.39285714285714285 0.4208333333333333 0.38363095238095235
0 0.4511904761904761 0.3598214285714285 0.44345238095238093 0.3636904761904762 0.4428571428571428 0.3714285714285714 0.44672619047619044 0.3794642857142857 0.45714285714285713 0.3794642857142857 0.46160714285714277 0.37113095238095234 0.4586309523809523 0.36220238095238094
0 0.41369047619047616 0.34315476190476185 0.40684523809523804 0.34851190476190474 0.40654761904761905 0.356547619047619 0.4104166666666666 0.36428571428571427 0.4208333333333333 0.36279761904761904 0.42440476190476184 0.35416666666666663 0.4214285714285714 0.34583333333333327
0 0.41815476190476186 0.28422619047619047 0.4101190476190476 0.2901785714285714 0.4107142857142857 0.2994047619047619 0.41815476190476186 0.30476190476190473 0.42648809523809517 0.29999999999999993 0.42678571428571427 0.28869047619047616
0 0.3976190476190476 0.2845238095238095 0.39077380952380947 0.28869047619047616 0.39077380952380947 0.2988095238095238 0.39613095238095236 0.3038690476190476 0.4059523809523809 0.30178571428571427 0.40654761904761905 0.28928571428571426
0 0.48541666666666666 0.2851190476190476 0.47559523809523807 0.29047619047619044 0.47321428571428564 0.3050595238095238 0.4839285714285714 0.31249999999999994 0.49583333333333335 0.3089285714285714 0.49761904761904757 0.28988095238095235
0 0.5199404761904761 0.3288690476190476 0.5133928571428571 0.33333333333333326 0.5125 0.3428571428571428 0.5163690476190476 0.350297619047619 0.5282738095238094 0.350297619047619 0.5336309523809523 0.3407738095238095 0.5294642857142856 0.3300595238095238
0 0.5217261904761905 0.35416666666666663 0.5113095238095238 0.3604166666666666 0.5110119047619047 0.3729166666666666 0.5214285714285714 0.3794642857142857 0.5324404761904761 0.3720238095238095 0.5315476190476189 0.3586309523809524
0 0.5258928571428572 0.38035714285714284 0.5157738095238095 0.3839285714285714 0.5145833333333333 0.3922619047619047 0.5184523809523809 0.40059523809523806 0.5294642857142856 0.40059523809523806 0.5330357142857143 0.387797619047619
0 0.5229166666666666 0.5624999999999999 0.5160714285714285 0.5660714285714286 0.5154761904761904 0.5735119047619047 0.5175595238095237 0.5803571428571428 0.5288690476190476 0.581547619047619 0.5312499999999999 0.575595238095238 0.5306547619047618 0.5660714285714286
0 0.5202380952380952 0.6122023809523809 0.5258928571428572 0.6014880952380952 0.5380952380952381 0.6032738095238095 0.5425595238095238 0.6116071428571428 0.5386904761904762 0.6226190476190476 0.5249999999999999 0.6232142857142856
0 0.5714285714285714 0.6110119047619047 0.5595238095238094 0.6172619047619047 0.5577380952380951 0.6282738095238094 0.5639880952380952 0.6398809523809523 0.5809523809523809 0.6392857142857142 0.5854166666666666 0.6279761904761905 0.5812499999999999 0.6169642857142856
0 0.5803571428571428 0.6595238095238094 0.5729166666666665 0.6657738095238095 0.5732142857142857 0.6761904761904761 0.5812499999999999 0.6794642857142856 0.5910714285714285 0.6747023809523809 0.5892857142857143 0.6624999999999999
0 0.5767857142857142 0.6797619047619047 0.5711309523809524 0.6866071428571427 0.5767857142857142 0.6964285714285714 0.5910714285714285 0.6961309523809524 0.5919642857142856 0.6839285714285714 0.5857142857142856 0.6785714285714285
0 0.5477507374631269 0.8120390855457226 0.5424041297935103 0.8124999999999999 0.5400073746312685 0.8084439528023598 0.5386246312684365 0.8042035398230087 0.5400073746312685 0.7996865781710913 0.5442477876106195 0.7976585545722714 0.5480272861356933 0.7987647492625368 0.5511615044247787 0.8027286135693215 0.5502396755162241 0.8077064896755162
0 0.5469210914454277 0.7928650442477875 0.5430494100294986 0.7928650442477875 0.5401917404129793 0.7912057522123893 0.5386246312684365 0.7884402654867256 0.5393620943952802 0.7830014749262537 0.5403761061946902 0.7808812684365782 0.5444321533923303 0.7805125368731562 0.5481194690265486 0.7808812684365782 0.5497787610619469 0.7833702064896755 0.5508849557522124 0.7866887905604719 0.5500553097345133 0.7899151917404129
0 0.5124832999331997 0.7967601870407481 0.5132348029392118 0.7953824315297261 0.5156980627922512 0.7948396793587174 0.5173263193052772 0.7961756847027388 0.5181613226452906 0.7982214428857715 0.5180778223112892 0.8006847027388109 0.5160738142952571 0.8017702070808284 0.5136105544422177 0.801436205744823 0.5122327989311958 0.7995991983967935 0.5120240480961923 0.7976786907147629
0 0.5237975951903807 0.7937959251837006 0.5215848363393453 0.793879425517702 0.5201653306613226 0.7927939211756847 0.5191215764863059 0.7913326653306612 0.5196643286573146 0.7889529058116231 0.5210420841683366 0.7877839011356045 0.5236723446893787 0.7875751503006011 0.5246743486973947 0.7888276553106212 0.5251753507014028 0.791374415497662 0.5246325985303941 0.793503674014696
0 0.5468499599358975 0.7653495592948717 0.5443960336538461 0.7647986778846154 0.5422926682692307 0.7634465144230769 0.5413411458333334 0.7604417067307692 0.5419421073717948 0.7574368990384616 0.5440955528846154 0.7557842548076923 0.5476011618589743 0.7548327323717948 0.550205328525641 0.7565354567307692 0.5516075721153846 0.7604417067307692 0.5504056490384616 0.763897235576923
0 0.5611023759608665 0.7649807826694619 0.5589622641509434 0.7645003494060099 0.5567348008385744 0.7630590496156534 0.5556865828092243 0.7617487770789658 0.555861285814116 0.7586041229909154 0.5574336128581412 0.7562456324248776 0.5600541579315165 0.7553284416491963 0.5631551362683438 0.7555904961565338 0.565251572327044 0.7585604472396925 0.5657756813417191 0.7615303983228512 0.5636355695317959 0.763845213137666
0 0.548130677847659 0.7513102725366877 0.5457285115303984 0.7507861635220126 0.5427585604472397 0.7493448637316562 0.5416229909154437 0.7468990216631726 0.542583857442348 0.7435796645702306 0.5444619147449337 0.7413085255066387 0.5484364081062194 0.7416142557651991 0.5511006289308176 0.7434486373165619 0.5517120894479386 0.7471610761705101 0.5506638714185884 0.7496505939902166
0 0.5633298392732354 0.7513539482879106 0.5579577218728162 0.7510045422781272 0.5560359888190077 0.7489954577218728 0.5550314465408805 0.7451519916142557 0.5572589098532496 0.7418763102725368 0.5607966457023061 0.7409591194968553 0.5643780573025856 0.7420946890286513 0.5661687631027253 0.7453703703703703 0.5649895178197065 0.7495195667365478
0 0.5215936739659367 0.7238442822384428 0.5199209245742092 0.7258211678832116 0.5164993917274939 0.725897201946472 0.5130018248175183 0.7238442822384428 0.512697688564477 0.7204227493917275 0.5136861313868613 0.7174574209245742 0.5177159367396593 0.7159367396593673 0.5215936739659367 0.7179896593673966 0.5225060827250608 0.7211830900243309
0 0.5368004866180048 0.7257451338199513 0.5346715328467153 0.7255170316301703 0.5326186131386861 0.7239203163017032 0.5310979318734793 0.7220194647201946 0.5310218978102189 0.719434306569343 0.5324665450121655 0.7170772506082725 0.534823600973236 0.7160888077858881 0.5387013381995134 0.7169251824817519 0.5402220194647203 0.7195103406326034 0.5402220194647203 0.7231599756690997 0.5388534063260341 0.7249087591240876
0 0.5707877128953771 0.7273418491484185 0.5666818734793188 0.7266575425790754 0.5643248175182481 0.7245285888077859 0.5635644768856448 0.7203467153284672 0.5651611922141119 0.7172293187347931 0.5692670316301703 0.715404501216545 0.5727645985401459 0.7163929440389294 0.5748175182481752 0.719434306569343 0.5753497566909975 0.7237682481751825 0.5728406326034063 0.726581508515815
0 0.586830900243309 0.7268096107055961 0.5836374695863746 0.7269616788321168 0.5799878345498783 0.7250608272506083 0.5790754257907542 0.7210310218978102 0.5804440389294404 0.7176094890510949 0.5835614355231143 0.715176399026764 0.5876672749391727 0.7157086374695865 0.5902524330900243 0.7189781021897811 0.5910127737226277 0.7234641119221411 0.5886557177615572 0.7263534063260341
0 0.5406939040207523 0.6900129701686122 0.5376945525291829 0.6912289234760052 0.5339656290531777 0.6914721141374838 0.5312905317769131 0.6897697795071336 0.5299935149156939 0.6875 0.5295071335927368 0.6834468223086901 0.5311284046692608 0.6803664072632943 0.5342898832684826 0.6789072632944227 0.5395590142671854 0.679717898832685 0.5421530479896239 0.6832846952010375 0.5421530479896239 0.6871757457846953
0 0.5572308690012969 0.6881485084306096 0.5545557717250325 0.6871757457846953 0.5527723735408561 0.6849870298313878 0.5529345006485085 0.6819066147859922 0.5541504539559015 0.6796368352788587 0.5575551232166018 0.6780155642023348 0.5613651102464333 0.6803664072632943 0.5625 0.685068093385214 0.5599870298313878 0.6880674448767835
0 0.5585278858625162 0.6712872892347601 0.5558527885862516 0.6710440985732814 0.5538261997405967 0.6690985732814528 0.5530966277561608 0.664802204928664 0.554798962386511 0.6630998702983139 0.5591763942931258 0.6622081712062258 0.561689364461738 0.664802204928664 0.5625 0.6685311284046692 0.5599870298313878 0.6714494163424124
0 0.5395590142671854 0.6742866407263296 0.5353437094682232 0.674529831387808 0.5316958495460441 0.672827496757458 0.5298313878080415 0.6699902723735408 0.5303177691309988 0.6645590142671854 0.5342088197146563 0.6621271076523996 0.5383430609597925 0.6626945525291829 0.541018158236057 0.6646400778210118 0.5423151750972763 0.6684500648508431 0.5415856031128405 0.6720979247730221
0 0.5505490956072352 0.5780846253229974 0.5476421188630491 0.5796996124031008 0.5422319121447029 0.5787306201550387 0.5402939276485789 0.5760658914728682 0.5401324289405686 0.5713016795865633 0.5420704134366925 0.5672642118863049 0.547157622739018 0.5661337209302326 0.5520025839793282 0.5690406976744187 0.5527293281653747 0.5729166666666666 0.5515180878552972 0.57687338501292
0 0.5816375968992248 0.5800226098191215 0.5743701550387598 0.5786498708010336 0.5718669250645996 0.575500645994832 0.5723514211886305 0.5700904392764857 0.5750968992248062 0.5666989664082688 0.5814760981912145 0.5666989664082688 0.5850290697674418 0.5709786821705427 0.5849483204134367 0.5754198966408268
0 0.3407738095238096 0.6551339285714285 0.3443080357142858 0.6526227678571429 0.3487723214285715 0.6535528273809524 0.3507254464285715 0.6567150297619048 0.3511904761904763 0.6608072916666666 0.34895833333333337 0.6640625 0.3459821428571429 0.6653645833333334 0.34179687500000006 0.6639694940476191 0.3397507440476191 0.6609933035714285 0.3390066964285715 0.658017113095238
0 0.3475632440476191 0.6502976190476191 0.34412202380952384 0.650204613095238 0.34058779761904767 0.6476934523809524 0.3395647321428572 0.6439732142857143 0.3404017857142858 0.6409970238095238 0.3435639880952382 0.6378348214285714 0.34802827380952384 0.6380208333333334 0.3511904761904763 0.6410900297619048 0.35193452380952384 0.6453683035714285 0.35044642857142866 0.6479724702380952
0 0.34347098214285715 0.6169084821428571 0.3423549107142858 0.6205357142857143 0.34058779761904767 0.6220238095238095 0.3369605654761906 0.6221168154761905 0.3348214285714286 0.6194196428571429 0.3348214285714286 0.6164434523809524 0.3358444940476191 0.61328125 0.3402157738095239 0.6129092261904762 0.3428199404761906 0.615234375
0 0.35128348214285715 0.6225818452380952 0.347749255952381 0.6216517857142857 0.3459821428571429 0.6187686011904762 0.34654017857142866 0.6143973214285714 0.35091145833333337 0.6124441964285714 0.3540736607142858 0.6149553571428571 0.3550967261904763 0.6179315476190476 0.3542596726190476 0.62109375
0 0.34241207951070335 0.5813264525993884 0.3399910805300713 0.5820272680937819 0.33674184505606525 0.5818361365953109 0.335276503567788 0.5791602956167176 0.335085372069317 0.5754650866462794 0.336487003058104 0.5724069826707442 0.3399910805300713 0.5713876146788992 0.34304918450560656 0.5735537716615698 0.3436862895005097 0.576229612640163 0.3431766055045871 0.5803070846075434
0 0.3528606014271152 0.5817724260958206 0.3506307339449541 0.5817087155963302 0.3475089194699287 0.5799885321100917 0.3464895514780836 0.5771215596330276 0.34719036697247707 0.5739360346585116 0.34973878695208965 0.5722158511722731 0.35343399592252805 0.5723432721712538 0.35572757390417936 0.5754650866462794 0.35547273190621814 0.5803070846075434
0 0.3528606014271152 0.5934314475025483 0.3492928134556575 0.5932403160040775 0.34629841997961264 0.5902459225280327 0.3469355249745158 0.5849579510703364 0.3498662079510703 0.5834288990825688 0.3529880224260958 0.5838748725790011 0.354835626911315 0.5860410295616718 0.3558549949031601 0.5894176860346585 0.3547082059123344 0.592539500509684
0 0.3422592426952892 0.5603943053070961 0.34110390578413835 0.5586799344066786 0.34117844364937394 0.5562574537865236 0.34266920095408465 0.5546176207513418 0.34490533691115094 0.5542822003577818 0.34695512820512825 0.5556611508646392 0.34710420393559926 0.558120900417412 0.34617248062015504 0.5603570363744782 0.34367546213476446 0.5607669946332737
0 0.3418492844364937 0.5520087954680979 0.3406939475253428 0.5502944245676805 0.34076848539057847 0.5478719439475254 0.3422592426952892 0.5462321109123436 0.34449537865235547 0.5458966905187836 0.3465451699463328 0.5472756410256411 0.3466942456768038 0.5497353905784139 0.34576252236135957 0.5519715265354801 0.343265503875969 0.5523814847942755
0 0.3503466010733452 0.5517106440071557 0.34919126416219437 0.5499962731067384 0.34926580202742996 0.5475737924865833 0.3507565593321407 0.5459339594514014 0.352992695289207 0.5455985390578415 0.3550424865831843 0.5469774895646989 0.35519156231365534 0.5494372391174718 0.3542598389982111 0.551673375074538 0.35176282051282054 0.5520833333333335
0 0.35030933214072746 0.5604315742397139 0.34915399522957663 0.5587172033392965 0.3492285330948122 0.5562947227191415 0.35071929039952293 0.5546548896839596 0.3529554263565892 0.5543194692903997 0.3550052176505666 0.5556984197972571 0.3551542933810376 0.5581581693500299 0.3542225700655933 0.5603943053070961 0.3517255515802028 0.5608042635658915
0 0.3006683033278778 0.558817512274959 0.29974768139661756 0.5577264048008728 0.29899754500818326 0.5562261320240043 0.29957719585379156 0.5537370430987452 0.3010774686306601 0.5524413529732678 0.30418030551009273 0.5525095471903982 0.3055100927441353 0.5547940534642661 0.3053396072013093 0.5577264048008728 0.30404391707583195 0.559158483360611 0.30254364429896347 0.5592607746863065
0 0.3137956901254773 0.5590902891434806 0.3115452809601746 0.558987997817785 0.3091925804691762 0.5574877250409165 0.309158483360611 0.5553737043098744 0.31004500818330605 0.5534983633387888 0.3118521549372613 0.5524072558647026 0.31444353518821605 0.5525436442989634 0.3156028368794326 0.5546576650300054 0.31522776868521546 0.5574877250409165
0 0.30499863611565736 0.5687738679759956 0.30302100381887614 0.5696603927986906 0.2998499727223132 0.5693876159301691 0.29872476813966176 0.5672394980905618 0.29930441898527005 0.5645117294053463 0.3017253136933988 0.5629773595199127 0.3042825968357883 0.5634206219312602 0.3053396072013093 0.5654664484451718 0.3053396072013093 0.5686374795417347
0 0.31430714675395527 0.5701036552100381 0.3113406983087834 0.5703423349699944 0.30895390070921985 0.567785051827605 0.30946535733769776 0.5649208947081287 0.31120430987452263 0.5632842334969994 0.31325013638843424 0.5632501363884341 0.31522776868521546 0.5646140207310419 0.31611429350791054 0.567444080741953
0 0.34270118230358504 0.5340627383676583 0.3400791380625477 0.5347778413424867 0.3374570938215103 0.5345871472158658 0.3358361937452326 0.532727879481312 0.3351687643020595 0.530391876430206 0.3358361937452326 0.5279605263157895 0.33698035850495806 0.526387299771167 0.3396024027459954 0.5257198703279939 0.3424151411136537 0.5267686880244089 0.34408371472158655 0.5295814263920672 0.3434162852784134 0.5328232265446224
0 0.35295099160945836 0.534205758962624 0.3504242944317315 0.5341104118993135 0.3474685354691075 0.5327755530129672 0.3470871472158657 0.5303442028985508 0.3476592295957285 0.5277221586575134 0.3490894355453852 0.5259582379862701 0.3519021739130435 0.5256245232646836 0.35481025934401217 0.5271977498093059 0.356049771167048 0.5298674675819985 0.35481025934401217 0.5334429824561404
0 0.3413186498855835 0.5234792143401984 0.33879195270785656 0.5230978260869565 0.33664664378337145 0.5215722730739893 0.335073417238749 0.5190932494279177 0.3355024790236461 0.516423531655225 0.3376954614797864 0.5137061403508772 0.3407465675057208 0.514087528604119 0.3429872234935164 0.5158037757437072 0.3440360411899313 0.5192362700228834 0.34270118230358504 0.5216199466056446
0 0.350758009153318 0.5233361937452327 0.34875572082379863 0.5221443554538521 0.3470871472158657 0.5192839435545386 0.34732551487414187 0.5166618993135011 0.34832665903890153 0.5147549580472922 0.35099637681159424 0.5136107932875668 0.35433352402745993 0.5148979786422578 0.35581140350877194 0.5181397787948131 0.3555253623188406 0.521286231884058 0.3532370327993897 0.5225257437070939
0 0.38896937086092714 0.6084092163355408 0.3836575607064018 0.6088921081677704 0.3800013796909492 0.6071674944812363 0.3783457505518763 0.6037182671081678 0.3779318432671082 0.5994412251655629 0.38069122516556286 0.5950262141280354 0.3860720198675497 0.5941983995584988 0.3909699227373068 0.5963369205298014 0.3927635209713024 0.6004070088300221 0.39214266004415016 0.6048220198675497 0.3893832781456954 0.6075814017660045
0 0.4338173400673401 0.6491652637485971 0.4336770482603816 0.6533740179573513 0.43059062850729524 0.6559694163860831 0.4277847923681258 0.65625 0.42266414141414144 0.6558291245791246 0.4213313692480359 0.6530232884399552 0.4209104938271605 0.6475519079685746 0.4230850168350168 0.6434132996632996 0.42806537598204264 0.6420103815937149 0.4315025252525253 0.6439744668911336
0 0.44742564534231205 0.6558291245791246 0.4437079124579124 0.6563201459034792 0.44055134680134683 0.6559694163860831 0.43816638608305275 0.653303872053872 0.4369037598204265 0.6479026374859709 0.43823653198653206 0.6448863636363636 0.44286616161616166 0.6429222783389451 0.44714506172839513 0.6431327160493827 0.4506523569023569 0.6464295735129069 0.45072250280583614 0.6507084736251403
0 0.42380249343832016 0.6298802493438321 0.42298228346456684 0.6344324146981628 0.42019356955380577 0.6377542650918635 0.4153953412073491 0.6380823490813649 0.4126066272965879 0.6365649606299213 0.4104740813648294 0.6334481627296589 0.41039206036745407 0.6292240813648294 0.41141732283464566 0.6274196194225723 0.4135498687664042 0.6253280839895013 0.4182250656167979 0.6242618110236221 0.42072670603674545 0.6258202099737533 0.42384350393700787 0.6291830708661418
0 0.44005847953216376 0.6328842940685045 0.4389097744360902 0.6361215538847117 0.43609022556390975 0.6381056808688388 0.4307644110275689 0.6387322472848789 0.42836257309941517 0.6364870509607351 0.4261695906432748 0.6326754385964912 0.4264828738512949 0.6286027568922306 0.4285192147034252 0.6259398496240601 0.4329051796157059 0.6240079365079364 0.4380221386800334 0.6258876357560568 0.43969298245614036 0.6288638262322472
0 0.4529030910609858 0.6378446115288221 0.44924812030075184 0.6383667502088555 0.44559314954051793 0.6369047619047619 0.4435568086883876 0.6346073517126148 0.4426691729323308 0.6309523809523809 0.4437134502923976 0.6269319131161236 0.4479427736006683 0.62468671679198 0.4529030910609858 0.6252610693400167 0.45556599832915623 0.6276106934001671 0.4568191311612364 0.6319444444444444 0.45535714285714285 0.6363304093567251
0 0.42780420991926177 0.6124207035755478 0.4265787197231834 0.6168901384083044 0.4238393886966551 0.61854815455594 0.4208837946943484 0.617106401384083 0.41944204152249137 0.6153762975778546 0.41908160322952703 0.6114114763552478 0.4203070934256055 0.6093930219146482 0.42412773933102654 0.608527970011534 0.4273716839677047 0.6116277393310264
0 0.43811274509803916 0.6125648788927335 0.438184832756632 0.6158809111880046 0.43544550173010377 0.6186202422145328 0.43176903114186843 0.6171784890426758 0.4304714532871971 0.6148716839677046 0.43039936562860426 0.610906862745098 0.4327782583621683 0.6088163206459054 0.43717560553633217 0.6101859861591695
0 0.39897168803418803 0.5678196225071226 0.4021768162393163 0.5679531695156695 0.40413550569800577 0.5698228276353277 0.4043580840455841 0.5734285968660969 0.40275551994302 0.5764111467236468 0.39981748575498577 0.5764111467236468 0.3974581552706553 0.5757879273504275 0.3961672008547009 0.5742743945868947 0.3959001068376069 0.5713363603988605 0.3965233262108262 0.569110576923077
0 0.3984820156695156 0.5553997507122508 0.4016871438746439 0.5555332977207977 0.4036458333333333 0.5574029558404558 0.40386841168091164 0.5610087250712251 0.4022658475783476 0.5639912749287749 0.3993278133903133 0.5639912749287749 0.39696848290598286 0.5633680555555556 0.39567752849002846 0.5618545227920229 0.39541043447293445 0.5589164886039887 0.3960336538461538 0.5566907051282052
0 0.3987996409871408 0.5433660824285825 0.40200476919226913 0.5434996294371295 0.40396345865095856 0.5453692875567876 0.4041860369985369 0.5489750567875569 0.4025834728959728 0.5519576066451066 0.39964543870793856 0.5519576066451066 0.3972861082236081 0.5513343872718873 0.3959951538076537 0.5498208545083546 0.3957280597905597 0.5468828203203204 0.396351279163779 0.5446570368445369
0 0.39863495060505916 0.5324965172111913 0.40184007881018746 0.5326300642197382 0.4037987682688769 0.5344997223393964 0.4040213466164552 0.5381054915701656 0.4024187825138911 0.5410880414277154 0.3994807483258569 0.5410880414277154 0.39712141784152644 0.5404648220544961 0.39583046342557204 0.5389512892909633 0.395563369408478 0.5360132551029292 0.3961865887816973 0.5337874716271457
0 0.42201044239675384 0.5484454130448095 0.4252155706018821 0.5485789600533565 0.4271742600605716 0.5504486181730146 0.4273968384081499 0.5540543874037838 0.4257942743055858 0.5570369372613336 0.4228562401175516 0.5570369372613336 0.4204969096332211 0.5564137178881143 0.4192059552172667 0.5549001851245815 0.4189388612001727 0.5519621509365474 0.419562080573392 0.5497363674607639
0 0.43265335648148145 0.5568817515432098 0.43168885030864196 0.5552903163580246 0.43144772376543206 0.5529755015432098 0.43241222993827155 0.550660686728395 0.43313560956790115 0.5493586033950617 0.4365113811728395 0.5482976466049382 0.43979070216049376 0.5499855324074073 0.44056230709876537 0.5523485725308641 0.44022472993827155 0.5553867669753086 0.4387297453703703 0.5568335262345678 0.43491994598765427 0.5576051311728395
0 0.44933931327160487 0.5580391589506172 0.4469280478395062 0.5578462577160493 0.44552951388888884 0.55639949845679 0.4446614583333333 0.5549045138888888 0.4440827546296296 0.5524450231481481 0.4449990354938271 0.550564236111111 0.4465904706790123 0.5491174768518519 0.449146412037037 0.5483940972222222 0.4520881558641975 0.5498408564814814 0.45295621141975306 0.5518663194444444 0.4525221836419753 0.5551938657407407 0.45165412808641975 0.5565441743827161
0 0.46313175154320985 0.5581356095679012 0.4586467978395062 0.5574604552469135 0.456910686728395 0.5552903163580246 0.45628375771604934 0.5518180941358024 0.45792341820987653 0.5496961805555555 0.46004533179012347 0.5482494212962963 0.4641927083333333 0.5492621527777777 0.46602527006172834 0.5513840663580246 0.4660734953703703 0.5550009645061729 0.4638069058641975 0.5584249614197531
0 0.4681264671361503 0.5682585093896715 0.46577904929577474 0.5676716549295775 0.46372505868544606 0.5653975938967137 0.4635049882629108 0.5626833920187794 0.4653389084507043 0.5594556924882629 0.47003374413145543 0.5594556924882629 0.4724545187793428 0.5623166079812207 0.4720877347417841 0.5656176643192489
0 0.47010710093896724 0.5791886737089202 0.466806044600939 0.5784551056338029 0.46438526995305174 0.5772080399061034 0.4635049882629108 0.5741270539906105 0.4641651995305165 0.5712661384976527 0.468493251173709 0.569505575117371 0.47106073943661975 0.5714862089201879 0.4720143779342723 0.5739069835680752 0.471280809859155 0.5768412558685446
0 0.47032717136150237 0.5894586267605634 0.46687940140845074 0.5901921948356809 0.46379841549295786 0.5886517018779343 0.4626980633802817 0.5846904342723006 0.46423855633802824 0.5823430164319249 0.4680531103286386 0.5808025234741785 0.47216109154929586 0.5821229460093897 0.47216109154929586 0.5877714201877935
0 0.7008834388185653 0.40631592827004215 0.6967958860759493 0.4075026371308017 0.6902030590717299 0.40552478902953587 0.6892800632911392 0.40077795358649787 0.6905986286919831 0.3951081223628692 0.6961366033755273 0.39299841772151894 0.7010152953586497 0.39563554852320676 0.701806434599156 0.40183280590717296
0 0.6995648734177214 0.37994462025316456 0.6948180379746834 0.381790611814346 0.691257911392405 0.3788897679324894 0.6899393459915611 0.3744066455696202 0.6911260548523206 0.36886867088607594 0.6952136075949367 0.3676819620253164 0.7010152953586497 0.36900052742616024 0.7022020042194093 0.3736155063291139
0 0.6184475806451611 0.3955533154121864 0.6160954301075269 0.39969758064516125 0.6112791218637993 0.4011536738351254 0.6076948924731181 0.3995855734767025 0.6056787634408601 0.3967853942652329 0.6046706989247311 0.3919690860215053 0.606238799283154 0.38793682795698925 0.6110551075268816 0.3856966845878136 0.6158714157706093 0.3883848566308244
0 0.6044466845878136 0.39521729390681 0.6022065412186379 0.39835349462365593 0.5976142473118279 0.39936155913978494 0.593469982078853 0.3967853942652329 0.5920138888888888 0.39230510752688164 0.5940300179211468 0.38793682795698925 0.5995183691756272 0.3860327060931899 0.6027665770609318 0.38704077060931896 0.6041106630824372 0.389056899641577
0 0.7504037467700259 0.14833656330749354 0.7503229974160207 0.15213178294573643 0.7474160206718347 0.1554425064599483 0.7416020671834626 0.15568475452196381 0.7386950904392765 0.15334302325581395 0.7384528423772609 0.14752906976744184 0.7411983204134367 0.1448643410852713 0.7448320413436693 0.14381459948320413 0.7503229974160207 0.145187338501292
0 0.7694605943152455 0.15059754521963825 0.7680878552971577 0.15350452196382425 0.7645348837209303 0.15584625322997417 0.7590439276485789 0.1553617571059431 0.7575096899224806 0.1531815245478036 0.7571059431524548 0.14752906976744184 0.7595284237726099 0.1441375968992248 0.76437338501292 0.14300710594315244 0.768249354005168 0.14437984496124032
0 0.47677414605418134 0.3515532979976443 0.4807494110718492 0.35170053003533575 0.48376766784452296 0.35493963486454655 0.48435659599528863 0.3594302120141343 0.48288427561837455 0.3626693168433451 0.4802340989399293 0.36399440518256776 0.47662691401649 0.36392078916372206 0.4743448174322733 0.362448468786808 0.472430800942285 0.3597246760895171 0.471694640753828 0.3561911071849234 0.4726516489988221 0.35361454652532387
0 0.4743448174322733 0.33837603062426386 0.47662691401649 0.33690371024734983 0.4805285630153121 0.3366828621908127 0.4834732037691401 0.33837603062426386 0.48420936395759717 0.34198321554770317 0.48325235571260305 0.34559040047114253 0.4805285630153121 0.34728356890459366 0.477363074204947 0.347430800942285 0.47471289752650175 0.3452959363957597 0.4734614252061249 0.3422040636042403
0 0.48877355712603066 0.34684187279151946 0.4865650765606596 0.34375 0.4864178445229682 0.3410262073027091 0.4884054770318021 0.33763987043580684 0.49142373380447585 0.3363883981154299 0.4959879269729093 0.33749263839811544 0.4976810954063604 0.340805359246172 0.4973866313309776 0.3440444640753828 0.4953989988221437 0.34684187279151946 0.4931905182567726 0.3473571849234394
0 0.48104387514723207 0.33454799764428744 0.4771422261484099 0.334400765606596 0.47375588928150764 0.3312352767962308 0.4732405771495878 0.3277017078916372 0.474418433451119 0.325051531213192 0.47743669022379276 0.3230638987043581 0.4817800353356891 0.3235055948174323 0.48457744405182573 0.3271127797408716 0.4847246760895171 0.3311616607773852
0 0.48921525323910486 0.3342535335689046 0.4870803886925795 0.3315297408716137 0.4861969964664311 0.3275544758539458 0.48847909305064785 0.3237264428739694 0.4926752061248528 0.322843050647821 0.49687131919905775 0.32564045936395764 0.4976074793875147 0.32946849234393405 0.49687131919905775 0.3332965253239105 0.4922335100117786 0.33454799764428744
0 0.5216686320754718 0.2963345125786163 0.5218651729559748 0.2994791666666667 0.5197032232704403 0.303311713836478 0.5167551100628931 0.30439268867924524 0.5128242924528301 0.3035082547169811 0.5106623427672955 0.30056014150943394 0.5102692610062893 0.29594143081761004 0.5125294811320754 0.29377948113207547 0.5158706761006289 0.29181407232704404 0.5189170597484277 0.293189858490566
0 0.4990871993127147 0.24092568728522337 0.4989798109965635 0.24446950171821308 0.4957581615120275 0.24640249140893475 0.491784793814433 0.24661726804123713 0.4895296391752577 0.24285867697594501 0.49028135738831613 0.23770403780068733 0.4924291237113402 0.23523410652920962 0.49683204467353953 0.2357710481099656
0 0.5092890893470791 0.2467246563573883 0.5057452749140893 0.24650987972508592 0.5023088487972509 0.24403994845360824 0.5015571305841924 0.24006658075601375 0.503490120274914 0.23652276632302402 0.5070339347079038 0.2357710481099656 0.5107925257731959 0.23759664948453604 0.5117590206185567 0.24232173539518898
0 0.6285133136094675 0.18546597633136097 0.6232125246548323 0.19002712031558186 0.6182815581854044 0.19015039447731757 0.6138436883629191 0.18558925049309663 0.612241124260355 0.17917899408284024 0.6156928007889547 0.17634368836291914 0.6228427021696253 0.17474112426035504 0.6280202169625247 0.18053500986193294
0 0.5826553254437871 0.1420734714003945 0.5759985207100592 0.14392258382642997 0.5718071992110455 0.14232001972386588 0.56909516765286 0.1376356015779093 0.5695882642998028 0.13110207100591717 0.5751356015779093 0.12752712031558186 0.58142258382643 0.12986932938856013 0.5847509861932938 0.13566321499013806
0 0.3698302469135802 0.20856481481481481 0.368287037037037 0.2131172839506173 0.36496913580246915 0.21396604938271604 0.3614969135802469 0.2126543209876543 0.3597222222222222 0.20856481481481481 0.36064814814814816 0.20570987654320988 0.36311728395061726 0.20316358024691358 0.3669753086419753 0.20378086419753083 0.3694444444444444 0.2064043209876543
0 0.3786265432098765 0.21473765432098763 0.3751543209876543 0.21350308641975307 0.3729166666666666 0.21026234567901236 0.3729938271604938 0.2064043209876543 0.3749228395061729 0.2040895061728395 0.38032407407407404 0.20339506172839505 0.38240740740740736 0.20586419753086418 0.38287037037037036 0.21064814814814814 0.3808641975308642 0.2138888888888889
0 0.4010802469135802 0.21172839506172839 0.3969907407407407 0.21172839506172839 0.39459876543209876 0.20895061728395065 0.39436728395061726 0.20694444444444443 0.39467592592592593 0.2040895061728395 0.39760802469135803 0.20115740740740742 0.4015432098765432 0.2016975308641975 0.4033179012345679 0.2033179012345679 0.4039351851851852 0.20725308641975307 0.4023148148148148 0.21134259259259258
0 0.39446893366918556 0.18519101595298068 0.39326196473551633 0.18917926112510494 0.39053316540722083 0.19043870696893364 0.38717464315701094 0.18965155331654068 0.38623005877413935 0.18671284634760704 0.3867548278757346 0.1841414777497901 0.38832913518052053 0.18214735516372793 0.3920025188916877 0.1821998320738875
0 0.40239294710327456 0.18959907640638116 0.3996116708648195 0.18980898404701932 0.3977749790092359 0.18823467674223343 0.3973551637279597 0.18582073887489506 0.3974076406381192 0.18382661628883293 0.39976910159529805 0.18240973971452562 0.40239294710327456 0.1821998320738875 0.40396725440806047 0.18335432409739713 0.40443954659949627 0.18697523089840468 0.40375734676742236 0.18902183039462636
0 0.38901133501259444 0.16624685138539042 0.3856528127623845 0.16598446683459278 0.3821368597816961 0.16503988245172124 0.3800902602854744 0.16220612930310666 0.37993282955499574 0.15989714525608734 0.38082493702770776 0.15659109991603695 0.38245172124265325 0.1547544080604534 0.38596767422334166 0.15396725440806047 0.39074307304785894 0.155803946263644 0.39205499580184716 0.15931989924433249 0.3907955499580184 0.16482997481108314
0 0.4033900083963056 0.1598446683459278 0.40060873215785053 0.15947732997481107 0.39887699412258604 0.15779806884970612 0.3989819479429051 0.15501679261125104 0.4011859781696054 0.15365239294710326 0.4029177162048698 0.15396725440806047 0.4046494542401344 0.15569899244332494
