0 0.38035714285714284 0.4839285714285714 0.3696428571428571 0.4791666666666667 0.3660714285714285 0.4675595238095238 0.37499999999999994 0.45773809523809517 0.38928571428571423 0.4568452380952381 0.3949404761904762 0.4657738095238094 0.39255952380952375 0.4791666666666667
0 0.42440476190476184 0.4568452380952381 0.4107142857142857 0.46101190476190473 0.40654761904761905 0.4711309523809523 0.412797619047619 0.4827380952380952 0.42797619047619045 0.48452380952380947 0.4372023809523809 0.475 0.43511904761904757 0.4633928571428571
0 0.47857142857142854 0.4568452380952381 0.4660714285714285 0.46458333333333335 0.4651785714285714 0.4776785714285714 0.4764880952380952 0.4851190476190476 0.4886904761904761 0.48184523809523805 0.4934523809523809 0.4726190476190476 0.4898809523809523 0.4639880952380952
0 0.5226190476190475 0.45773809523809517 0.5092261904761904 0.46696428571428567 0.5107142857142857 0.48035714285714276 0.5208333333333333 0.4875 0.5339285714285714 0.48214285714285715 0.5360119047619047 0.46636904761904757
0 0.5669642857142857 0.43660714285714275 0.5532738095238094 0.44345238095238093 0.5562499999999999 0.4574404761904761 0.5657738095238094 0.4601190476190476 0.575297619047619 0.45416666666666666 0.5764880952380952 0.4425595238095238
0 0.5693452380952381 0.41190476190476183 0.5571428571428572 0.4157738095238095 0.5547619047619047 0.4258928571428571 0.5604166666666666 0.4327380952380952 0.5735119047619047 0.4327380952380952 0.5776785714285714 0.4196428571428571
0 0.5619047619047618 0.4625 0.5541666666666666 0.46994047619047613 0.5550595238095238 0.4809523809523809 0.5639880952380952 0.48452380952380947 0.575 0.48125 0.5747023809523809 0.4654761904761905
0 0.5982142857142857 0.4613095238095238 0.5845238095238094 0.46964285714285714 0.5863095238095238 0.4809523809523809 0.5985119047619047 0.4866071428571428 0.6077380952380952 0.481547619047619 0.6083333333333333 0.469047619047619
0 0.5764880952380952 0.3717261904761905 0.5684523809523809 0.3782738095238095 0.5672619047619047 0.3872023809523809 0.5705357142857143 0.39345238095238094 0.5833333333333333 0.3949404761904762 0.5901785714285714 0.38749999999999996 0.5854166666666666 0.37440476190476185
0 0.6020833333333332 0.3592261904761905 0.5943452380952381 0.36458333333333326 0.5904761904761905 0.3747023809523809 0.5973214285714286 0.3827380952380952 0.6083333333333333 0.38303571428571426 0.6154761904761905 0.3764880952380952 0.6113095238095237 0.3636904761904762
0 0.4202380952380952 0.5351190476190476 0.4071428571428571 0.5416666666666665 0.4071428571428571 0.5562499999999999 0.4178571428571428 0.5636904761904761 0.4327380952380952 0.5574404761904761 0.4324404761904761 0.5425595238095238
0 0.381547619047619 0.5348214285714286 0.3684523809523809 0.5392857142857143 0.36726190476190473 0.5508928571428572 0.3732142857142857 0.5601190476190476 0.38809523809523805 0.5610119047619048 0.39553571428571427 0.5508928571428572 0.3916666666666666 0.5383928571428571
0 0.3800595238095238 0.587797619047619 0.36726190476190473 0.5925595238095238 0.36488095238095236 0.6035714285714285 0.37113095238095234 0.6133928571428572 0.3857142857142857 0.6154761904761905 0.39255952380952375 0.6041666666666665 0.3895833333333333 0.5928571428571427
0 0.4211309523809524 0.588095238095238 0.4080357142857143 0.5922619047619048 0.4044642857142857 0.606547619047619 0.412797619047619 0.6154761904761905 0.42797619047619045 0.6148809523809523 0.4339285714285714 0.6029761904761904 0.4309523809523809 0.5922619047619048
0 0.4824404761904761 0.5928571428571427 0.469047619047619 0.5976190476190476 0.4651785714285714 0.6092261904761904 0.47202380952380946 0.618452380952381 0.48452380952380947 0.6196428571428572 0.4934523809523809 0.613095238095238 0.4934523809523809 0.5988095238095238
0 0.49821428571428567 0.6416666666666666 0.5095238095238095 0.6529761904761904 0.5062499999999999 0.6678571428571428 0.49226190476190473 0.6708333333333333 0.481547619047619 0.6642857142857143 0.48065476190476186 0.6467261904761904
0 0.44375 0.694047619047619 0.4321428571428571 0.6994047619047619 0.42976190476190473 0.7113095238095237 0.437797619047619 0.7223214285714286 0.4538690476190476 0.7202380952380952 0.46071428571428563 0.7092261904761904 0.4553571428571428 0.6970238095238095
0 0.48184523809523805 0.6952380952380952 0.4705357142857143 0.6988095238095237 0.4654761904761905 0.7089285714285714 0.4702380952380952 0.7208333333333332 0.48839285714285713 0.7217261904761904 0.4946428571428571 0.7119047619047618 0.49196428571428563 0.700595238095238
0 0.4360119047619047 0.7485119047619048 0.4223214285714285 0.750892857142857 0.41815476190476186 0.7607142857142857 0.42202380952380947 0.7720238095238094 0.4372023809523809 0.7749999999999999 0.4476190476190476 0.7657738095238095 0.44553571428571426 0.7532738095238094
0 0.469047619047619 0.7482142857142856 0.45446428571428565 0.7550595238095237 0.45238095238095233 0.7663690476190476 0.46101190476190473 0.775595238095238 0.475 0.7735119047619047 0.4809523809523809 0.763095238095238 0.4764880952380952 0.7520833333333332
0 0.534058988764045 0.906437265917603 0.5364466292134832 0.9093867041198501 0.5364466292134832 0.9126170411985017 0.5337780898876405 0.9147237827715355 0.5312031835205993 0.9152387640449436 0.5283473782771535 0.9142088014981272 0.5268960674157304 0.9131788389513108 0.526193820224719 0.9102294007490634 0.5280196629213484 0.9071395131086142 0.5311563670411985 0.9055945692883894
0 0.5219335205992509 0.9099485018726591 0.5201076779026217 0.9121488764044944 0.5164559925093632 0.9119616104868914 0.5136938202247191 0.9106507490636703 0.5125702247191011 0.9076544943820223 0.5133661048689139 0.9048455056179775 0.5158473782771535 0.9025983146067414 0.5194054307116105 0.9024110486891385 0.5228230337078652 0.9049859550561797 0.5225421348314607 0.9084971910112358
0 0.5238529962546817 0.8997893258426966 0.5205758426966293 0.8996488764044943 0.5175795880149813 0.898384831460674 0.5169241573033707 0.8952949438202247 0.5178136704119851 0.892064606741573 0.5216526217228464 0.8898642322097378 0.5254915730337079 0.8910346441947564 0.5268024344569289 0.8938904494382022 0.5261470037453184 0.8975889513108612
0 0.5071395131086143 0.8879915730337077 0.50437734082397 0.8891151685393258 0.5018024344569288 0.8884597378277153 0.4998361423220974 0.8858380149812732 0.5007256554307117 0.8826076779026217 0.503815543071161 0.8811563670411984 0.5063436329588015 0.8819522471910112 0.5077949438202247 0.8838717228464418
0 0.5385533707865168 0.9026451310861423 0.5347612359550562 0.9022705992509363 0.5330758426966292 0.8991807116104867 0.5331694756554307 0.8964185393258426 0.5341994382022471 0.8945926966292134 0.5368211610486892 0.8927200374531835 0.5405664794007491 0.8932350187265916 0.5429073033707865 0.8960908239700374 0.5434691011235955 0.8975421348314605 0.5418305243445692 0.9009597378277152
0 0.5414559925093633 0.8886470037453182 0.5388342696629214 0.8893492509363295 0.5369147940074906 0.88813202247191 0.5362593632958802 0.8863061797752808 0.536306179775281 0.8838717228464418 0.5380852059925093 0.8823267790262171 0.5402387640449438 0.8819054307116103 0.5420646067415731 0.8832162921348314 0.5429073033707865 0.8857911985018726
0 0.5164895411605938 0.8659328609986505 0.5177968960863698 0.8682523616734144 0.5175438596491229 0.8711201079622132 0.5150556680161944 0.8748313090418356 0.5109227395411606 0.8743674089068827 0.5083502024291499 0.872891363022942 0.5073802294197032 0.8707405533063426 0.5071271929824561 0.8690958164642374 0.5079284750337382 0.8662280701754386 0.5113866396761133 0.8639085695006747 0.51417004048583 0.8644568151147098
0 0.529141363022942 0.8679993252361673 0.529394399460189 0.8708670715249661 0.5272857624831309 0.8725539811066126 0.5247553981106613 0.8726383265856948 0.5226045883940621 0.871035762483131 0.5224358974358975 0.8683367071524966 0.5237010796221323 0.8665654520917678 0.5261470985155197 0.865806342780027 0.5278761808367072 0.8662280701754386
0 0.5385880566801621 0.8619264507422403 0.5391784750337382 0.8642037786774627 0.5383771929824561 0.8664811066126856 0.5347925101214576 0.8671980431848851 0.532557354925776 0.8663545883940621 0.5321356275303644 0.864498987854251 0.5324730094466936 0.8620951417004047 0.534370782726046 0.8604082321187586 0.5372385290148448 0.8607877867746287
0 0.5464702984234234 0.8695277308558559 0.5466110641891893 0.8713576858108107 0.5461887668918919 0.8731876407657658 0.5455201295045046 0.874313766891892 0.543091920045045 0.8746656813063064 0.5411563907657658 0.8741730011261262 0.5395375844594594 0.8726245777027027 0.5397839245495496 0.8714280686936937 0.5403117961711712 0.8694573479729731 0.5415786880630631 0.8679793074324325 0.5444995777027027 0.8675922015765766
0 0.5222868217054264 0.8617369186046511 0.5175024224806202 0.8621002906976746 0.5141109496124031 0.8594961240310078 0.513202519379845 0.8559835271317829 0.5140503875968992 0.8523498062015503 0.5176235465116279 0.8499878875968992 0.5222868217054264 0.8493217054263565 0.5252543604651163 0.8521681201550387 0.5262233527131783 0.8564680232558141 0.5247698643410853 0.8605256782945736
0 0.3553447420634921 0.380766369047619 0.3550967261904763 0.38870287698412703 0.35026041666666674 0.3913070436507937 0.3435639880952381 0.3911830357142857 0.34021577380952384 0.3862227182539683 0.3412078373015873 0.3795262896825397 0.3462921626984127 0.376922123015873 0.3544766865079365 0.37779017857142855
0 0.3795262896825397 0.42739335317460314 0.37655009920634924 0.43334573412698413 0.3704737103174604 0.43458581349206343 0.3665054563492064 0.4311135912698413 0.36613343253968256 0.4252852182539683 0.3697296626984127 0.4228050595238096 0.3755580357142857 0.4247891865079365
0 0.4107762896825397 0.42144097222222227 0.40383184523809523 0.4225570436507937 0.4009796626984127 0.42082093253968256 0.3993675595238096 0.4166046626984127 0.4022197420634921 0.41176835317460314 0.4065600198412698 0.41127232142857145 0.41127232142857145 0.4135044642857143
0 0.42608375420875416 0.41966540404040403 0.4215593434343435 0.4192445286195286 0.4190340909090909 0.41587752525252525 0.41829755892255893 0.41324705387205385 0.41998106060606055 0.40977483164983164 0.42366372053872053 0.4085122053872054 0.4290298821548822 0.4110374579124579 0.4290298821548822 0.41587752525252525
0 0.42881944444444436 0.43523779461279466 0.42387415824915825 0.43586910774410775 0.4209280303030303 0.43471170033670037 0.41829755892255893 0.43344907407407407 0.4170349326599327 0.4299768518518518 0.41777146464646464 0.42618897306397313 0.4229271885521886 0.4248211279461279 0.4300820707070706 0.42597853535353536 0.43102904040404044 0.43155513468013473
0 0.4420770202020202 0.43713173400673405 0.4365004208754209 0.4360795454545454 0.4340803872053872 0.43334385521885527 0.434185606060606 0.4290298821548822 0.43786826599326595 0.4250315656565657 0.4420770202020202 0.42576809764309764 0.4466014309764309 0.4293455387205387 0.44544402356902346 0.4355534511784511
0 0.44176136363636354 0.4212436868686869 0.4370265151515152 0.41945496632996637 0.4339751683501684 0.41577230639730645 0.4337647306397306 0.41177398989898994 0.4365004208754209 0.4089330808080808 0.44197180134680136 0.40882786195286197 0.445128367003367 0.41166877104377103 0.44544402356902346 0.4161931818181818
0 0.45691287878787873 0.42145412457912457 0.4521780303030302 0.42008627946127947 0.4486005892255893 0.41735058922558926 0.4487058080808081 0.4120896464646465 0.45133627946127947 0.40914351851851855 0.4575441919191919 0.4087226430976431 0.4605955387205387 0.41156355218855223 0.4595433501683503 0.41787668350168355
0 0.45796506734006737 0.4375526094276095 0.45249368686868685 0.43713173400673405 0.4486005892255893 0.43302819865319864 0.4484953703703703 0.42818813131313127 0.4535458754208755 0.42492634680134683 0.45785984848484856 0.426925505050505 0.46049031986531985 0.4305029461279461
0 0.47427398989899 0.4355534511784511 0.4702756734006734 0.43681607744107737 0.46690867003367015 0.4343960437710437 0.4655408249158249 0.4300820707070706 0.4677504208754209 0.4278724747474748 0.47153829966329963 0.42587331649831656 0.47522095959595956 0.4279776936026936 0.4767992424242425 0.43302819865319864
0 0.4721696127946128 0.4215593434343435 0.46859217171717166 0.42134890572390576 0.4657512626262627 0.4189288720538721 0.4650147306397306 0.41429924242424243 0.46859217171717166 0.4100904882154882 0.47364267676767685 0.4109322390572391 0.4769044612794613 0.4148253367003367 0.4758522727272727 0.4189288720538721
0 0.48616372053872053 0.42187500000000006 0.48153409090909083 0.42145412457912457 0.47890361952861954 0.41577230639730645 0.4806923400673401 0.41187920875420875 0.486584595959596 0.4099852693602694 0.48953072390572383 0.4129313973063973 0.48953072390572383 0.41756102693602687
0 0.5297619047619048 0.41003787878787873 0.5311147186147186 0.4170725108225108 0.5281385281385281 0.4223484848484848 0.5213744588744589 0.42437770562770555 0.5175865800865801 0.4216720779220779 0.5148809523809523 0.41720779220779214 0.5186688311688311 0.41017316017316013 0.5265151515151515 0.4094967532467533
0 0.5373720760233919 0.3675986842105264 0.5376461988304094 0.3729897660818714 0.5352704678362573 0.3760051169590644 0.5314327485380117 0.3764619883040936 0.5273209064327485 0.3745431286549708 0.5265899122807018 0.3704312865497077 0.5276864035087719 0.3681469298245615 0.5298793859649124 0.3656798245614036 0.5357273391812866 0.3661366959064328
0 0.522295321637427 0.36869517543859653 0.5225694444444445 0.37408625730994155 0.5201937134502924 0.3771016081871345 0.5163559941520468 0.37755847953216376 0.5122441520467836 0.3756396198830409 0.511513157894737 0.3715277777777778 0.512609649122807 0.3692434210526316 0.5148026315789473 0.3667763157894737 0.5206505847953217 0.3672331871345029
0 0.5202850877192983 0.3819444444444445 0.5205592105263158 0.3873355263157895 0.5181834795321637 0.39035087719298245 0.5143457602339181 0.3908077485380117 0.5102339181286549 0.38888888888888884 0.5095029239766082 0.38477704678362573 0.5105994152046783 0.3824926900584795 0.5127923976608187 0.38002558479532167 0.518640350877193 0.38048245614035087
0 0.5369152046783626 0.3829495614035089 0.5371893274853802 0.3883406432748539 0.5348135964912282 0.39135599415204686 0.5309758771929824 0.39181286549707606 0.5268640350877194 0.38989400584795325 0.5261330409356726 0.38578216374269014 0.5272295321637427 0.38349780701754393 0.5294225146198831 0.381030701754386 0.5352704678362573 0.3814875730994153
0 0.45010964912280715 0.3659539473684211 0.45038377192982465 0.37134502923976614 0.4480080409356726 0.3743603801169591 0.4441703216374269 0.3748172514619883 0.4400584795321638 0.3728983918128655 0.43932748538011707 0.3687865497076024 0.4404239766081872 0.3665021929824562 0.4426169590643276 0.36403508771929827 0.44846491228070184 0.36449195906432746
0 0.47718253968253965 0.3841991341991342 0.47808441558441556 0.38888888888888884 0.4761002886002886 0.39150432900432897 0.47375541125541126 0.39168470418470414 0.4702380952380953 0.3909632034632035 0.46870490620490624 0.38825757575757575 0.4693362193362194 0.38492063492063494 0.47095959595959597 0.38329725829725825 0.47519841269841273 0.3827561327561328
0 0.488546176046176 0.3841089466089466 0.4908910533910534 0.3871753246753247 0.4894480519480519 0.3906926406926407 0.48611111111111116 0.3920454545454546 0.48304473304473305 0.3921356421356421 0.4809704184704185 0.38997113997113997 0.4798881673881674 0.38636363636363635 0.481962481962482 0.3828463203463204 0.48728354978354976 0.3823051948051948
0 0.47745310245310246 0.3674242424242424 0.47808441558441556 0.37229437229437234 0.47573953823953824 0.37436868686868685 0.4722222222222222 0.37509018759018764 0.46960678210678214 0.3731060606060606 0.46879509379509376 0.36976911976911975 0.4702380952380953 0.3662518037518038
0 0.48674242424242425 0.36598124098124096 0.4897186147186147 0.3686868686868687 0.4897186147186147 0.3732864357864358 0.48674242424242425 0.37509018759018764 0.48331529581529586 0.37536075036075034 0.4812409812409812 0.3739177489177489 0.47997835497835495 0.37003968253968256 0.48169191919191917 0.3662518037518038
0 0.513897235576923 0.32499499198717946 0.5164012419871795 0.32509515224358976 0.5179537259615384 0.3266977163461538 0.5186548477564102 0.3291516426282051 0.5175530849358975 0.33190604967948717 0.5147986778846154 0.33275741185897434 0.5120943509615384 0.33190604967948717 0.5109425080128205 0.3303034855769231 0.5107922676282051 0.3284505208333333 0.5113932291666666 0.32654747596153844
0 0.5217598157051282 0.3248948317307692 0.5242638221153846 0.32499499198717946 0.5258163060897435 0.32659755608974356 0.5265174278846154 0.3290514823717948 0.5254156650641025 0.33180588942307687 0.5226612580128205 0.3326572516025641 0.5199569310897435 0.33180588942307687 0.5188050881410255 0.3302033253205128 0.5186548477564102 0.3283503605769231 0.5192558092948718 0.3264473157051282
0 0.5001252003205128 0.3052634214743589 0.5026292067307693 0.3053635817307692 0.5041816907051282 0.30696614583333326 0.5048828125 0.3094200721153846 0.5037810496794872 0.31217447916666663 0.5010266426282052 0.3130258413461538 0.4983223157051282 0.31217447916666663 0.49717047275641024 0.31057191506410253 0.4970202323717948 0.3087189503205128 0.49762119391025644 0.3068159054487179
0 0.509590344551282 0.3053135016025641 0.5120943509615384 0.30541366185897434 0.5136468349358975 0.30701622596153844 0.5143479567307693 0.30947015224358976 0.5132461939102565 0.31222455929487175 0.5104917868589745 0.313075921474359 0.5077874599358975 0.31222455929487175 0.5066356169871795 0.3106219951923077 0.5064853766025641 0.30876903044871795 0.5070863381410257 0.3068659855769231
0 0.5094401041666666 0.295497796474359 0.5119441105769231 0.2955979567307692 0.513496594551282 0.2972005208333333 0.5141977163461539 0.29965444711538464 0.5130959535256411 0.3024088541666667 0.510341546474359 0.30326021634615385 0.507637219551282 0.3024088541666667 0.5064853766025641 0.3008062900641026 0.5063351362179487 0.29895332532051283 0.5069360977564104 0.29705028044871795
0 0.5192558092948718 0.29564803685897434 0.5217598157051283 0.29574819711538464 0.5233122996794872 0.29735076121794873 0.524013421474359 0.2998046875 0.5229116586538463 0.30255909455128205 0.5201572516025642 0.3034104567307692 0.5174529246794872 0.30255909455128205 0.5163010817307693 0.30095653044871795 0.5161508413461539 0.29910356570512825 0.5167518028846154 0.2972005208333333
0 0.5189553285256411 0.3056139823717949 0.5214593349358975 0.3057141426282052 0.5230118189102565 0.3073167067307692 0.5237129407051283 0.30977063301282054 0.5226111778846154 0.3125250400641026 0.5198567708333335 0.31337640224358976 0.5171524439102565 0.3125250400641026 0.5160006009615384 0.3109224759615385 0.5158503605769231 0.30906951121794873 0.5164513221153847 0.30716646634615385
0 0.5287710336538463 0.2954477163461538 0.5312750400641026 0.2955478766025641 0.5328275240384616 0.2971504407051282 0.5335286458333335 0.29960436698717946 0.5324268830128206 0.3023587740384615 0.5296724759615385 0.30321013621794873 0.5269681490384616 0.3023587740384615 0.5258163060897436 0.3007562099358974 0.5256660657051283 0.2989032451923077 0.5262670272435899 0.2970002003205128
0 0.5283703926282052 0.30576422275641024 0.5308743990384616 0.3058643830128205 0.5324268830128205 0.3074669471153846 0.5331280048076924 0.30992087339743585 0.5320262419871795 0.3126752804487179 0.5292718349358975 0.3135266426282051 0.5265675080128205 0.3126752804487179 0.5254156650641025 0.3110727163461538 0.5252654246794872 0.3092197516025641 0.5258663862179488 0.3073167067307692
0 0.5376352163461539 0.2953976362179487 0.5401392227564104 0.2954977964743589 0.5416917067307693 0.297100360576923 0.5423928285256411 0.2995542868589743 0.5412910657051283 0.30230869391025633 0.5385366586538463 0.30316005608974356 0.5358323317307693 0.30230869391025633 0.5346804887820513 0.3007061298076923 0.5345302483974359 0.29885316506410253 0.5351312099358975 0.29695012019230765
0 0.537685296474359 0.3059144631410256 0.5401893028846154 0.30601462339743585 0.5417417868589745 0.30761718749999994 0.5424429086538463 0.31007111378205127 0.5413411458333335 0.31282552083333326 0.5385867387820514 0.3136768830128205 0.5358824118589745 0.31282552083333326 0.5347305689102565 0.3112229567307692 0.5345803285256411 0.30936999198717946 0.5351812900641026 0.3074669471153846
0 0.5286044973544974 0.32705026455026454 0.5305886243386244 0.32601686507936506 0.533234126984127 0.3263475529100529 0.5345982142857143 0.32837301587301587 0.5345982142857143 0.3304398148148148 0.5330274470899471 0.3314318783068783 0.5317873677248678 0.33196924603174605 0.529183201058201 0.3316385582010582 0.5282738095238095 0.3302744708994709 0.5280671296296297 0.3284970238095238
0 0.5358796296296297 0.32742228835978837 0.5375744047619048 0.3263475529100529 0.5401372354497355 0.3263062169312169 0.5415013227513228 0.32791832010582006 0.5418733465608466 0.3302331349206349 0.5402612433862434 0.3322172619047619 0.5375330687830687 0.3325066137566138 0.5357556216931217 0.33134920634920634 0.5355489417989419 0.32969576719576715
0 0.5281911375661377 0.3431712962962962 0.5290178571428571 0.34073247354497355 0.5304232804232805 0.33998842592592593 0.5326140873015873 0.3401537698412698 0.5341021825396826 0.34147652116402116 0.5343501984126985 0.34346064814814814 0.5335648148148149 0.34552744708994704 0.5322007275132276 0.34623015873015867 0.5305886243386244 0.34623015873015867 0.529183201058201 0.3455687830687831 0.5281911375661377 0.34432870370370366
0 0.5398892195767195 0.34602347883597884 0.5370783730158731 0.34598214285714285 0.5353835978835979 0.343708664021164 0.5355902777777778 0.3419312169312169 0.5374090608465608 0.3403191137566138 0.5398478835978836 0.3403191137566138 0.5415839947089948 0.34250992063492064 0.5415839947089948 0.34527943121693117 0.5403439153439153 0.345692791005291
