0 0.2932581018518519 0.9269386574074074 0.3030960648148149 0.9225983796296298 0.31235532407407407 0.9266493055555556 0.3158275462962963 0.9370659722222223 0.30685763888888884 0.9469039351851853 0.2964409722222222 0.9463252314814815 0.2877604166666667 0.9379340277777779
0 0.33347800925925924 0.926070601851852 0.34360532407407407 0.9211516203703705 0.35431134259259267 0.9237557870370371 0.35720486111111116 0.9330150462962964 0.35315393518518523 0.9428530092592592 0.3421585648148149 0.9451678240740741 0.3311631944444445 0.9390914351851853
0 0.3548900462962964 0.8621238425925926 0.3676215277777778 0.8546006944444445 0.3832465277777778 0.8624131944444445 0.38035300925925936 0.879195601851852 0.3676215277777778 0.8864293981481481 0.35546875 0.8823784722222223 0.3519965277777778 0.8745659722222223
0 0.3994502314814815 0.887008101851852 0.41160300925925936 0.8794849537037038 0.4254918981481482 0.8838252314814815 0.42751736111111116 0.9000289351851853 0.4150752314814815 0.910445601851852 0.4017650462962964 0.9066840277777779 0.3968460648148149 0.8991608796296298
0 0.49117476851851855 0.871383101851852 0.5004340277777778 0.86328125 0.5128761574074074 0.8661747685185187 0.5183738425925927 0.8754340277777779 0.5146122685185186 0.8875868055555556 0.5024594907407408 0.8936631944444445 0.4885706018518519 0.8858506944444445
0 0.4518229166666667 0.8488136574074074 0.4642650462962964 0.8415798611111113 0.4758391203703704 0.8464988425925926 0.47902199074074076 0.8600983796296298 0.4697627314814815 0.8708043981481481 0.45587384259259267 0.869357638888889 0.45008680555555564 0.8624131944444445
0 0.41594328703703703 0.8314525462962964 0.42578125 0.8253761574074074 0.43967013888888895 0.8297164351851853 0.44285300925925936 0.8430266203703705 0.429832175925926 0.8525752314814815 0.4144965277777778 0.8464988425925926
0 0.3757233796296297 0.810619212962963 0.3870081018518519 0.802806712962963 0.398582175925926 0.806857638888889 0.4026331018518519 0.8158275462962964 0.39742476851851855 0.8305844907407408 0.380931712962963 0.8308738425925926 0.3716724537037037 0.8213252314814815
0 0.43995949074074076 0.7819733796296298 0.44777199074074076 0.7779224537037038 0.4564525462962964 0.7782118055555556 0.4619502314814815 0.785445601851852 0.4602141203703704 0.7970196759259259 0.4489293981481482 0.8019386574074074 0.43995949074074076 0.7978877314814815 0.437644675925926 0.7909432870370371
0 0.6664583333333334 0.889375 0.6597916666666667 0.879375 0.665 0.8677083333333333 0.6747916666666667 0.8627083333333333 0.6847916666666667 0.8652083333333334 0.6902083333333333 0.875625 0.6854166666666667 0.8879166666666667 0.6791666666666667 0.890625
0 0.6145833333333334 0.8458333333333333 0.6225 0.838125 0.6352083333333334 0.8377083333333334 0.641875 0.84625 0.640625 0.856875 0.6316666666666667 0.8647916666666666 0.62 0.8652083333333334 0.6141666666666666 0.8570833333333333
0 0.6852083333333333 0.8308333333333333 0.6820833333333334 0.84 0.6897916666666667 0.8495833333333334 0.7 0.85125 0.709375 0.8454166666666667 0.7095833333333333 0.8335416666666666 0.7035416666666666 0.8235416666666666 0.690625 0.8225
0 0.6364583333333333 0.8027083333333334 0.6464583333333334 0.7960416666666666 0.659375 0.7989583333333333 0.663125 0.8072916666666666 0.6614583333333334 0.818125 0.65125 0.8245833333333333 0.6391666666666667 0.8222916666666666 0.635 0.8152083333333333
0 0.6925 0.7847916666666667 0.6914583333333333 0.7925 0.6966666666666667 0.7991666666666667 0.7045833333333333 0.7977083333333334 0.709375 0.7922916666666666 0.70375 0.7825
0 0.7177083333333333 0.7979166666666667 0.7147916666666667 0.804375 0.7185416666666666 0.8110416666666667 0.72625 0.8127083333333334 0.730625 0.8070833333333334 0.7310416666666667 0.7983333333333333 0.7233333333333334 0.7945833333333333
0 0.4125 0.7699404761904761 0.41235119047619057 0.7799107142857142 0.41889880952380953 0.7854166666666667 0.42767857142857146 0.7842261904761906 0.4322916666666667 0.7782738095238094 0.43125 0.7691964285714286 0.4239583333333333 0.7644345238095238 0.418452380952381 0.7639880952380953
0 0.4654761904761905 0.7379464285714286 0.4632440476190477 0.7461309523809524 0.4672619047619048 0.7552083333333334 0.47604166666666664 0.7575892857142857 0.48497023809523815 0.753720238095238 0.4889880952380953 0.7456845238095238 0.4876488095238095 0.7370535714285714 0.47842261904761907 0.7305059523809524 0.4690476190476191 0.7322916666666667
0 0.518452380952381 0.7513392857142858 0.5074404761904762 0.7514880952380952 0.5005952380952382 0.759375 0.499702380952381 0.7688988095238095 0.5058035714285715 0.7758928571428573 0.5145833333333333 0.7773809523809524 0.5214285714285715 0.7732142857142857 0.5248511904761904 0.765922619047619 0.5245535714285715 0.7566964285714286
0 0.5404761904761904 0.7748511904761906 0.5360119047619049 0.7854166666666667 0.5385416666666667 0.7946428571428572 0.5479166666666667 0.7977678571428573 0.5556547619047619 0.7949404761904761 0.5610119047619048 0.7861607142857142 0.5605654761904763 0.7778273809523809 0.5555059523809525 0.7720238095238094 0.5461309523809524 0.7706845238095239
0 0.5575892857142858 0.7477678571428571 0.5565476190476191 0.7563988095238096 0.5626488095238096 0.7602678571428572 0.5693452380952382 0.7584821428571429 0.5729166666666666 0.7522321428571429 0.5730654761904762 0.746279761904762 0.5644345238095237 0.7415178571428571
0 0.538169099756691 0.7343369829683698 0.5364963503649636 0.7431569343065693 0.541058394160584 0.7481751824817519 0.5480535279805353 0.7489355231143552 0.5526155717761557 0.7434610705596106 0.5533759124087592 0.7363138686131387 0.5460766423357665 0.7300790754257908
0 0.5184002433090025 0.7233880778588807 0.516271289537713 0.7317518248175183 0.5203771289537713 0.7364659367396593 0.5272201946472019 0.7376824817518248 0.5326946472019465 0.732360097323601 0.5333029197080292 0.7244525547445255 0.5246350364963503 0.7195863746958637
0 0.49802311435523117 0.711830900243309 0.49589416058394165 0.7203467153284672 0.4996958637469586 0.7259732360097324 0.507147201946472 0.7271897810218978 0.5124695863746959 0.7215632603406326 0.5129257907542578 0.7133515815085159 0.5047141119221411 0.708029197080292
0 0.5594586374695865 0.6853710462287105 0.5571776155717761 0.6932785888077859 0.5608272506082725 0.7014902676399026 0.5697992700729927 0.703771289537713 0.5770985401459854 0.7004257907542578 0.581052311435523 0.6923661800486618 0.5793795620437956 0.6843065693430657 0.5670620437956204 0.6791362530413626
0 0.5734489051094891 0.6619525547445255 0.5717761557177616 0.6687956204379563 0.5754257907542578 0.677007299270073 0.583029197080292 0.6782238442822384 0.5898722627737226 0.6751824817518248 0.5938260340632603 0.6678832116788321 0.5921532846715328 0.6584549878345498 0.5827250608272506 0.6543491484184915 0.5761861313868613 0.6564781021897811
0 0.5208333333333334 0.6618004866180048 0.5174878345498783 0.6706204379562044 0.5209854014598541 0.6789841849148418 0.5293491484184915 0.6820255474452555 0.5357360097323601 0.6792883211678832 0.5395377128953771 0.6735097323600974 0.5395377128953771 0.6654501216545011 0.5346715328467153 0.6596715328467153 0.5267639902676399 0.6584549878345498
0 0.5358880778588807 0.6555656934306568 0.5316301703163017 0.6494829683698297 0.5323905109489051 0.641271289537713 0.538169099756691 0.6353406326034063 0.5454683698296837 0.6338199513381995 0.5527676399026764 0.6386861313868613 0.5532238442822384 0.6475060827250608 0.5512469586374696 0.6535888077858881 0.5444038929440389 0.6569343065693432
0 0.48296836982968366 0.6503953771289538 0.48205596107055965 0.6581508515815085 0.48722627737226276 0.6624087591240876 0.4939172749391727 0.6601277372262774 0.4974148418491484 0.652676399026764 0.4963503649635036 0.6456812652068126 0.49087591240875916 0.6438564476885645 0.4843369829683698 0.6443126520681265
0 0.4948296836982969 0.642639902676399 0.48965936739659366 0.6385340632603407 0.4911800486618005 0.6310827250608273 0.49680656934306566 0.6275851581508516 0.5031934306569343 0.6262165450121655 0.5062347931873479 0.6313868613138687 0.5066909975669099 0.6402068126520681 0.5006082725060828 0.6443126520681265
0 0.5021289537712895 0.6117700729927007 0.49984793187347937 0.6181569343065693 0.5018248175182481 0.624087591240876 0.5072992700729927 0.625912408759124 0.5135340632603407 0.6245437956204379 0.517639902676399 0.6193734793187348 0.5164233576642336 0.6117700729927007 0.5115571776155717 0.608272506082725 0.5063868613138687 0.6088807785888078
0 0.5687347931873479 0.5840936739659367 0.5664537712895378 0.5916970802919708 0.5693430656934307 0.5988442822384428 0.5770985401459854 0.6018856447688564 0.5854622871046229 0.5994525547445255 0.5900243309002433 0.5930656934306568 0.5920012165450121 0.5847019464720195 0.585918491484185 0.5781630170316302 0.5752737226277372 0.5761861313868613
0 0.5340632603406327 0.5646289537712895 0.5334549878345498 0.5742092457420924 0.5387773722627737 0.5825729927007299 0.5483576642335767 0.5845498783454989 0.5550486618004866 0.580139902676399 0.5576338199513382 0.572992700729927 0.5568734793187348 0.5646289537712895 0.5512469586374696 0.559610705596107 0.5399939172749392 0.558242092457421
0 0.4267536919831223 0.7219804852320674 0.42543512658227844 0.7309467299578059 0.43374208860759483 0.7380669831223627 0.4431039029535864 0.7385944092827004 0.4504878691983122 0.7318697257383966 0.45286128691983113 0.7200026371308016 0.44626845991561176 0.7118275316455697 0.4376977848101265 0.7115638185654007 0.4285996835443038 0.7153876582278481
0 0.6191666666666666 0.6104166666666667 0.6166666666666667 0.62 0.621875 0.629375 0.633125 0.6304166666666666 0.6422916666666667 0.6241666666666666 0.6427083333333333 0.613125 0.634375 0.605 0.6245833333333334 0.605625
0 0.64125 0.5952083333333333 0.634375 0.588125 0.6370833333333333 0.5754166666666667 0.645 0.57125 0.6552083333333333 0.57125 0.6597916666666667 0.5802083333333333 0.66 0.5910416666666667 0.6508333333333334 0.5972916666666667
0 0.592289719626168 0.5455607476635513 0.6010514018691588 0.5420560747663551 0.6107866043613707 0.5451713395638629 0.612733644859813 0.5529595015576323 0.6084501557632398 0.5626947040498442 0.5965732087227413 0.5658099688473519 0.5911214953271028 0.5603582554517132 0.5876168224299064 0.5519859813084111
0 0.6549844236760124 0.5418613707165109 0.6514797507788161 0.5529595015576323 0.6559579439252335 0.5603582554517132 0.6637461059190031 0.5638629283489096 0.6725077881619936 0.5621105919003114 0.678543613707165 0.5541277258566978 0.6771806853582554 0.542834890965732 0.6654984423676011 0.536214953271028
0 0.5545171339563862 0.5249221183800623 0.5630841121495326 0.5218068535825544 0.5722352024922117 0.525506230529595 0.5739875389408099 0.5371884735202492 0.5687305295950156 0.5447819314641743 0.558411214953271 0.5451713395638629 0.5508177570093458 0.5369937694704049
0 0.6080607476635513 0.5163551401869159 0.616043613707165 0.5097352024922117 0.6261682242990654 0.510708722741433 0.6296728971962615 0.5192757009345793 0.6267523364485981 0.5295950155763239 0.6162383177570093 0.5332943925233644 0.6065031152647975 0.5260903426791276
0 0.5730140186915887 0.510708722741433 0.5697040498442367 0.500973520249221 0.5737928348909657 0.4929906542056074 0.5819704049844237 0.49084890965732075 0.5907320872274142 0.4941588785046728 0.5917056074766355 0.5054517133956385 0.5811915887850466 0.5130451713395638
0 0.8333333333333335 0.7189265536723164 0.8411016949152543 0.7134533898305085 0.8502824858757063 0.7148658192090396 0.856108757062147 0.7198093220338984 0.8534604519774013 0.7330508474576272 0.8451624293785311 0.7374646892655368 0.8359816384180792 0.733933615819209 0.8319209039548022 0.7282838983050848
0 0.8513418079096046 0.683792372881356 0.8610522598870058 0.6781426553672316 0.8732344632768364 0.6830861581920904 0.8739406779661018 0.6931497175141242 0.867584745762712 0.7019774011299436 0.8566384180790961 0.7028601694915254 0.8506355932203391 0.6947387005649718
0 0.8898026315789472 0.6366959064327485 0.8764619883040935 0.6379751461988304 0.8724415204678362 0.6460160818713451 0.8726242690058479 0.6560672514619883 0.8806652046783625 0.6626461988304094 0.891264619883041 0.6619152046783625 0.8958333333333331 0.6558845029239766 0.8967470760233918 0.6429093567251463
0 0.6022245762711864 0.2537076271186441 0.61670197740113 0.252295197740113 0.6248234463276836 0.2586511299435028 0.6244703389830509 0.2734816384180791 0.612111581920904 0.2780720338983051 0.5993997175141242 0.2741878531073446 0.5955155367231638 0.2639477401129944
0 0.6534251412429378 0.21133474576271188 0.6611935028248588 0.2074505649717514 0.6707274011299436 0.21027542372881355 0.6749646892655367 0.22369350282485878 0.6650776836158192 0.23463983050847456 0.6530720338983051 0.23252118644067796 0.6491878531073447 0.22369350282485878
0 0.7116878531073447 0.15801553672316382 0.7046257062146892 0.16684322033898308 0.709569209039548 0.18202683615819207 0.723340395480226 0.1827330508474576 0.7304025423728814 0.17778954802259886 0.7328742937853108 0.1675494350282486 0.726518361581921 0.15589689265536724
0 0.7427612994350283 0.12552966101694915 0.7388771186440678 0.13859463276836156 0.7445268361581922 0.14989406779661016 0.7565324858757062 0.15236581920903955 0.7671257062146892 0.1449505649717514 0.7671257062146892 0.1297669491525424 0.7547669491525424 0.12270480225988702
0 0.8038488700564973 0.07362288135593222 0.7960805084745763 0.08421610169491527 0.8017302259887006 0.09834039548022598 0.8155014124293787 0.10010593220338984 0.8246822033898306 0.09092514124293787 0.8229166666666667 0.07786016949152544 0.8137358757062149 0.07185734463276837
0 0.837747175141243 0.04325564971751413 0.831391242937853 0.05278954802259888 0.833156779661017 0.06585451977401129 0.8448093220338984 0.06938559322033899 0.8557556497175142 0.06550141242937854 0.8606991525423731 0.051024011299435026 0.8476341807909605 0.039724576271186446
0 0.20212339743589744 0.0733173076923077 0.20032051282051283 0.08754006410256408 0.20833333333333331 0.09415064102564102 0.2181490384615385 0.09555288461538462 0.2277644230769231 0.08613782051282051 0.2265625 0.0747195512820513 0.2209535256410256 0.0669070512820513 0.20873397435897434 0.06750801282051282
0 0.30328525641025633 0.05709134615384615 0.29086538461538464 0.0592948717948718 0.2862580128205128 0.06830929487179487 0.2854567307692308 0.0767227564102564 0.2928685897435897 0.0825320512820513 0.3030849358974359 0.08353365384615384 0.3104967948717948 0.07712339743589743 0.3125 0.06650641025641024
0 0.29707532051282054 0.10917467948717949 0.2848557692307692 0.11037660256410256 0.27884615384615385 0.11778846153846154 0.2776442307692308 0.12560096153846154 0.2808493589743589 0.13341346153846154 0.28946314102564097 0.13641826923076922 0.29707532051282054 0.13521634615384615 0.30328525641025633 0.12760416666666666 0.3040865384615385 0.11598557692307691
0 0.3379407051282052 0.0903445512820513 0.3355368589743589 0.10076121794871795 0.3411458333333333 0.10917467948717949 0.35016025641025633 0.11157852564102565 0.35977564102564097 0.10697115384615384 0.36298076923076916 0.09735576923076922 0.360576923076923 0.08794070512820513 0.3511618589743589 0.08353365384615384 0.34234775641025633 0.08553685897435898
0 0.34715544871794873 0.13501602564102563 0.33253205128205127 0.1388221153846154 0.3275240384615385 0.14983974358974358 0.3303285256410256 0.15905448717948717 0.3405448717948718 0.16466346153846154 0.3515625 0.16045673076923078 0.35596955128205127 0.14583333333333331
0 0.771412037037037 0.5809027777777778 0.7670138888888889 0.5716435185185185 0.7707175925925925 0.560300925925926 0.7811342592592593 0.5563657407407406 0.7890046296296295 0.5596064814814814 0.7931712962962962 0.5695601851851851 0.789236111111111 0.578587962962963 0.7799768518518518 0.5829861111111111
0 0.8165509259259259 0.5855324074074073 0.8116898148148148 0.5938657407407407 0.814699074074074 0.602199074074074 0.8244212962962962 0.6063657407407407 0.833912037037037 0.602199074074074 0.8380787037037036 0.5908564814814814 0.8336805555555554 0.583912037037037 0.8228009259259259 0.5811342592592592
0 0.7602864583333333 0.6069010416666667 0.747265625 0.6069010416666667 0.7397135416666667 0.6180989583333333 0.7423177083333333 0.6295572916666666 0.751953125 0.634765625 0.7626302083333333 0.6298177083333333 0.7657552083333333 0.6188802083333333
0 0.7920572916666667 0.6329427083333333 0.7852864583333333 0.641015625 0.7868489583333333 0.6514322916666667 0.7983072916666667 0.656640625 0.8076822916666667 0.6506510416666667 0.809765625 0.6399739583333334 0.8032552083333333 0.6313802083333333
0 0.729296875 0.6626302083333333 0.715234375 0.666796875 0.710546875 0.6756510416666667 0.7134114583333333 0.6868489583333334 0.723046875 0.689453125 0.7326822916666667 0.6837239583333333 0.735546875 0.6725260416666666
0 0.7600260416666667 0.6920572916666666 0.7561197916666667 0.6998697916666666 0.7587239583333333 0.709765625 0.766796875 0.7123697916666667 0.7756510416666667 0.7102864583333334 0.7803385416666667 0.700390625 0.7774739583333333 0.6907552083333334 0.768359375 0.6884114583333333
0 0.2274484536082474 0.23560996563573885 0.21585051546391754 0.23797250859106525 0.21069587628865982 0.24763745704467358 0.2115549828178694 0.2564432989690722 0.21950171821305844 0.26159793814432986 0.23045532646048106 0.25837628865979384 0.2347508591065292 0.25064432989690727 0.23152920962199317 0.24162371134020616
0 0.2787800687285223 0.26567869415807566 0.2699742268041237 0.26546391752577314 0.2613831615120275 0.2712628865979382 0.26073883161512024 0.28157216494845355 0.26782646048109965 0.2867268041237114 0.27770618556701027 0.2867268041237114 0.28393470790378006 0.2820017182130584 0.28457903780068733 0.2746993127147766
0 0.3288230240549828 0.2914518900343643 0.31593642611683853 0.2940292096219932 0.31314432989690727 0.3011168384879725 0.31443298969072164 0.31078178694158076 0.3228092783505155 0.31443298969072164 0.3322594501718213 0.3125 0.3356958762886598 0.3073453608247423 0.336340206185567 0.2981099656357388
