0 0.3557581018518519 0.34157986111111116 0.3473668981481482 0.35141782407407407 0.35054976851851855 0.3638599537037037 0.359519675925926 0.36906828703703703 0.36964699074074076 0.3658854166666667 0.37485532407407407 0.3551793981481482 0.3676215277777778 0.3421585648148149
0 0.38845486111111116 0.3265335648148149 0.3815104166666667 0.3369502314814815 0.38440393518518523 0.34852430555555564 0.39453125 0.3525752314814815 0.4072627314814815 0.3470775462962964 0.40899884259259267 0.3352141203703704 0.3994502314814815 0.32537615740740744
0 0.4211516203703704 0.31004050925925924 0.4361979166666667 0.31032986111111116 0.44314236111111116 0.3207465277777778 0.4361979166666667 0.33347800925925924 0.4231770833333333 0.3346354166666667 0.41594328703703703 0.32798032407407407 0.41623263888888895 0.3187210648148149
0 0.47149884259259267 0.32277199074074076 0.48654513888888895 0.32219328703703703 0.49464699074074076 0.33203125 0.4914641203703704 0.343894675925926 0.4807581018518519 0.351707175925926 0.47120949074074076 0.34649884259259267 0.4642650462962964 0.33608217592592593
0 0.44429976851851855 0.34186921296296297 0.43909143518518523 0.3502604166666667 0.4408275462962964 0.3606770833333333 0.45211226851851855 0.3655960648148149 0.46079282407407407 0.36125578703703703 0.4619502314814815 0.351707175925926 0.4564525462962964 0.34186921296296297
0 0.41015625 0.3913483796296297 0.40610532407407407 0.4014756944444445 0.41189236111111116 0.4107349537037037 0.4231770833333333 0.41131365740740744 0.42751736111111116 0.40581597222222227 0.42404513888888895 0.3936631944444445
0 0.4359085648148149 0.38266782407407407 0.43359375 0.38816550925925936 0.4361979166666667 0.39539930555555564 0.4445891203703704 0.3971354166666667 0.45037615740740744 0.39279513888888895 0.445457175925926 0.380931712962963
0 0.46252893518518523 0.37196180555555564 0.45847800925925936 0.37745949074074076 0.4622395833333333 0.38527199074074076 0.47063078703703703 0.3841145833333333 0.47381365740740744 0.3786168981481482 0.4700520833333333 0.3713831018518519
0 0.39829282407407407 0.4367766203703704 0.3936631944444445 0.4457465277777778 0.39829282407407407 0.4544270833333333 0.4075520833333333 0.4561631944444445 0.41623263888888895 0.4515335648148149 0.41652199074074076 0.44227430555555564 0.4066840277777778 0.4338831018518519
0 0.42751736111111116 0.422019675925926 0.42173032407407407 0.42954282407407407 0.42664930555555564 0.4382233796296297 0.437644675925926 0.4388020833333333 0.44140625 0.43156828703703703 0.43648726851851855 0.42375578703703703
0 0.451244212962963 0.41189236111111116 0.44777199074074076 0.41941550925925936 0.451244212962963 0.4263599537037037 0.45992476851851855 0.4280960648148149 0.4639756944444445 0.422019675925926 0.4619502314814815 0.4124710648148149
0 0.4758391203703704 0.40118634259259267 0.4729456018518519 0.4069733796296297 0.47410300925925936 0.4150752314814815 0.48220486111111116 0.41681134259259267 0.4877025462962964 0.4124710648148149 0.48654513888888895 0.4020543981481482
0 0.3841145833333333 0.4934895833333333 0.3780381944444445 0.5018807870370371 0.3820891203703704 0.5160590277777778 0.3913483796296297 0.51953125 0.40234375 0.5154803240740741 0.4046585648148149 0.5041956018518519 0.39597800925925936 0.4934895833333333
0 0.4211516203703704 0.4775752314814815 0.41304976851851855 0.4848090277777778 0.412181712962963 0.4963831018518519 0.4211516203703704 0.5027488425925927 0.43359375 0.5030381944444445 0.43967013888888895 0.492332175925926 0.4327256944444445 0.4798900462962964
0 0.4749710648148149 0.4596354166666667 0.47120949074074076 0.466869212962963 0.4729456018518519 0.47410300925925936 0.4827835648148149 0.47612847222222227 0.4879918981481482 0.47149884259259267 0.4856770833333333 0.4619502314814815
0 0.4540441176470588 0.6292892156862745 0.4621629901960784 0.6300551470588235 0.4669117647058823 0.6357230392156863 0.4652267156862745 0.6433823529411764 0.4587928921568627 0.6470588235294118 0.4518995098039216 0.6453737745098039 0.448376225490196 0.6366421568627452
0 0.4859068627450981 0.6150428921568627 0.4794730392156863 0.6210171568627452 0.479626225490196 0.6286764705882353 0.485140931372549 0.6328125 0.4926470588235294 0.632046568627451 0.4960171568627451 0.6269914215686274 0.4941789215686274 0.6171875
0 0.5160845588235293 0.6026348039215687 0.5107230392156863 0.6073835784313726 0.5111825980392156 0.6142769607843137 0.516390931372549 0.617953431372549 0.5225183823529411 0.6171875 0.5257352941176471 0.6116727941176471 0.5228247549019608 0.6040134803921569
0 0.5384497549019608 0.5905330882352942 0.5333946078431373 0.5968137254901961 0.5347732843137255 0.6041666666666666 0.5407475490196079 0.6066176470588235 0.5487132352941176 0.6041666666666666 0.5491727941176471 0.5977328431372548 0.5442708333333334 0.5917585784313726
0 0.5629595588235293 0.5802696078431373 0.5582107843137255 0.5845588235294118 0.5580575980392156 0.5919117647058824 0.5649509803921569 0.5952818627450981 0.5703125 0.5923713235294118 0.5732230392156863 0.5876225490196079 0.5686274509803921 0.5802696078431373
0 0.5718443627450981 0.5580575980392156 0.5686274509803921 0.5649509803921569 0.5730698529411764 0.5712316176470589 0.5793504901960784 0.5701593137254902 0.5830269607843137 0.5657169117647058 0.5791973039215687 0.5589767156862745
0 0.5257352941176471 0.5643382352941176 0.5215992647058824 0.5667892156862745 0.5208333333333334 0.5739889705882353 0.5255821078431373 0.5784313725490197 0.5329350490196079 0.5775122549019608 0.5358455882352942 0.5729166666666666 0.5333946078431373 0.5641850490196079
0 0.4104817708333333 0.6137369791666667 0.4052734375 0.6225911458333333 0.4064453125 0.6320963541666667 0.4142578125 0.6375651041666667 0.42428385416666664 0.6365234375 0.4310546875 0.6296223958333333 0.4310546875 0.6206380208333333 0.4220703125 0.6115234375
0 0.4402994791666667 0.6031901041666666 0.43561197916666666 0.6098307291666667 0.43795572916666664 0.6168619791666666 0.4449869791666667 0.6194661458333334 0.4520182291666667 0.6169921875 0.4542317708333333 0.6098307291666667 0.4490234375 0.6026692708333333
0 0.4712890625 0.5891276041666667 0.4669921875 0.5951171875 0.46881510416666666 0.6017578125 0.4742838541666667 0.6043619791666667 0.48092447916666664 0.6014973958333333 0.4826171875 0.5938151041666667 0.4781901041666667 0.5899088541666667
0 0.4583984375 0.5608723958333334 0.45305989583333334 0.5680338541666666 0.4556640625 0.5749348958333333 0.4617838541666667 0.5772786458333333 0.46868489583333334 0.5736328125 0.4690755208333333 0.5679036458333333 0.4656901041666667 0.5623046875
0 0.3919921875 0.5682942708333333 0.38548177083333335 0.5744140625 0.38522135416666664 0.5852213541666667 0.39069010416666666 0.5916015625 0.39967447916666665 0.5930338541666667 0.4070963541666667 0.5887369791666667 0.4103515625 0.5792317708333333 0.4020182291666667 0.5681640625
0 0.4873046875 0.5472005208333334 0.4837890625 0.5531901041666667 0.48430989583333334 0.5593098958333333 0.4908203125 0.5629557291666667 0.49680989583333335 0.5604817708333333 0.4988932291666667 0.5538411458333333 0.49459635416666664 0.5472005208333334
0 0.5107421875 0.5353515625 0.5069661458333333 0.5423828125 0.5094401041666666 0.5485026041666666 0.5142578125 0.5505859375 0.5207682291666667 0.5482421875 0.5222005208333333 0.5413411458333334 0.5181640625 0.5357421875
0 0.5356119791666667 0.5249348958333333 0.5328776041666666 0.5301432291666667 0.5343098958333333 0.5369140625 0.5406901041666666 0.5387369791666666 0.5452473958333334 0.5354817708333334 0.5458984375 0.5288411458333333 0.5422526041666667 0.5248046875
0 0.44654947916666665 0.5382161458333333 0.44212239583333335 0.5435546875 0.4442057291666667 0.5500651041666667 0.4498046875 0.5526692708333333 0.45553385416666664 0.5503255208333333 0.4576171875 0.5448567708333333 0.45358072916666664 0.5383463541666667
0 0.4031901041666667 0.5267578125 0.3986328125 0.5360026041666667 0.40084635416666664 0.5436848958333333 0.4093098958333333 0.5472005208333334 0.4171223958333333 0.5430338541666667 0.41920572916666665 0.5354817708333334 0.41204427083333334 0.5276692708333334
0 0.43332122093023256 0.5120518410852714 0.4296875 0.5164123062015503 0.43005087209302334 0.522953003875969 0.4335634689922481 0.5259811046511629 0.4415576550387597 0.5271923449612403 0.44555474806201556 0.5218628875968992 0.44434350775193804 0.5145954457364342 0.4396196705426357 0.5113250968992248
0 0.46566133720930236 0.49957606589147296 0.4619064922480621 0.5026041666666666 0.46057412790697677 0.5089026162790697 0.46432897286821706 0.5138687015503877 0.47099079457364346 0.5141109496124031 0.4753512596899225 0.5104772286821706 0.47583575581395354 0.5052688953488372 0.4715964147286822 0.4984859496124031
0 0.5605555555555556 0.5305555555555557 0.5566666666666666 0.5351388888888889 0.5573611111111112 0.54125 0.563888888888889 0.5433333333333333 0.5684722222222223 0.5408333333333334 0.5683333333333334 0.5325
0 0.5470833333333334 0.502638888888889 0.5533333333333333 0.50375 0.5563888888888889 0.5080555555555556 0.55375 0.5141666666666667 0.5475 0.5156944444444445 0.543888888888889 0.5116666666666667 0.5427777777777778 0.5073611111111112
0 0.5121913580246913 0.4746913580246913 0.508179012345679 0.4791666666666666 0.5084876543209876 0.48518518518518516 0.5128086419753086 0.48950617283950604 0.5183641975308642 0.4891975308641975 0.5223765432098765 0.48487654320987644 0.5208333333333333 0.4770061728395061
0 0.4867967091295117 0.424562101910828 0.48308121019108274 0.43040074309978765 0.4856024416135881 0.4380971337579618 0.4939623142250531 0.43968949044585987 0.49860668789808915 0.43531050955414013 0.49887208067940547 0.429869957537155 0.49462579617834396 0.4242967091295117
0 0.4588141025641025 0.29086538461538464 0.47548076923076915 0.29342948717948714 0.4818910256410256 0.31169871794871795 0.4677884615384615 0.32163461538461535 0.4527243589743589 0.31714743589743594 0.44919871794871785 0.3030448717948718
0 0.4985119047619047 0.38839285714285715 0.50879329004329 0.38839285714285715 0.5125811688311689 0.3962391774891774 0.5074404761904762 0.4046266233766233 0.49905303030303033 0.40354437229437223 0.49391233766233766 0.3970508658008658
0 0.5104166666666666 0.4127435064935065 0.519345238095238 0.413284632034632 0.5242153679653679 0.4219426406926407 0.5166396103896104 0.4292478354978355 0.5090638528138528 0.42789502164502163 0.5060876623376623 0.41896645021645024
0 0.4619859307359307 0.4354707792207792 0.47253787878787873 0.4357413419913419 0.4765963203463203 0.44412878787878785 0.4701028138528138 0.45224567099567103 0.4619859307359307 0.449810606060606 0.45738636363636365 0.4433170995670995
0 0.521780303030303 0.43682359307359303 0.5304383116883116 0.4370941558441558 0.5353084415584416 0.44629329004329 0.528814935064935 0.4535984848484848 0.5196158008658008 0.4514339826839826 0.5179924242424242 0.44412878787878785
0 0.44954004329004327 0.47118506493506485 0.4587391774891774 0.4701028138528138 0.46415043290043284 0.48038419913419916 0.45711580086580084 0.48741883116883117 0.44845779220779214 0.4847132034632034 0.44629329004329 0.47876082251082247
0 0.4979707792207792 0.5114989177489178 0.5071699134199134 0.511228354978355 0.5133928571428571 0.520698051948052 0.5058170995670995 0.5280032467532467 0.4982413419913419 0.5266504329004329 0.49418290043290036 0.5190746753246752
0 0.5590739202657807 0.6530661683277962 0.55734357696567 0.6518895348837209 0.5567898671096345 0.6507129014396457 0.5566514396456257 0.6484288482834994 0.558312569213732 0.6462140088593578 0.5619116832779623 0.6469753599114064 0.5635728128460686 0.6487749169435216 0.563295957918051 0.652235603543743
0 0.5485534330011074 0.6521663898117386 0.5456464562569213 0.6521663898117386 0.5444006090808415 0.6514050387596899 0.5440545404208195 0.6495362679955703 0.5450927464008859 0.6462140088593578 0.5493147840531561 0.6462832225913622 0.5506298449612402 0.6497439091915835
0 0.563780454042082 0.6419919712070875 0.5598352713178294 0.6406769102990033 0.5583817829457364 0.637562292358804 0.5593507751937984 0.6352782392026578 0.5609426910299004 0.6329249723145072 0.5646110188261351 0.6333402547065338 0.5668258582502769 0.6347937430786268 0.5673103543743078 0.6374238648947952 0.566687430786268 0.6394310631229235
0 0.5733319490586932 0.6418535437430786 0.570563399778516 0.6412306201550387 0.5693867663344407 0.6387389258028793 0.5693867663344407 0.6359011627906976 0.5722245293466224 0.6333402547065338 0.5765849944629015 0.6342400332225914 0.5780384828349945 0.637077796234773 0.5771387043189369 0.6410921926910298
0 0.5606658361018826 0.6276647286821705 0.5577588593576966 0.6273878737541528 0.5553363787375415 0.625173034330011 0.5551979512735327 0.6219892026578073 0.55734357696567 0.6193590808416389 0.5604581949058693 0.6194975083056479 0.5633651716500554 0.621297065337763 0.5638496677740864 0.623719545957918
0 0.5724321705426356 0.6165213178294573 0.5704249723145072 0.6151370431893688 0.5691791251384275 0.6110534330011074 0.57250138427464 0.6093923034330011 0.5748546511627908 0.6093230897009967 0.5760312846068659 0.6104305094130675 0.5769310631229236 0.6131298449612402 0.5760312846068659 0.6152754706533776
0 0.5847522148394241 0.6119532115171651 0.581014673311185 0.6106381506090808 0.5799072535991141 0.6062776854928018 0.5827450166112956 0.6039244186046511 0.5864133444075305 0.6044089147286821 0.5873823366555925 0.6081464562569213
0 0.36317883895131087 0.4219920411985018 0.3662804307116104 0.4211142322097378 0.369440543071161 0.4215823970037453 0.37107911985018727 0.42474250936329583 0.37119616104868913 0.4279026217228464 0.36756788389513106 0.43030196629213485 0.36423220973782766 0.4300093632958801 0.36171582397003743 0.42831226591760296 0.3615987827715355 0.42632256554307113
0 0.363998127340824 0.4182467228464419 0.359375 0.4191830524344569 0.35598080524344566 0.4157888576779026 0.3560393258426966 0.4129213483146067 0.35761938202247184 0.40976123595505615 0.36189138576779023 0.4088249063670412 0.36528558052434457 0.411692415730337 0.36575374531835203 0.4147354868913858
0 0.3744733146067415 0.38992275280898875 0.3713717228464419 0.39080056179775274 0.3679190074906367 0.38992275280898875 0.36657303370786515 0.387874531835206 0.36587078651685395 0.38371956928838946 0.36774344569288386 0.38149578651685395 0.37125468164794 0.3799742509363295 0.3741807116104869 0.3816128277153557 0.37581928838951306 0.3854751872659176
0 0.38471441947565543 0.3845973782771535 0.3796816479400748 0.38395365168539325 0.3778089887640449 0.38126170411985016 0.3777504681647939 0.37792602996254676 0.3799742509363295 0.37505852059925093 0.38342696629213485 0.37494147940074907 0.38693820224719094 0.3772237827715355 0.38775749063670406 0.38091058052434457
0 0.38073501872659177 0.40332397003745313 0.37517556179775274 0.40308988764044945 0.3725421348314606 0.4004564606741573 0.37271769662921345 0.396125936329588 0.3752926029962546 0.39378511235955055 0.380442415730337 0.3939021535580524 0.3829002808988764 0.39788155430711614
0 0.38810861423220977 0.3982326779026217 0.3854751872659176 0.39682818352059923 0.38371956928838946 0.3941947565543071 0.3843047752808988 0.3907420411985018 0.38705524344569286 0.38834269662921345 0.391502808988764 0.3890449438202247 0.3933754681647939 0.3922635767790262 0.39407771535580516 0.3953651685393258 0.39121020599250933 0.39782303370786515
0 0.37763342696629215 0.4088249063670412 0.3824321161048689 0.40625 0.3869967228464419 0.40812265917602997 0.3884012172284644 0.41163389513108606 0.3874063670411985 0.41543773408239704 0.3824906367041198 0.4166081460674157 0.3797401685393258 0.4156718164794007
0 0.3956577715355805 0.411692415730337 0.3917954119850187 0.4101123595505618 0.3903909176029962 0.40718632958801493 0.3901568352059924 0.4029728464419476 0.39290730337078644 0.4004564606741573 0.3975304307116104 0.40150983146067415 0.3994616104868913 0.40420177902621723 0.3995201310861423 0.40812265917602997
