0 0.5758928571428571 0.2745535714285715 0.5930059523809524 0.27157738095238104 0.6041666666666666 0.28497023809523814 0.5982142857142857 0.2998511904761906 0.5833333333333334 0.3058035714285715 0.5699404761904762 0.29761904761904767 0.5669642857142857 0.2857142857142858
0 0.7427884615384616 0.29439102564102565 0.7530448717948718 0.2831730769230769 0.7469551282051282 0.27067307692307696 0.7350961538461538 0.2642628205128205 0.720352564102564 0.27067307692307696 0.7181089743589744 0.2863782051282051 0.7286858974358973 0.29759615384615384
0 0.6193910256410255 0.3392628205128205 0.6328525641025641 0.336698717948718 0.6447115384615384 0.3456730769230769 0.6466346153846153 0.35849358974358975 0.6370192307692307 0.36842948717948715 0.6203525641025641 0.36939102564102566 0.6142628205128204 0.35913461538461544 0.6116987179487179 0.3482371794871795
0 0.6319444444444444 0.429369918699187 0.6402439024390244 0.42835365853658536 0.6471883468834688 0.43326558265582654 0.6456639566395663 0.4422425474254742 0.638380758807588 0.445460704607046 0.630250677506775 0.44410569105691056 0.6272018970189702 0.4386856368563685 0.6272018970189702 0.4327574525745257
0 0.6808943089430893 0.4066734417344174 0.6722560975609756 0.4031165311653117 0.6649728997289972 0.4080284552845529 0.6634485094850948 0.4141260162601626 0.668191056910569 0.42005420054200543 0.6758130081300813 0.4205623306233062 0.6814024390243902 0.4144647696476965
0 0.717310298102981 0.3819444444444444 0.7085027100271002 0.3787262872628726 0.7012195121951219 0.38329945799457993 0.6996951219512195 0.39058265582655827 0.7040989159891599 0.39617208672086723 0.7122289972899729 0.3970189701897019 0.7184959349593495 0.3902439024390244
0 0.7389964788732395 0.35651408450704225 0.747212441314554 0.3549002347417841 0.7546948356807512 0.360768779342723 0.7519072769953051 0.36986502347417843 0.7438380281690141 0.3729460093896714 0.7370892018779343 0.3705985915492958 0.7351819248826291 0.3628227699530516
0 0.12806964573268922 0.6899657809983898 0.13088768115942032 0.6971115136876006 0.1281702898550725 0.7013385668276974 0.12615740740740744 0.7040559581320451 0.11941425120772947 0.705163043478261 0.11528784219001613 0.7025462962962964 0.111664653784219 0.6971115136876006 0.11367753623188406 0.6910728663446055 0.11860909822866347 0.686443236714976
0 0.09220818291215403 0.6371841155234658 0.09544223826714801 0.641095066185319 0.0967208182912154 0.648014440433213 0.09476534296028881 0.6524518652226233 0.08927496991576414 0.6538056558363418 0.08378459687123947 0.6532791817087846 0.08077617328519854 0.6503459687123947 0.07784296028880867 0.6434265944645007 0.08175391095066184 0.6388387484957883 0.08754512635379061 0.6359807460890494
0 0.1553362573099416 0.6735197368421053 0.14967105263157904 0.6741593567251463 0.14418859649122814 0.6721491228070176 0.1428179824561404 0.6684941520467836 0.1410818713450293 0.6620065789473684 0.14756944444444453 0.6558845029239766 0.1546052631578948 0.6559758771929824 0.1584429824561404 0.6593567251461988 0.1604532163742691 0.665296052631579 0.1588998538011697 0.6717836257309941
0 0.17891081871345038 0.7075109649122807 0.1753472222222223 0.7087902046783625 0.17105263157894746 0.7077850877192983 0.16794590643274862 0.7041301169590644 0.16895102339181292 0.6997441520467836 0.172514619883041 0.6969115497076024 0.17699195906432755 0.6976425438596491 0.17927631578947376 0.6995614035087719 0.18009868421052638 0.7036732456140351
0 0.7916666666666666 0.33182367149758457 0.7939311594202898 0.3395229468599034 0.7922705314009663 0.3446557971014494 0.7838164251207729 0.34616545893719813 0.7785326086956521 0.3410326086956522 0.7791364734299516 0.33484299516908217 0.7866847826086957 0.32986111111111116
0 0.8146135265700484 0.3078200483091788 0.8218599033816425 0.30963164251207737 0.8253321256038648 0.31597222222222227 0.8233695652173912 0.32035024154589375 0.8183876811594202 0.3215579710144928 0.8128019323671498 0.3194444444444445 0.8112922705314011 0.31446256038647347
