0 0.40178571428571425 0.10379464285714286 0.35156249999999994 0.12611607142857142 0.34374999999999994 0.16629464285714285 0.36941964285714285 0.1986607142857143 0.42075892857142855 0.19196428571428573 0.44308035714285715 0.1484375
0 0.49999999999999994 0.15290178571428573 0.5212053571428572 0.11607142857142858 0.5803571428571428 0.11383928571428571 0.5982142857142858 0.15401785714285715 0.5613839285714286 0.19977678571428573 0.515625 0.19642857142857142
0 0.5446428571428572 0.27232142857142855 0.5870535714285714 0.2868303571428571 0.5993303571428572 0.328125 0.5625 0.3604910714285714 0.5133928571428572 0.35379464285714285 0.5033482142857142 0.2946428571428571
0 0.40290178571428575 0.26785714285714285 0.34709821428571425 0.3046875 0.34821428571428575 0.34375 0.39062499999999994 0.36607142857142855 0.42745535714285715 0.3493303571428571 0.43973214285714285 0.3024553571428571
0 0.40624999999999994 0.6964285714285715 0.32812499999999994 0.7142857142857143 0.30803571428571425 0.7689732142857143 0.32812499999999994 0.8169642857142857 0.38169642857142855 0.8404017857142857 0.43526785714285715 0.8247767857142857 0.46763392857142855 0.765625 0.44977678571428575 0.7265625
0 0.6964285714285714 0.6941964285714286 0.6026785714285714 0.7053571428571429 0.578125 0.7578125 0.5870535714285714 0.8091517857142857 0.6428571428571428 0.8381696428571429 0.7109375 0.8102678571428572 0.724330357142857 0.7544642857142857
0 0.028914036544850544 0.9944455980066444 0.03864721760797346 0.9782236295681064 0.052273671096345564 0.9626505398671097 0.07757994186046516 0.9600550249169435 0.10807724252491699 0.9626505398671097 0.12559696843853824 0.9769258720930232 0.13367264602061757 0.998046875
0 0.3183139534883721 0.9937967192691031 0.32480274086378735 0.971734842192691 0.3475134966777409 0.9535662375415281 0.38190406976744184 0.9425352990033222 0.42213455149501666 0.9581083887043189 0.45068521594684385 0.9873079318936877 0.45068521594684385 0.998046875
0 0.5850031146179402 0.9976899916943522 0.5914919019933556 0.9808191445182723 0.6193936877076412 0.9509707225913622 0.662219684385382 0.9444819352159468 0.7108855897009967 0.9665438122923589 0.7232142857142857 0.9905523255813953 0.7251609219269103 0.9937967192691031
0 0.3209094684385382 0.5927896594684385 0.34037583056478404 0.6077138704318937 0.33778031561461797 0.6330201411960134 0.3202605897009967 0.6492421096345515 0.29754983388704326 0.647295473421927 0.28392338039867115 0.6401578073089701 0.2767857142857143 0.6129049003322259 0.2871677740863787 0.5986295681063123 0.31117628737541525 0.5882475083056479
0 0.4474408222591363 0.6459977159468439 0.4279744601328904 0.6492421096345515 0.40980585548172754 0.6382111710963455 0.4033170681063123 0.6174470514950167 0.41110361295681064 0.5966829318936877 0.4273255813953488 0.5882475083056479 0.45522736710963463 0.5960340531561462 0.46820494186046513 0.6226380813953488 0.463013911960133 0.6382111710963455
0 0.45133409468438546 0.5389327242524917 0.4305699750830565 0.5408793604651163 0.41175249169435213 0.5311461794019934 0.4007215531561462 0.5129775747508306 0.41175249169435213 0.4883201827242525 0.4325166112956811 0.47858700166112955 0.4610672757475084 0.49480897009966784 0.46625830564784054 0.5259551495016611
0 0.7497002629950494 0.1420076577970297 0.7303623917079207 0.14732557240099012 0.7119914139851485 0.1415242110148515 0.6921700959158416 0.12750425433168316 0.6912032023514851 0.10284846844059406 0.6965211169554455 0.08834506497524752 0.7158589882425742 0.07529200185643564 0.7463161355198019 0.08157681002475248 0.7704884746287128 0.10043123452970298 0.7671043471534653 0.13088838180693071
0 0.7037728186881188 0.1739151454207921 0.7284286045792079 0.16424620977722773 0.7559850711633663 0.17874961324257424 0.766620900371287 0.20195505878712874 0.7593691986386139 0.22419361076732672 0.7434154548267327 0.23773012066831686 0.7173093285891089 0.23869701423267328 0.6921700959158416 0.22709429146039603 0.688785968440594 0.20388884591584158 0.6892694152227723 0.18503442141089108
