0 0.07437680635838151 0.47177565028901736 0.03260476878612717 0.514676661849711 0.04163656069364163 0.5598356213872833 0.09018244219653182 0.5778992052023122 0.12856755780346818 0.5530617774566474 0.1308255057803468 0.5
0 0.2651734104046243 0.4774205202312139 0.21436958092485547 0.5124187138728323 0.22340137283236994 0.5632225433526011 0.26630238439306364 0.5756412572254336 0.3046875 0.5620935693641619 0.3103323699421966 0.5
0 0.08227962427745666 0.6196712427745665 0.03599169075144509 0.6501535404624278 0.03599169075144509 0.7020863439306358 0.08566654624277459 0.7235368497109826 0.13421242774566478 0.6975704479768786 0.1251806358381503 0.6388638005780347
0 0.24936777456647397 0.6185422687861272 0.20420881502890176 0.6648302023121387 0.22227239884393069 0.7066022398843931 0.2753341763005781 0.7224078757225434 0.30920339595375723 0.6964414739884394 0.30581647398843936 0.6388638005780347
0 0.25328947368421056 0.7684119152046783 0.21673976608187134 0.787828947368421 0.21331323099415206 0.8426535087719298 0.2555738304093567 0.8643548976608187 0.29669225146198824 0.8517909356725146 0.3149671052631579 0.80953033625731 0.2978344298245614 0.7798336988304093
0 0.03056469298245612 0.994563230994152 0.04655519005847952 0.9637244152046783 0.0933845029239766 0.9488760964912281 0.13678728070175433 0.960297880116959 0.15251602856968807 0.998046875
0 0.26585343567251457 0.9934210526315789 0.2898391812865497 0.9637244152046783 0.33324195906432746 0.9420230263157895 0.38121345029239767 0.9545869883040936 0.41130106415879436 0.998046875
0 0.582236842105263 0.9968475877192983 0.6039382309941519 0.9660087719298246 0.6541940789473684 0.9523026315789473 0.6884594298245614 0.9648665935672515 0.7060254611713105 0.998046875
0 0.823236476608187 0.994563230994152 0.8415113304093567 0.9671509502923976 0.8780610380116958 0.9511604532163742 0.9214638157894737 0.960297880116959 0.9523026315789473 0.9968475877192983
0 0.4186197916666667 0.65411376953125 0.38708496093750006 0.6429239908854166 0.3758951822916667 0.61749267578125 0.38403320312500006 0.5890096028645834 0.4064127604166667 0.5737508138020834 0.4440511067708333 0.59613037109375 0.44812011718750006 0.6307169596354166 0.4369303385416667 0.6551310221354166
0 0.42370605468750006 0.76397705078125 0.3881022135416667 0.76092529296875 0.3677571614583333 0.7385457356770834 0.37487792968750006 0.7019246419270834 0.4013264973958333 0.6775105794270834 0.43896484375000006 0.6866658528645834 0.45117187500000006 0.7192179361979166 0.4471028645833333 0.74566650390625
0 0.4186197916666667 0.86773681640625 0.3850504557291667 0.8636678059895834 0.36572265625000006 0.84332275390625 0.3850504557291667 0.8026326497395834 0.4155680338541667 0.79449462890625 0.4491373697916667 0.8117879231770834 0.4491373697916667 0.8423055013020834
