0 0.1292981814381271 0.0450329222408027 0.13974968645484953 0.06920202759197329 0.13844324832775923 0.10774195234113716 0.12472564799331108 0.133217495819398 0.09075825668896324 0.141709343645485 0.05875052257525086 0.13909646739130438 0.040460388795986665 0.12407242892976593 0.022170255016722443 0.08945181856187294 0.028049226588628795 0.06266983695652177 0.053524770066889674 0.0345814172240803 0.08487928511705688 0.028049226588628795 0.11819345735785956 0.0358878553511706
0 0.41802100752508364 0.1482415342809365 0.3840536162207358 0.15346728678929766 0.3553119774247492 0.14497543896321075 0.3246106814381271 0.1266853051839465 0.31154630016722407 0.09467757107023415 0.3141591764214047 0.05679086538461543 0.33702184364548493 0.037194293478260906 0.376214987458194 0.013678407190635497 0.42847251254180596 0.03000888377926425 0.45460127508361203 0.06789558946488299 0.46243990384615385 0.10643551421404686 0.4408836747491639 0.13844324832775923
0 0.6538330894648829 0.15216084866220736 0.6094141931438127 0.14105612458193983 0.5819789924749164 0.11035482859531777 0.580672554347826 0.060710179765886316 0.6081077550167224 0.02478313127090305 0.6727764423076923 0.02086381688963214 0.7165421195652174 0.04307326505016727 0.7276468436454849 0.08422606605351175 0.7139292433110368 0.1253788670568562 0.6799618520066889 0.14628187709030105
0 0.6766957566889632 0.39777121655518394 0.6446880225752508 0.40038409280936454 0.6139867265886287 0.39189224498327757 0.5898176212374582 0.3722956730769231 0.580019335284281 0.3298364339464883 0.5924304974916388 0.2912965091973244 0.6296639841137124 0.27104671822742477 0.6590588419732442 0.26843384197324416 0.706090614548495 0.2899900710702341 0.7296065008361203 0.3350621864548495 0.7139292433110368 0.36706992056856186
0 0.41410169314381273 0.39646477842809363 0.38797293060200666 0.40038409280936454 0.34224759615384615 0.3912390259197324 0.31873170986622074 0.3651102633779264 0.31023986204013376 0.3233042433110368 0.32395746237458195 0.29194972826086957 0.36315060618729095 0.267780622909699 0.41606135033444813 0.2730063754180602 0.4519883988294314 0.3095866429765886 0.46505278010033446 0.3520458821070234 0.4428433319397993 0.38731971153846156
0 0.1158637873754153 0.5863008720930233 0.14181893687707645 0.6219892026578073 0.14506333056478407 0.6654640780730897 0.12300145348837213 0.6849304401993356 0.0950996677740864 0.6972591362126246 0.05616694352159471 0.6953125 0.033456187707641236 0.671952865448505 0.022425249169435252 0.6395089285714286 0.030211794019933597 0.6057672342192691 0.056815822259136256 0.5856519933554818 0.08861088039867113 0.581109842192691
0 0.417592400332226 0.7011524086378738 0.38125519102990035 0.7089389534883721 0.34232246677740863 0.6992057724252492 0.315718438538206 0.6797394102990033 0.3163673172757475 0.6206914451827242 0.3332381644518273 0.5953851744186047 0.362437707641196 0.5765676910299004 0.4195390365448506 0.5759188122923589 0.45392960963455153 0.6122560215946844 0.4617161544850499 0.6563797757475083 0.43576100498338877 0.6888237126245847
0 0.6933658637873754 0.7005035299003323 0.6550820182724253 0.7121833471760798 0.6122560215946844 0.7030990448504983 0.589545265780731 0.6784416528239203 0.5830564784053156 0.6323712624584718 0.5914919019933556 0.5986295681063123 0.6382111710963455 0.5720255398671097 0.682983803986711 0.5804609634551495 0.7258098006644519 0.6200425664451827 0.7277564368770765 0.6732506229235881
0 0.11246079228624534 0.8385295655204461 0.14585995585501857 0.863578938197026 0.150942437267658 0.8951629298327138 0.13932533689591078 0.9227535432156134 0.11173472351301114 0.9419943657063198 0.0710748722118959 0.9488920190520446 0.047477637081784374 0.9350967123605948 0.03041502091078066 0.9071430645910781 0.027147711431226754 0.8773742448884758 0.03513446793680297 0.8537770097583643 0.0580056342936803 0.838166531133829 0.09031569470260223 0.8323579809479554
0 0.44102328431372556 0.8408394607843136 0.4662990196078432 0.8867953431372548 0.4486825980392157 0.9327512254901961 0.41344975490196084 0.9564950980392156 0.3452818627450981 0.9526654411764705 0.3238357843137255 0.9381127450980392 0.31387867647058826 0.8944546568627451 0.31311274509803927 0.8615196078431372 0.3391544117647059 0.8255208333333333 0.3996629901960785 0.813265931372549
0 0.6861213235294117 0.9465379901960783 0.6539522058823529 0.9572610294117646 0.6141237745098038 0.9503676470588235 0.5911458333333333 0.9273897058823529 0.578890931372549 0.8982843137254901 0.5880821078431372 0.856158088235294 0.617953431372549 0.8301164215686274 0.6700367647058822 0.8201593137254901 0.7244178921568627 0.857689950980392 0.7336090686274509 0.9166666666666666
