0 0.05312776060070673 0.12973443021201414 0.039324757067137825 0.10695947438162545 0.0344937058303887 0.08142391784452299 0.03725430653710249 0.05381791077738518 0.06209971289752653 0.032423255300353365 0.09729737190812723 0.02483160335689047 0.1338753312720848 0.043465658127208484 0.14836848498233215 0.06693076413427562 0.14560788427561838 0.09108602031802121 0.13663593197879859 0.11869202738515902 0.11248067579505303 0.13870638250883394 0.08487466872791521 0.1393965326855124
0 0.32711738074204944 0.14836848498233215 0.30503257508833925 0.14077683303886926 0.28432806978798586 0.12214277826855124 0.27328566696113077 0.09522692137809188 0.27466596731448767 0.0634800132508834 0.29122957155477036 0.03794445671378094 0.32021587897526504 0.020690702296819796 0.3671460909893993 0.022071002650176696 0.3954422482332155 0.043465658127208484 0.4099354019434629 0.08004361749116609 0.3995831492932862 0.12076247791519437 0.3733574425795053 0.14629803445229683 0.34782188604240283 0.1504389355123675
0 0.35196278710247353 0.3850899955830389 0.31469467756183744 0.383709695229682 0.28984927120141346 0.3678362411660777 0.28225761925795056 0.33470903268551233 0.29468032243816256 0.29468032243816256 0.34023023409893993 0.27811671819787986 0.3768081934628975 0.29053942137809186 0.3988929991166078 0.32642723056537104 0.3878505962897526 0.3699066916961131
0 0.654938714664311 0.1393965326855124 0.6273327075971731 0.13111473056537104 0.59765625 0.11317082597173145 0.5928251987632509 0.08142391784452299 0.6004168507067138 0.05036715989399296 0.6294031581272085 0.03035280477031803 0.6825447217314488 0.040014907243816275 0.7053196775618374 0.07452241607773852 0.6977280256183745 0.12076247791519437
0 0.8916602252650176 0.14077683303886926 0.8599133171378092 0.13249503091872794 0.8447300132508834 0.11179052561837458 0.836448211130742 0.07659286660777387 0.8523216651943463 0.046226258833922285 0.8930405256183745 0.026902053886925806 0.9413510379858657 0.05105731007067138 0.9475623895759716 0.10143827296819788 0.9275480344522967 0.1338753312720848
0 0.6542485644876325 0.3885407464664311 0.6204312058303887 0.383709695229682 0.5983464001766784 0.3630051899293286 0.5921350485865724 0.33401888250883394 0.6045577517667844 0.29951137367491165 0.6356145097173145 0.27673641784452296 0.6866856227915195 0.28708867049469966 0.7039393772084805 0.32297647968197885 0.6963477252650176 0.3602445892226148 0.673572769434629 0.389921046819788
0 0.9068435291519434 0.3926816475265018 0.8668148189045936 0.3850899955830389 0.8419694125441696 0.3630051899293286 0.8378285114840989 0.33125828180212014 0.8543921157243816 0.29399017226148416 0.8888996245583038 0.27742656802120147 0.9323790856890458 0.29260987190812726 0.9537737411660777 0.33470903268551233 0.9406608878091872 0.3719771422261484
0 0.10853794642857144 0.6961495535714286 0.07728794642857144 0.6944754464285714 0.04994419642857144 0.6810825892857143 0.034319196428571425 0.6470424107142857 0.039899553571428575 0.615234375 0.06333705357142856 0.5895647321428571 0.09793526785714286 0.583984375 0.1275111607142857 0.5912388392857143 0.14481026785714285 0.6247209821428571 0.14536830357142855 0.6576450892857143 0.13253348214285715 0.6810825892857143
0 0.6721540178571428 0.7017299107142857 0.6397879464285714 0.7067522321428571 0.6018415178571428 0.6900111607142857 0.5851004464285714 0.662109375 0.5828683035714286 0.6224888392857143 0.6029575892857143 0.5884486607142857 0.6375558035714286 0.5772879464285714 0.673828125 0.5817522321428571 0.7039620535714286 0.6040736607142857 0.7112165178571428 0.642578125 0.7078683035714286 0.6771763392857143 0.6782924107142857 0.7034040178571428
0 0.8411748606687899 0.6757190485668789 0.8268685310509554 0.6527045183121019 0.8281125597133758 0.6234698447452229 0.8511270899681529 0.5892590565286624 0.8797397492038217 0.5755747412420382 0.9344770103503186 0.5886370421974523 0.9606016122611465 0.6222258160828025 0.9518934116242039 0.6769630772292994 0.9183046377388535 0.7099298367834395 0.8561032046178343 0.7012216361464969 0.8424188893312101 0.6819391918789808
0 0.8411748606687899 0.9207926950636942 0.8343327030254777 0.8928020501592357 0.8393088176751593 0.8567252189490446 0.8666774482484076 0.8324666600318471 0.9077303941082802 0.8299786027070064 0.9382090963375798 0.8498830613057324 0.9537594546178345 0.8928020501592357 0.9400751393312103 0.9288788813694269 0.9002662221337578 0.952515425955414 0.851749104299363 0.932610967356688
0 0.6551925756369428 0.9438072253184713 0.61413962977707 0.9350990246815287 0.5929911425159236 0.9046203224522293 0.5923691281847134 0.8728975915605095 0.6066754578025477 0.841796875 0.6551925756369428 0.8281125597133758 0.6931354498407643 0.8554811902866242 0.6993555931528663 0.9027542794585988 0.6813171775477707 0.9350990246815287
0 0.3366831374643875 0.9465478098290598 0.3110866274928775 0.9404269052706551 0.28549011752136755 0.919838408119658 0.2776998753561254 0.8914596688034189 0.28660300925925924 0.8541777955840455 0.3155381944444445 0.8269119480056979 0.3628360933048433 0.8347021901709402 0.3962228454415954 0.8714276175213675 0.3962228454415954 0.916499732905983 0.3750779024216524 0.9354188924501423
0 0.1123746800341297 0.9576178540955632 0.0723789462457338 0.958284449658703 0.02905023464163825 0.9362867960750852 0.013718536689419816 0.8962910622866894 0.019717896757679196 0.8449632039249146 0.061713417235494894 0.8109668302047781 0.13370573805460753 0.8242987414675768 0.15970296501706485 0.8716270264505119 0.15903636945392494 0.9242880759385664 0.1250399957337884 0.9576178540955632
