0 0.9946754092261905 0.022181919642857123 0.95166015625 0.059384300595238075 0.9632859002976191 0.11751302083333331 0.998046875 0.14093889508928575
0 0.9970005580357142 0.5732421875 0.9528227306547619 0.6092819940476191 0.9609607514880951 0.6778738839285714 0.998046875 0.701160519622093
0 0.9958379836309523 0.8092447916666666 0.9446847098214286 0.8452845982142857 0.9411969866071428 0.9220145089285714 0.998046875 0.9585608657525511
0 0.7544107472324723 0.13892412361623613 0.7817977398523985 0.13027559963099627 0.8106261531365313 0.14613122693726938 0.8214368081180812 0.17207679889298894 0.8156711254612545 0.20234663284132842 0.7825184501845018 0.2210851014760148 0.7428793819188192 0.21315728782287824 0.7277444649446494 0.18288745387453875 0.735672278597786 0.15477975092250923
0 0.7472036439114391 0.006313422509225078 0.7349515682656826 0.022889760147601468 0.7378344095940959 0.043069649446494454 0.7479243542435424 0.06469095940959409 0.7731492158671587 0.07406019372693727 0.7969326568265682 0.07117735239852398 0.812067573800738 0.05748385608856087 0.8192746771217712 0.0344211254612546 0.8171125461254612 0.009916974169741688 0.80944942972157 0.0
0 0.45486111111111105 0.4392361111111111 0.48958333333333326 0.4461805555555555 0.4965277777777778 0.47222222222222227 0.48177083333333326 0.5 0.44791666666666663 0.5008680555555555 0.4288194444444444 0.48437500000000006 0.4296875 0.4592013888888889 0.44010416666666663 0.4383680555555555
0 0.44357638888888884 0.32378472222222227 0.4809027777777778 0.3168402777777778 0.5008680555555556 0.3385416666666667 0.4835069444444444 0.375 0.4496527777777778 0.3810763888888889 0.43142361111111105 0.3585069444444445 0.43576388888888884 0.3324652777777778
0 0.4722222222222222 0.25 0.4461805555555556 0.24565972222222227 0.4305555555555556 0.2309027777777778 0.4366319444444444 0.20399305555555558 0.45138888888888884 0.19010416666666669 0.4835069444444444 0.19270833333333337 0.4991319444444444 0.21614583333333337 0.4991319444444444 0.23958333333333337
0 0.18489583333333334 0.4947916666666667 0.15538194444444445 0.5008680555555555 0.13368055555555555 0.4852430555555555 0.14062500000000003 0.46440972222222227 0.15364583333333334 0.44531250000000006 0.19010416666666666 0.4557291666666667 0.20312500000000003 0.48003472222222227
0 0.17361111111111113 0.3975694444444445 0.14756944444444445 0.3932291666666667 0.14062500000000003 0.3741319444444445 0.14236111111111113 0.3524305555555556 0.17100694444444445 0.3428819444444445 0.18923611111111113 0.3559027777777778 0.19531250000000003 0.3828125
0 0.2890625 0.3975694444444445 0.2586805555555556 0.3932291666666667 0.24826388888888887 0.37065972222222227 0.2569444444444444 0.3454861111111111 0.2803819444444444 0.3420138888888889 0.3003472222222222 0.3585069444444445 0.31076388888888884 0.3776041666666667
0 0.17274305555555555 0.2907986111111111 0.15538194444444445 0.28645833333333337 0.13802083333333334 0.2717013888888889 0.14409722222222224 0.2526041666666667 0.17187500000000003 0.2387152777777778 0.19444444444444445 0.2517361111111111 0.19357638888888887 0.27690972222222227 0.18229166666666666 0.2907986111111111
0 0.2821180555555556 0.29253472222222227 0.2569444444444444 0.2829861111111111 0.25173611111111116 0.2595486111111111 0.2647569444444444 0.24131944444444448 0.296875 0.24305555555555558 0.30295138888888884 0.2604166666666667 0.296875 0.2899305555555556
0 0.2821180555555556 0.18315972222222227 0.2534722222222222 0.1736111111111111 0.2543402777777778 0.15364583333333331 0.26822916666666663 0.1371527777777778 0.2925347222222222 0.1362847222222222 0.3055555555555556 0.14756944444444448 0.30208333333333337 0.1736111111111111 0.2899305555555556 0.1875
0 0.28125 0.08072916666666667 0.25260416666666663 0.06597222222222222 0.2508680555555556 0.04600694444444446 0.2647569444444444 0.02517361111111112 0.2899305555555556 0.02517361111111112 0.3090277777777778 0.050347222222222224 0.2960069444444444 0.08159722222222222
0 0.18489583333333334 0.07378472222222222 0.15538194444444445 0.07465277777777778 0.14409722222222224 0.06076388888888888 0.14322916666666666 0.042534722222222224 0.15364583333333334 0.022569444444444448 0.17968750000000003 0.01822916666666667 0.19270833333333334 0.042534722222222224
