0 0.9921636085626911 0.03232511467889908 0.9808151758409785 0.04008983180428134 0.9634938837920489 0.05382740825688072 0.95692373853211 0.08548356269113148 0.95692373853211 0.11236142966360856 0.9736477446483179 0.13386372324159024 0.998046875 0.14394162490858922
0 0.7263713685015291 0.042478975535168204 0.7592220948012233 0.03172782874617737 0.8022266819571865 0.0382979740061162 0.8314936926605504 0.0813025611620795 0.8219371177370031 0.11056957186544343 0.8022266819571865 0.1332664373088685 0.7711678134556574 0.13923929663608564 0.7365252293577982 0.13505829510703365 0.7150229357798165 0.1243071483180428 0.7060636467889908 0.09922113914373089 0.703674503058104 0.07831613149847096 0.7144256498470948 0.05561926605504587
0 0.2831456801470588 0.40593405330882354 0.22785500919117646 0.40665211397058826 0.19410615808823534 0.38367417279411764 0.18333524816176472 0.3384363511029412 0.20559512867647062 0.30109719669117646 0.23647173713235298 0.2809914981617647 0.273092830882353 0.2802734375 0.3147403492647059 0.3046875 0.32335707720588236 0.3441808363970588 0.3075597426470588 0.39372702205882354
0 0.47343175551470584 0.37936580882352944 0.45332605698529416 0.36213235294117646 0.4518899356617647 0.32263901654411764 0.4676872702205882 0.29248046875 0.5057444852941176 0.2759650735294118 0.548828125 0.29248046875 0.5639073988970588 0.3434627757352941 0.5502642463235294 0.37936580882352944 0.5186695772058824 0.39013671875
0 0.8102022058823529 0.37433938419117646 0.7735811121323529 0.39875344669117646 0.7161362591911764 0.3779296875 0.7010569852941176 0.34489889705882354 0.7082375919117647 0.29463465073529416 0.7527573529411764 0.2802734375 0.80517578125 0.2881721047794118 0.8288717830882353 0.32263901654411764 0.8281537224264706 0.3585420496323529
0 0.2595555278884462 0.6968687749003983 0.23465512948207173 0.6960906374501992 0.2043077689243028 0.6820841633466135 0.19574825697211157 0.6556274900398407 0.2004170816733068 0.6159424800796813 0.23465512948207173 0.5887076693227091 0.2782308266932271 0.5894858067729083 0.30935632470119523 0.6136080677290836 0.30780004980079684 0.6462898406374502 0.3015749501992032 0.6781934760956174
0 0.5054469621513945 0.7155440737051793 0.4603149900398406 0.7038720119521913 0.42996762948207173 0.6634088645418326 0.42996762948207173 0.6252801294820718 0.44319596613545814 0.6003797310756973 0.47587773904382474 0.5770356075697212 0.5272348107569722 0.5700323705179282 0.5731449203187251 0.5988234561752988 0.5848169820717132 0.6587400398406373 0.5661416832669323 0.6953125 0.5241222609561753 0.7202128984063745
0 0.4607705662393162 0.8321981837606838 0.5016693376068376 0.8171741452991453 0.5417334401709402 0.8305288461538461 0.5692775106837608 0.8572382478632479 0.5759548611111112 0.8981370192307693 0.5617654914529915 0.9423744658119659 0.5275440705128206 0.9640758547008548 0.47829861111111116 0.9615718482905984 0.44407719017094016 0.9348624465811965 0.43072248931623935 0.9023103632478633 0.4315571581196581 0.8756009615384616 0.4474158653846154 0.8438835470085471
0 0.7695980235042735 0.6944778311965812 0.7445579594017094 0.6953125 0.7178485576923077 0.6811231303418803 0.7095018696581197 0.6594217414529915 0.7103365384615385 0.6268696581196581 0.7320379273504274 0.5951522435897436 0.7837873931623932 0.585136217948718 0.8246861645299146 0.6135149572649573 0.8263555021367522 0.6544137286324787 0.8079927884615385 0.6886351495726496
0 0.8330328525641026 0.9148303952991453 0.7896300747863249 0.9407051282051282 0.7320379273504274 0.9432091346153846 0.7044938568376069 0.9114917200854701 0.7044938568376069 0.8639155982905983 0.7387152777777778 0.8296941773504274 0.7771100427350428 0.8288595085470086 0.8113314636752137 0.8497262286324787 0.8363715277777778 0.8847823183760685
0 0.9957932692307693 0.831363514957265 0.9774305555555557 0.8463875534188035 0.9615718482905983 0.8589075854700855 0.9565638354700855 0.8881209935897436 0.954894497863248 0.916499732905983 0.9707532051282052 0.945713141025641 0.998046875 0.9549929887820513
0 0.9882812500000001 0.5868055555555556 0.971587873931624 0.5993255876068376 0.9624065170940171 0.6168536324786325 0.9540598290598291 0.6552483974358975 0.9740918803418804 0.6878004807692308 0.998046875 0.6973824786324787
