0 0.5558876129518071 0.8918015813253012 0.6029508659638554 0.884742093373494 0.6488375376506024 0.8965079066265059 0.6641330948795181 0.9518072289156626 0.6323653990963856 0.9965173192771084 0.5979503953313241 0.998046875 0.5417686370481927 0.9776920180722891 0.5394154743975903 0.9400414156626505
0 0.887683546686747 0.9776920180722891 0.835913968373494 0.9941641566265059 0.790027296686747 0.9706325301204819 0.7806146460843373 0.9376882530120482 0.7935570406626506 0.8988610692771084 0.8265013177710843 0.8800357680722891 0.8712114081325302 0.8965079066265059 0.9065088478915662 0.9294521837349397
0 0.7912038780120483 0.6258942018072289 0.8182652484939759 0.6517789909638554 0.8064994352409638 0.6847232680722891 0.7688488328313252 0.6917827560240963 0.7512001129518073 0.6682511295180722 0.750023531626506 0.649425828313253 0.7606127635542168 0.6282473644578312
0 0.8947430346385543 0.6870764307228915 0.8688582454819278 0.6870764307228915 0.8512095256024097 0.6647213855421686 0.8512095256024097 0.6458960843373494 0.8676816641566265 0.6294239457831325 0.9018025225903614 0.6258942018072289 0.9112151731927711 0.6576618975903614
0 0.9829866340361446 0.6906061746987951 0.9594550075301205 0.6847232680722891 0.9429828689759037 0.6600150602409638 0.9594550075301205 0.6306005271084337 0.9959290286144578 0.6270707831325301 0.998046875 0.6937829442771056
0 0.8006165286144578 0.5376506024096386 0.7806146460843373 0.545886671686747 0.7559064382530121 0.5352974397590361 0.7476703689759037 0.5117658132530121 0.7570830195783134 0.48823418674698793 0.7864975527108433 0.47999811746987947 0.8112057605421688 0.49176393072289154 0.8159120858433735 0.5258847891566265
0 0.7923804593373494 0.454113328313253 0.7606127635542168 0.45058358433734935 0.7417874623493976 0.4258753765060241 0.7512001129518073 0.39763742469879515 0.7782614834337349 0.38587161144578314 0.8076760165662651 0.40234375 0.8123823418674698 0.43881777108433734
0 0.887683546686747 0.4447006777108434 0.8559158509036144 0.4447006777108434 0.841796875 0.4282285391566265 0.8453266189759037 0.3870481927710843 0.8735645707831325 0.3811652861445783 0.9029791039156627 0.4070500753012048
0 0.9759271460843373 0.448230421686747 0.9512189382530121 0.43881777108433734 0.9406297063253013 0.4105798192771084 0.9500423569277108 0.38587161144578314 0.9747505647590362 0.3846950301204819 0.998046875 0.3950489457831325 0.9935758659638554 0.44940700301204817
0 0.8923898719879517 0.5447100903614458 0.8547392695783134 0.5482398343373494 0.8382671310240963 0.5188253012048193 0.8453266189759037 0.4847044427710843 0.8735645707831325 0.4788215361445783 0.8970961972891567 0.48705760542168675 0.9159214984939759 0.5270613704819277
