0 0.6100103539156627 0.6823701054216867 0.5747129141566265 0.6694277108433735 0.5570641942771084 0.6447195030120482 0.5582407756024097 0.6058923192771084 0.5782426581325302 0.5847138554216867 0.6076571912650603 0.5729480421686747 0.6558970256024097 0.5823606927710843 0.6794286521084338 0.6188347138554217 0.6723691641566265 0.6647213855421686 0.6429546310240963 0.6823701054216867
0 0.5464749623493976 0.7576713102409638 0.5076477786144578 0.7694371234939759 0.46176110692771083 0.7494352409638554 0.45940794427710846 0.7176675451807228 0.457054781626506 0.6764871987951807 0.4970585466867469 0.655308734939759 0.5441217996987953 0.6600150602409638 0.5700065888554218 0.689429593373494 0.5723597515060241 0.7376694277108433
0 0.4182275978915662 0.7576713102409638 0.3864599021084338 0.7576713102409638 0.3582219503012048 0.7423757530120482 0.35351562499999994 0.7153143825301205 0.3570453689759036 0.6870764307228915 0.3994022966867469 0.672957454819277 0.43352315512048195 0.6941359186746987 0.4464655496987952 0.7270801957831324
0 0.4017554593373494 0.6635448042168675 0.37234092620481923 0.6564853162650602 0.347632718373494 0.6258942018072289 0.35233904367469876 0.6000094126506024 0.38175357680722893 0.5776543674698795 0.4182275978915662 0.5811841114457831 0.44175922439759036 0.6047157379518072 0.43469973644578314 0.6400131777108433
0 0.4088149472891566 0.557652484939759 0.37822383283132527 0.5588290662650602 0.3570453689759036 0.5364740210843373 0.35233904367469876 0.5047063253012049 0.3582219503012048 0.47646837349397586 0.3852833207831325 0.46470256024096385 0.42646366716867473 0.4635259789156626 0.45234845632530124 0.4988234186746988 0.4464655496987952 0.5388271837349398
0 0.30056946536144574 0.557652484939759 0.2688017695783133 0.557652484939759 0.23703407379518077 0.5388271837349398 0.2252682605421687 0.5011765813253012 0.24409356174698799 0.47176204819277107 0.2699783509036145 0.4529367469879518 0.31821818524096385 0.4623493975903614 0.33351374246987947 0.49176393072289154 0.33351374246987947 0.5329442771084337
0 0.30762895331325296 0.7506118222891566 0.2793910015060241 0.764730798192771 0.24762330572289154 0.7635542168674698 0.2335043298192771 0.7376694277108433 0.23821065512048195 0.7106080572289156 0.2629188629518073 0.6964890813253012 0.29115681475903615 0.701195406626506 0.3064523719879518 0.7247270331325301
0 0.2864504894578313 0.6776637801204819 0.2523296310240964 0.6753106174698795 0.2335043298192771 0.6423663403614458 0.23703407379518077 0.6094220632530121 0.28292074548192775 0.6058923192771084 0.3217479292168675 0.6306005271084337
0 0.17585184487951805 0.551769578313253 0.15114363704819284 0.5447100903614458 0.13467149849397592 0.5211784638554217 0.13467149849397592 0.49529367469879515 0.14996705572289154 0.47176204819277107 0.18644107680722893 0.4741152108433735 0.2064429593373494 0.523531626506024
0 0.0829019201807229 0.5388271837349398 0.044074736445783136 0.5411803463855421 0.025249435240963902 0.517648719879518 0.03113234186746988 0.49058734939759036 0.052310805722891596 0.47176204819277107 0.08525508283132527 0.4847044427710843 0.10172722138554219 0.5164721385542168
0 0.18644107680722893 0.2823324548192771 0.16879235692771083 0.3070406626506024 0.11702277861445781 0.3058640813253012 0.08996140813253012 0.2788027108433735 0.08407850150602408 0.24115210843373497 0.10172722138554219 0.20938441265060243 0.13231833584337355 0.19291227409638556 0.17820500753012053 0.1987951807228916 0.2076195406626506 0.23526920180722893
0 0.0829019201807229 0.0034826807228916087 0.08878482680722893 0.03642695783132534 0.11466961596385544 0.06937123493975908 0.15702654367469876 0.06701807228915667 0.19703030873493982 0.03642695783132534 0.1993834713855422 0.002306099397590404
0 0.28409732680722893 0.19291227409638556 0.2335043298192771 0.18232304216867473 0.20056005271084337 0.1482021837349398 0.20056005271084337 0.10937500000000004 0.23585749246987947 0.07290097891566269 0.29115681475903615 0.08113704819277112 0.31821818524096385 0.11761106927710847 0.30998211596385544 0.16585090361445787
0 0.36292827560240964 0.29292168674698793 0.33351374246987947 0.29292168674698793 0.3111586972891566 0.27174322289156627 0.30174604668674704 0.23997552710843376 0.32527767319277107 0.21291415662650606 0.36292827560240964 0.201148343373494 0.3911662274096385 0.22585655120481932 0.4029320406626506 0.2599774096385542
0 0.4288168298192771 0.1776167168674699 0.3994022966867469 0.16820406626506026 0.3758706701807229 0.14467243975903618 0.3746940888554217 0.10819841867469883 0.4005788780120482 0.08701995481927714 0.4441123870481927 0.08113704819277112 0.47705666415662645 0.1234939759036145 0.46176110692771083 0.16232115963855426
0 0.2970397213855422 0.0 0.3311605798192771 0.04348644578313257 0.37351750753012053 0.06937123493975908 0.4182275978915662 0.06113516566265065 0.4558782003012048 0.0
0 0.7923804593373494 0.0 0.7947336219879517 0.04466302710843377 0.8041462725903614 0.08584337349397594 0.8453266189759037 0.09760918674698799 0.8912132906626506 0.08584337349397594 0.9100385918674698 0.05054593373493979 0.8923898719879517 0.0
0 0.5853021460843373 0.0034826807228916087 0.5900084713855422 0.025837725903614498 0.600597703313253 0.04230986445783136 0.6241293298192772 0.04348644578313257 0.6453077936746989 0.025837725903614498 0.6429546310240963 0.0034826807228916087
0 0.6735457454819278 0.0 0.6829583960843373 0.03054405120481932 0.698253953313253 0.04466302710843377 0.7229621611445782 0.04348644578313257 0.7547298569277108 0.0
0 0.6029508659638554 0.14467243975903618 0.588831890060241 0.13643637048192775 0.5711831701807228 0.12231739457831328 0.5770660768072289 0.09407944277108438 0.600597703313253 0.07290097891566269 0.6358951430722892 0.07996046686746992 0.6500141189759037 0.10466867469879522 0.6394248870481929 0.14467243975903618
0 0.7170792545180724 0.15055534638554222 0.6876647213855422 0.14114269578313257 0.6770754894578312 0.10584525602409642 0.6888413027108433 0.08819653614457836 0.7253153237951808 0.08466679216867473 0.7429640436746987 0.10584525602409642
0 0.7206089984939759 0.24468185240963858 0.6911944653614459 0.24350527108433737 0.6735457454819278 0.21762048192771088 0.6794286521084338 0.1987951807228916 0.7029602786144578 0.1799698795180723 0.7276684864457832 0.18467620481927713 0.7464937876506024 0.21644390060240967
0 0.6300122364457832 0.2493881777108434 0.5900084713855422 0.23879894578313254 0.5758894954819278 0.20350150602409642 0.5982445406626506 0.1729103915662651 0.6264824924698795 0.18349962349397594 0.6453077936746989 0.2270331325301205
