0 0.1685956790123457 0.8485339506172839 0.1689043209876543 0.8457561728395061 0.17114197530864197 0.84375 0.17438271604938269 0.8433641975308641 0.17662037037037037 0.8452932098765431 0.1771604938271605 0.8484567901234567 0.17492283950617282 0.8512345679012344 0.17260802469135803 0.8515432098765431 0.17006172839506173 0.8506944444444444
0 0.18364197530864199 0.848148148148148 0.1837962962962963 0.846219135802469 0.18492863140218305 0.8444059613769942 0.18697523089840468 0.8434613769941226 0.18970403022670027 0.8437762384550797 0.19112090680100755 0.8461901763224182 0.19117338371116707 0.8484991603694374 0.18954659949622163 0.8506507136859782 0.1864504617968094 0.8511754827875734 0.18461376994122583 0.8498635600335852
0 0.16860831234256926 0.8213161209068011 0.16860831234256926 0.8196893366918556 0.16981528127623846 0.8180625524769102 0.1720193115029387 0.8170130142737196 0.17490554156171284 0.8181675062972292 0.1754303106633081 0.8211586901763224 0.17401343408900086 0.8235726280436608 0.17102225020990763 0.8240973971452561 0.16918555835432408 0.8229953820319059
0 0.1878673383711167 0.821998320738875 0.18781486146095716 0.8201616288832914 0.1885495382031906 0.8182724601175483 0.19096347607052896 0.8174853064651554 0.19306255247691018 0.8190071368597817 0.1933249370277078 0.8216309823677581 0.19127833753148613 0.8234676742233418 0.18923173803526447 0.8234676742233418
0 0.1690281276238455 0.805363140218304 0.16950041981528124 0.8034739714525608 0.17133711167086485 0.8024244332493703 0.17348866498740553 0.8026868178001679 0.17506297229219142 0.8046809403862301 0.1744857262804366 0.8074097397145257 0.17285894206549116 0.8084068010075566 0.17049748110831237 0.8079345088161208 0.16944794290512172 0.8069899244332495
0 0.18731660798122063 0.8061546361502349 0.18753667840375585 0.8040272887323945 0.18937059859154928 0.8025601525821597 0.1919380868544601 0.8029269366197184 0.1933318661971831 0.8049809272300469 0.19208480046948356 0.8078418427230047 0.18907717136150234 0.8086487676056339
0 0.18262453007518795 0.7862429511278196 0.18285949248120298 0.7844415726817041 0.1845042293233083 0.7828359962406014 0.1865405701754386 0.7826010338345865 0.18849859022556392 0.7839716478696741 0.1884202694235589 0.7866345551378446 0.1866972117794486 0.7883967731829573 0.18399514411027568 0.7882401315789473 0.1828986528822055 0.7871828007518796
0 0.1772203947368421 0.7737899436090224 0.17749451754385964 0.7721843671679197 0.17937421679197996 0.7712445175438596 0.18129307644110274 0.7715969611528822 0.18195880325814537 0.7738291040100249 0.18109727443609022 0.7756304824561404 0.17866932957393483 0.7757871240601504 0.17745535714285712 0.7748472744360902
0 0.1659421992481203 0.7743381892230575 0.1660205200501253 0.7726151315789473 0.16711701127819548 0.7714403195488722 0.1688792293233083 0.7712445175438596 0.170249843358396 0.7718319235588972 0.17071976817042606 0.7740249060150375 0.17005404135338342 0.7757088032581454 0.1679002192982456 0.7761004072681704 0.1664512844611529 0.7754738408521303
0 0.16597682119205298 0.762141280353201 0.1661492825607064 0.7607270971302429 0.16666666666666666 0.7599337748344371 0.16821881898454744 0.7592439293598234 0.17004690949227372 0.7597613134657837 0.17056429359823397 0.7612444812362031 0.17039183222958054 0.7630380794701987 0.16887417218543044 0.7640383554083886 0.16690811258278146 0.7640728476821192 0.1663217439293598 0.7631760485651214
0 0.17732477924944812 0.7620378035320089 0.17746274834437084 0.7605891280353202 0.1784975165562914 0.7593474061810155 0.18046357615894038 0.7593818984547461 0.18142935982339956 0.7600372516556292 0.1819467439293598 0.7611065121412804 0.18173979028697568 0.7630725717439294 0.1802221302428256 0.7639693708609272 0.17866997792494477 0.7639003863134658 0.1777386865342163 0.763451986754967
0 0.11455138036809823 0.8166858384458077 0.11435966257668714 0.8139378834355829 0.11557387525562376 0.8110621165644171 0.11928041922290394 0.8093366564417178 0.12279524539877305 0.8100396216768916 0.1250958588957056 0.8129153885480573 0.12458461145194277 0.8173248977505113 0.12170884458077713 0.8198172290388549 0.11781058282208595 0.8199450408997955 0.11570168711656445 0.8185391104294478
0 0.14009990917347867 0.6580949137148047 0.14009990917347867 0.6556539509536785 0.14151907356948232 0.6529291553133515 0.14390326975476841 0.6513964577656676 0.14708219800181654 0.6513964577656676 0.15048819255222523 0.6533265213442324 0.15156675749318801 0.6565054495912807 0.15026112624886467 0.6604791099000907 0.14742279745685744 0.6626362397820164 0.14265440508628519 0.662465940054496 0.14083787465940056 0.6602520435967302
0 0.1405540417801998 0.6439032697547683 0.1406675749318801 0.641405540417802 0.1420299727520436 0.6387942779291553 0.1441871026339691 0.637545413260672 0.1475363306085377 0.637148047229791 0.15082879200726612 0.6393619436875568 0.15156675749318801 0.6436762034514077 0.14980699364214353 0.6469118982742961 0.14600363306085376 0.6486716621253406 0.1423705722070845 0.6478769300635785 0.14106494096276112 0.6457198001816531
0 0.07936030982905982 0.5460403311965811 0.07929353632478632 0.5443709935897435 0.08009481837606838 0.543102297008547 0.08209802350427349 0.5421674679487178 0.08423477564102563 0.5425013354700855 0.08530315170940171 0.5440371260683761 0.0851696047008547 0.5463074252136751 0.08356704059829059 0.5480435363247863 0.08082932692307693 0.5476428952991452
0 0.07949385683760682 0.5325520833333333 0.07962740384615383 0.5305488782051282 0.08069577991452992 0.5294137286324786 0.08269898504273505 0.5286124465811965 0.08476896367521367 0.529079861111111 0.08590411324786325 0.5315504807692307 0.08490251068376067 0.5338875534188035 0.08269898504273505 0.5351562499999999 0.08069577991452992 0.5343549679487178
0 0.07962740384615383 0.519664797008547 0.07969417735042733 0.5175280448717948 0.08149706196581195 0.5155248397435896 0.08430154914529914 0.5157251602564102 0.08577056623931624 0.5179286858974358 0.08416800213675213 0.5208667200854701 0.08169738247863247 0.5215344551282051
0 0.09498530982905982 0.5191306089743589 0.09498530982905982 0.5173944978632478 0.0959201388888889 0.5160590277777777 0.09805689102564101 0.5154580662393162 0.10026041666666666 0.5163928952991452 0.10106169871794872 0.5184628739316238 0.10026041666666666 0.520733173076923 0.09839075854700856 0.5216680021367521 0.09578659188034189 0.5210670405982906
0 0.09518563034188032 0.5321514423076923 0.09518563034188032 0.5302817841880342 0.09672142094017094 0.5287459935897435 0.09952590811965811 0.529079861111111 0.10106169871794872 0.5308827457264956 0.10039396367521367 0.5336204594017094 0.09852430555555557 0.5348223824786325 0.0960536858974359 0.5342881944444444
0 0.09518563034188032 0.5457064636752136 0.09511885683760682 0.5440371260683761 0.09571981837606838 0.5425013354700855 0.0978565705128205 0.5419671474358975 0.09985977564102563 0.5423677884615384 0.10099492521367522 0.5447716346153846 0.10059428418803418 0.5463741987179486 0.09959268162393162 0.5475093482905983 0.09765624999999999 0.5479767628205128 0.09571981837606838 0.5474425747863247
0 0.11402027027027027 0.5461398898898899 0.11427052052052053 0.5446383883883883 0.11527152152152152 0.5431994494494494 0.11752377377377378 0.5428866366366366 0.11908783783783783 0.5435122622622622 0.11921296296296295 0.5462024524524525 0.11827452452452453 0.5477039539539539 0.11520895895895895 0.5477665165165165
0 0.11420795795795795 0.5350037537537538 0.11439564564564565 0.533252002002002 0.11577202202202201 0.5321884384384384 0.11752377377377378 0.5320633133133134 0.11908783783783783 0.5333145645645646 0.1186498998998999 0.5361298798798798 0.11683558558558559 0.5370057557557557 0.11495870870870872 0.5367555055055055
0 0.11427052052052053 0.5241804304304304 0.11427052052052053 0.5226789289289289 0.11508383383383382 0.5214276776776776 0.1171483983983984 0.520802052052052 0.11896271271271272 0.5217404904904904 0.1188375875875876 0.524242992992993 0.11839964964964965 0.5252439939939939 0.11677302302302302 0.5255568068068067 0.11539664664664666 0.5254316816816816
0 0.12609484484484484 0.5345032532532533 0.12647022022022023 0.5330643143143143 0.12790915915915915 0.5318756256256256 0.1306619119119119 0.5323135635635635 0.13141266266266266 0.5339401901901901 0.13091216216216214 0.536255005005005 0.1288475975975976 0.537256006006006 0.126783033033033 0.5365052552552553
0 0.12628253253253252 0.5233045545545545 0.12703328328328328 0.521677927927928 0.1288475975975976 0.5209271771771772 0.13047422422422425 0.5215528028028028 0.13122497497497496 0.5231794294294294 0.13034909909909909 0.5251814314314315 0.1284722222222222 0.5259321821821822 0.12647022022022023 0.5251188688688688
0 0.12600027593818983 0.5115549116997793 0.12669012141280353 0.5099682671081678 0.12903559602649006 0.5094853752759382 0.13103614790286974 0.5105891280353202 0.13096716335540837 0.5130725717439294 0.1291045805739514 0.5142453090507726 0.12689707505518763 0.5136934326710817
0 0.11423992673992674 0.5011446886446886 0.11423992673992674 0.4993894993894994 0.11576617826617827 0.4981684981684981 0.11843711843711845 0.4982448107448107 0.11912393162393163 0.5010683760683761 0.11782661782661784 0.5031288156288156 0.11538461538461538 0.5028235653235653
0 0.12644993894993894 0.5012973137973139 0.1262973137973138 0.4998473748473748 0.12728937728937728 0.4983974358974359 0.12912087912087913 0.4979395604395605 0.13102869352869354 0.4991605616605618 0.13102869352869354 0.5012210012210012 0.13011294261294262 0.5026709401709402 0.12789987789987792 0.5030525030525029
0 0.14486434108527133 0.5462088178294574 0.14510658914728683 0.5438468992248062 0.1474079457364341 0.54203003875969 0.14970930232558138 0.5421511627906976 0.15134447674418602 0.5435440891472869 0.1515261627906977 0.5461482558139535 0.14958817829457363 0.5479045542635659 0.14662063953488372 0.5481468023255814
0 0.14486511752136755 0.5326188568376068 0.14479834401709402 0.5308159722222222 0.14653445512820515 0.5290130876068375 0.14993990384615385 0.528812767094017 0.15167601495726496 0.5310162927350427 0.15067441239316237 0.5342214209401709 0.1478031517094017 0.5348891559829059
0 0.14533253205128205 0.5193977029914529 0.14533253205128205 0.5174612713675213 0.14686832264957264 0.5158587072649572 0.14913862179487178 0.5153245192307692 0.15127537393162394 0.5167935363247863 0.15140892094017094 0.5187967414529915 0.1505408653846154 0.5206663995726495 0.1490718482905983 0.5214009081196581 0.14653445512820515 0.5210670405982906
0 0.14191857298474944 0.5008510348583878 0.14195261437908493 0.49959150326797386 0.14253131808278865 0.4987745098039216 0.1437568082788671 0.4983319716775599 0.14470996732026142 0.49857026143790845 0.14535675381263616 0.49962554466230935 0.14508442265795204 0.5009531590413944 0.14413126361655776 0.5017701525054467 0.14256535947712418 0.5017701525054467
0 0.15046296296296297 0.5004765795206971 0.15053104575163398 0.4993872549019608 0.1511097494553377 0.4984000544662309 0.15253948801742917 0.49819580610021785 0.15379901960784315 0.498740468409586 0.15407135076252723 0.5000340413943355 0.1531181917211329 0.5016680283224401 0.15145016339869283 0.5018041938997821 0.15049700435729846 0.5014297385620915
0 0.09490740740740748 0.5059399021663172 0.09547519217330545 0.5034067085953879 0.09696016771488476 0.5023148148148149 0.09875087351502453 0.5021837875611461 0.09979909154437464 0.5028389238294899 0.10062893081761012 0.5043675751222921 0.10062893081761012 0.506114605171209 0.09962438853948295 0.5075122292103424 0.09761530398322858 0.5082110412299092 0.09586827393431176 0.5076432564640112
0 0.09491895261845387 0.49272651704073156 0.09517871986699918 0.49023275145469664 0.09652950955943475 0.4891936824605154 0.09886741479634246 0.4888300083125519 0.10047797173732335 0.49007689110556946 0.10089359933499585 0.49231088944305906 0.0996467165419784 0.49454488778054867 0.09741271820448878 0.49459684123025766 0.09549044056525355 0.49397339983374894
0 0.07948877805486285 0.49236284289276805 0.0798004987531172 0.4907522859517872 0.08068370739817123 0.48940149625935164 0.08270989193682461 0.488881961762261 0.08426849542809643 0.4891936824605154 0.08535951787198671 0.4907003325020781 0.08525561097256858 0.49309019118869496 0.08395677472984207 0.4944409808811306 0.08187863674147963 0.49490856192851207 0.08052784704904405 0.4940773067331671
0 0.09533458021612634 0.4796342477140483 0.0952826267664173 0.47719243557772234 0.09673732335827098 0.47589359933499586 0.09943890274314215 0.47573773898586863 0.10089359933499585 0.47817955112219457 0.10011429758935993 0.4807772236076476 0.09829592684954282 0.4814006650041563 0.09652950955943475 0.481140897755611
0 0.12629329734592892 0.48928812415654516 0.12688371569950518 0.48768556005398106 0.12800832208726945 0.4867858749437696 0.12958277103013946 0.4868139901034637 0.13070737741790373 0.487910481331534 0.1309041835357625 0.4895411605937921 0.13008884390463338 0.490806342780027 0.12865497076023394 0.4912843004948268 0.12691183085919927 0.49086257309941517
0 0.12387539361223573 0.4921839856050382 0.1242690058479532 0.4911999550157445 0.12514057579847052 0.49063765182186236 0.12646198830409355 0.4910312640575798 0.12702429149797573 0.49181848852901483 0.12677125506072873 0.4931680161943319 0.1257309941520468 0.49370220422851996 0.1245501574448943 0.49333670715249656
0 0.13115721997300941 0.49246513720197926 0.13129779577147996 0.491340530814215 0.13197255960413856 0.49075011246063877 0.13306905083220874 0.4908344579397211 0.1338562753036437 0.4916216824111561 0.1338843904633378 0.49313990103463784 0.1325910931174089 0.49350539811066124 0.1316632928475034 0.4934210526315789
0 0.19983646188850965 0.6183518202502845 0.19983646188850965 0.6145122298065984 0.20168515358361774 0.6111703640500569 0.2054536405005688 0.6091794653014789 0.2105730944254835 0.6099616040955631 0.21348833902161546 0.6130901592718999 0.21348833902161546 0.6179251990898749 0.21071530147895332 0.6213381683731514 0.20673350398179746 0.6224047212741752 0.2016140500568828 0.6211959613196815
0 0.19914215686274517 0.5914522058823529 0.19921875000000008 0.5870098039215687 0.20289522058823536 0.5831035539215687 0.20802696078431382 0.5818780637254901 0.21315870098039222 0.5843290441176471 0.21430759803921576 0.5893841911764707 0.2126991421568628 0.5943627450980392 0.2077205882352942 0.596890318627451 0.20258884803921576 0.5951286764705882
0 0.20197610294117652 0.5652573529411764 0.20205269607843146 0.5608149509803921 0.20458026960784317 0.5579044117647058 0.20925245098039222 0.5570618872549019 0.21239276960784317 0.5589001225490197 0.2135416666666667 0.5631893382352942 0.2116268382352942 0.5676317401960784 0.20749080882352947 0.5693167892156863 0.20442708333333343 0.5682444852941176
0 0.22833029197080293 0.5915450121654502 0.22810218978102198 0.586830900243309 0.2300790754257908 0.5840176399026764 0.23486922141119226 0.5831812652068126 0.23882299270073 0.5852341849148418 0.2400395377128954 0.5892639902676399 0.2387469586374696 0.5941301703163017 0.23426094890510957 0.5956508515815085 0.22985097323600978 0.5938260340632603
0 0.2601117886178862 0.6178353658536586 0.2602134146341464 0.613668699186992 0.26356707317073175 0.6098069105691056 0.26864837398373986 0.6089939024390244 0.2734247967479675 0.6121443089430896 0.273729674796748 0.6184451219512196 0.26976626016260163 0.623018292682927 0.2654979674796748 0.6232215447154472 0.26133130081300815 0.6222052845528456
0 0.26153455284552846 0.5914126016260163 0.26133130081300815 0.5869410569105692 0.2642784552845529 0.5840955284552846 0.2696646341463415 0.5835873983739839 0.27281504065040657 0.5879573170731707 0.27159552845528456 0.5935467479674796 0.26600609756097565 0.5955792682926829 0.26326219512195126 0.5940548780487805
0 0.2607215447154472 0.5652947154471546 0.26051829268292687 0.5609247967479676 0.26346544715447157 0.5570630081300814 0.2698678861788618 0.5565548780487806 0.2736280487804878 0.5609247967479676 0.2732215447154472 0.5667174796747969 0.26854674796747974 0.5698678861788619 0.26356707317073175 0.5699695121951219 0.2617378048780488 0.5678353658536586
0 0.28645833333333326 0.6180059523809524 0.28675595238095236 0.6142361111111111 0.28874007936507934 0.6109623015873015 0.2927083333333333 0.6091765873015873 0.29816468253968254 0.6109623015873015 0.30004960317460316 0.6161210317460317 0.2984623015873016 0.6214781746031746 0.2939980158730159 0.6234623015873015 0.28913690476190473 0.6225694444444444
0 0.2876403664302601 0.5906841016548463 0.28815750591016553 0.5869163711583925 0.29177748226950356 0.5841090425531915 0.296875 0.5849216903073285 0.29886968085106386 0.5886894208037825 0.297835401891253 0.5931220449172576 0.2948803191489362 0.5952644799054373 0.291408096926714 0.5952644799054373 0.2889701536643026 0.5934914302600474
0 0.2866060874704492 0.5641622340425532 0.2866060874704492 0.5610593971631206 0.2888223995271868 0.5578088061465721 0.29288563829787234 0.5563312647754137 0.29739213947990545 0.5575871749408985 0.2998300827423168 0.5614287825059102 0.2994606973995272 0.5663046690307328 0.29554521276595747 0.5697768912529552 0.2912603427895981 0.5695552600472814 0.28786199763593384 0.5675605791962175
0 0.28759057971014496 0.5331622383252818 0.2872886473429952 0.5293377616747182 0.2901066827697263 0.5256139291465378 0.2944343800322061 0.5246074879227053 0.29846014492753625 0.5277274557165862 0.2990640096618358 0.5321557971014492 0.29544082125603865 0.5365841384863125 0.2909118357487923 0.536382850241546
0 0.2873892914653784 0.5054851046698874 0.28759057971014496 0.5008554750402576 0.291213768115942 0.4980374396135266 0.2961453301127214 0.4984400161030596 0.29886272141706927 0.5016606280193238 0.29846014492753625 0.5076992753623188 0.29342793880837365 0.5097121578099839 0.28950281803542677 0.5085044283413849
0 0.26132246376811596 0.532457729468599 0.2612218196457327 0.5285326086956522 0.26353663446054754 0.5250100644122384 0.26967592592592593 0.5249094202898551 0.27289653784219003 0.5289351851851852 0.27158816425120774 0.5341686795491143 0.2677636876006442 0.5360809178743962 0.2634359903381643 0.5352757648953301
0 0.26132246376811596 0.5049818840579711 0.2612218196457327 0.501761272141707 0.2647443639291465 0.49813808373590984 0.27068236714975846 0.49884259259259267 0.2725946054750403 0.5028683574879227 0.2718900966183575 0.5069947665056361 0.2679649758454106 0.5097121578099839 0.26393921095008055 0.5093095813204509 0.26202697262479874 0.5075986312399355
0 0.22770061728395063 0.5306327160493826 0.22824074074074077 0.5276234567901233 0.2306327160493827 0.5254629629629629 0.23449074074074075 0.5245370370370369 0.2375 0.5256172839506172 0.23950617283950615 0.5282407407407407 0.2396604938271605 0.5316358024691358 0.2375 0.5354938271604938 0.23364197530864197 0.5361882716049382 0.22962962962962963 0.5348765432098764 0.22800925925925924 0.5324074074074073
0 0.2271604938271605 0.5066358024691358 0.2266975308641975 0.503395061728395 0.22754629629629627 0.5001543209876542 0.2298611111111111 0.49791666666666656 0.23302469135802467 0.49675925925925923 0.2373456790123457 0.4972222222222222 0.24035493827160492 0.5004629629629629 0.24112654320987653 0.5043981481481481 0.23958333333333334 0.5082561728395061 0.23688271604938269 0.5103395061728394 0.23240740740740742 0.5106481481481481 0.22901234567901235 0.5091049382716049
0 0.2035818713450293 0.5084064327485381 0.2014802631578948 0.5055738304093568 0.20120614035087725 0.5022843567251463 0.20413011695906438 0.49826388888888895 0.20842470760233928 0.4970760233918129 0.21207967836257316 0.49890350877192985 0.21372441520467844 0.502375730994152 0.2127192982456141 0.5070358187134503 0.2104349415204679 0.5095029239766082 0.20696271929824567 0.5099597953216375
0 0.1771108179419525 0.5150065963060686 0.17678100263852242 0.512697889182058 0.17793535620052772 0.5103891820580475 0.18117854001759015 0.5088500439753738 0.1844217238346526 0.5096196130167107 0.18634564643799473 0.5123680738786279 0.18557607739665785 0.5162708883025505 0.18216798592788042 0.5183047493403694 0.1788698328935796 0.5172603342128409
0 0.17628627968337732 0.49813104661389623 0.17705584872471417 0.4954925241864556 0.17991424802110817 0.49384344766930527 0.18376209322779244 0.4940083553210203 0.1861807387862797 0.4965369393139842 0.1859608619173263 0.4995602462620932 0.18392700087950745 0.5023087071240107 0.18123350923482848 0.5026385224274407 0.17716578715919087 0.5010444151275286
0 0.17723736906962412 0.4850007701786815 0.17665973505853355 0.48288277880468267 0.17739140480591495 0.4805722427603204 0.17977895871842267 0.4788008317929759 0.1829752002464572 0.4784157424522489 0.18505468268638323 0.4799175908810844 0.18624845964263712 0.48238216266173745 0.18547828096118296 0.4855013863216266 0.1829752002464572 0.4872342883548983 0.1792013247073321 0.48673367221195313 0.17785351201478744 0.48600200246457176
0 0.22165570175438593 0.4839912280701754 0.22165570175438593 0.481140350877193 0.2238486842105263 0.4787828947368421 0.22708333333333333 0.4782894736842105 0.23004385964912283 0.47966008771929824 0.23103070175438595 0.4831140350877193 0.2289473684210526 0.48662280701754385 0.2258223684210526 0.4875 0.22297149122807014 0.48623903508771926
0 0.23783416875522134 0.48585004177109437 0.2378863826232247 0.483657059314954 0.23950501253132833 0.4820906432748538 0.2419590643274854 0.48109857978279025 0.24436090225563906 0.4825083542188805 0.24477861319966585 0.48595446950710103 0.2430033416875522 0.4880430242272347 0.2402882205513784 0.4880952380952381
0 0.20339576962283384 0.47040647298674815 0.20256753312945974 0.46785805300713545 0.2031409276248726 0.46505479102956165 0.20537079510703365 0.4631434760448521 0.20785550458715596 0.4624426605504588 0.21034021406727826 0.46416284403669733 0.21148700305810397 0.4674120795107033 0.20995795107033638 0.47085244648318036 0.2065175840978593 0.47206294597349635
0 0.20224898063200816 0.45365061162079506 0.2020578491335372 0.45142074413863403 0.2035869011213048 0.4486174821610602 0.20613532110091745 0.44753440366972486 0.20849260958205912 0.44753440366972486 0.21110474006116206 0.4499554026503569 0.21142329255861364 0.4533957696228339 0.20976681957186544 0.4563264525993884 0.20619903160040773 0.4568361365953109 0.20352319062181445 0.45588047910295626
0 0.23780864197530865 0.47461419753086415 0.23780864197530865 0.47214506172839504 0.23996913580246912 0.46983024691358016 0.24320987654320989 0.46990740740740733 0.24544753086419752 0.4729166666666666 0.24320987654320989 0.4768518518518518 0.23973765432098765 0.47669753086419747
0 0.23881172839506173 0.46404320987654313 0.23781446540880505 0.4619889937106918 0.23844339622641508 0.4599842767295598 0.24056603773584906 0.458372641509434 0.24264937106918238 0.4582547169811321 0.24414308176100627 0.4594732704402516 0.24500786163522012 0.4613993710691824 0.24418238993710692 0.46422955974842767 0.24182389937106918 0.4652908805031446
0 0.22158243887895054 0.46956991651759095 0.2211352116875373 0.4678555456171735 0.22202966607036378 0.46457587954680984 0.2245639534883721 0.46297331544424575 0.2272845855694693 0.46252608825283253 0.22937164579606437 0.4637186940966011 0.2307505963029219 0.46591756112104954 0.23063878950506858 0.4691599582587955 0.2287008050089446 0.47143336314847945 0.2263155933214073 0.4720669350029815 0.22348315444245676 0.47139609421586165
0 0.22173151460942156 0.45455053667262973 0.22173151460942156 0.4509727191413238 0.22370676803816336 0.4486993142516399 0.22560748360166968 0.4475812462731068 0.2282908467501491 0.4475812462731068 0.2303033691115087 0.44966830649970185 0.23082513416815742 0.4526498211091235 0.22985614192009546 0.4554449910554562 0.227172778771616 0.45671213476446043 0.22389311270125223 0.45615310077519383
0 0.17842432950191578 0.4515565134099617 0.17717911877394643 0.44973659003831423 0.17732279693486597 0.44633620689655173 0.17971743295019163 0.44394157088122604 0.18273467432950197 0.44351053639846744 0.18584770114942537 0.44509099616858244 0.1864224137931035 0.4494492337164752 0.1851772030651342 0.45251436781609206 0.1805795019157089 0.4528017241379311
0 0.1742915465898175 0.4367795389048991 0.17363112391930835 0.43479827089337175 0.17543227665706052 0.4317963496637847 0.17861431316042267 0.43131604226705084 0.18077569644572525 0.4338376560999039 0.18011527377521616 0.43743996157540826 0.17657300672430357 0.4381003842459173
0 0.17507204610951008 0.4259726224783862 0.1738712776176753 0.4236911623439001 0.1752521613832853 0.42056916426512964 0.1784942363112392 0.4196085494716619 0.18089577329490875 0.4218900096061479 0.1802353506243996 0.42591258405379445 0.1768131604226705 0.4269932756964457
0 0.17775900900900898 0.3223536036036036 0.17646396396396394 0.3188063063063063 0.17708333333333334 0.31475225225225223 0.180518018018018 0.31221846846846846 0.18524774774774774 0.3124436936936937 0.18828828828828828 0.31554054054054054 0.18834459459459457 0.32038288288288286 0.18631756756756754 0.3233108108108108 0.18243243243243243 0.32409909909909906
0 0.20496103117505995 0.27020883293365305 0.20346223021582735 0.2676109112709832 0.2033623101518785 0.26401378896882494 0.20586031175059952 0.26066646682653877 0.20955735411670665 0.25981714628297364 0.21335431654676257 0.2609162669864109 0.21525279776179057 0.2650129896083133 0.21455335731414868 0.26920963229416467 0.21105615507593925 0.2714078737010392 0.20720923261390883 0.2712080335731415
0 0.23185376857749465 0.27126459660297236 0.22966427813163479 0.26867701698513796 0.22979697452229297 0.26423168789808915 0.2329153397027601 0.2612460191082802 0.23716162420382167 0.26078158174097665 0.24120886411889594 0.26343550955414013 0.2410098195329087 0.26940684713375795 0.23702892781316345 0.2719280785562632
0 0.25958747927031517 0.27243988391376456 0.25606343283582095 0.26933043117744615 0.2565816749585407 0.263733416252073 0.26010572139303484 0.2607276119402986 0.2664282752902156 0.2614531509121062 0.2685012437810946 0.2661173300165838 0.2671538142620233 0.2708851575456054 0.263733416252073 0.2731654228855722
0 0.30864197530864196 0.27145061728395065 0.307716049382716 0.26851851851851855 0.3085648148148148 0.26435185185185184 0.3117283950617284 0.2621141975308642 0.3175925925925926 0.2621141975308642 0.3202932098765432 0.2655092592592592 0.32121913580246914 0.2695216049382716 0.31597222222222227 0.2738425925925926 0.31080246913580245 0.2738425925925926
0 0.31824882075471694 0.622002751572327 0.3162834119496855 0.6182684748427673 0.3170695754716981 0.6121757075471699 0.3214917452830188 0.6088345125786163 0.3277810534591195 0.609817216981132 0.33141705974842767 0.6142393867924528 0.3301395440251572 0.6211183176100629 0.3263069968553459 0.6237716194968553 0.32159001572327045 0.6237716194968553
0 0.31840128755364805 0.5668812589413448 0.31741773962804004 0.5650035765379112 0.3179542203147353 0.560711731044349 0.3210836909871244 0.5579399141630901 0.3252861230329041 0.5573140200286123 0.3293991416309013 0.5604434907010014 0.3293097281831187 0.5653612303290415 0.32707439198855504 0.5686695278969958 0.32305078683834043 0.569384835479256
0 0.31634477825464946 0.5334406294706724 0.31652360515021455 0.5295064377682404 0.31974248927038623 0.5253040057224606 0.3262696709585121 0.5245886981402003 0.33074034334763946 0.5284334763948498 0.33038268955650923 0.5344241773962805 0.32671673819742486 0.5383583690987124 0.3210836909871244 0.538447782546495 0.31759656652360513 0.5363912732474964
0 0.3176716549295775 0.4789099178403757 0.3175982981220657 0.4761223591549296 0.31943221830985913 0.4730413732394367 0.32332012910798125 0.4717209507042254 0.3276481807511737 0.47223444835680756 0.3296288145539906 0.4752420774647888 0.32940874413145543 0.4801569835680752 0.32654782863849763 0.48257775821596255 0.3220730633802817 0.4828711854460095 0.318918720657277 0.4815507629107982
0 0.3450617283950617 0.620756172839506 0.3439814814814815 0.6174382716049382 0.3445216049382716 0.6128858024691357 0.34868827160493826 0.6098765432098765 0.35486111111111107 0.6113425925925925 0.35694444444444445 0.6155092592592591 0.355787037037037 0.6203703703703702 0.3520061728395062 0.6231481481481481 0.34714506172839504 0.6222993827160492
0 0.3429012345679012 0.5930555555555556 0.34251543209876545 0.5887345679012345 0.3439043209876543 0.5845679012345678 0.3491512345679012 0.5819444444444444 0.35540123456790124 0.5836419753086419 0.35802469135802467 0.5884259259259258 0.35694444444444445 0.5936728395061728 0.3531635802469135 0.5969907407407407 0.3470679012345679 0.5969907407407407
0 0.34405864197530867 0.5680555555555555 0.3423611111111111 0.5640432098765431 0.34344135802469133 0.5586419753086419 0.34691358024691354 0.5564043209876542 0.35185185185185186 0.5555555555555555 0.356712962962963 0.5587191358024691 0.358179012345679 0.5626543209876542 0.35663580246913584 0.5684413580246913 0.35239197530864197 0.5707561728395061 0.3466820987654321 0.5704475308641974
0 0.34652777777777777 0.535108024691358 0.34467592592592594 0.5333333333333332 0.34374999999999994 0.5299382716049382 0.3454475308641975 0.5266975308641975 0.34845679012345676 0.5249999999999999 0.3530092592592593 0.5249999999999999 0.355787037037037 0.5270833333333332 0.35648148148148145 0.5320216049382716 0.35432098765432096 0.5356481481481481 0.35030864197530864 0.5368055555555555
0 0.34494820655534936 0.4823940940012369 0.3432475262832405 0.48084802102659246 0.3418560606060606 0.4768668831168831 0.3423585343228201 0.47458642547928265 0.34421382189239336 0.4724605751391466 0.3470740568954854 0.47168753865182433 0.35070732838589985 0.47195810142238714 0.3536448670377242 0.47392934446505874 0.3544565553494125 0.477871830550402 0.3529491341991342 0.48123453927025356 0.3495091218305504 0.4829352195423624
0 0.3829336240310078 0.670906007751938 0.3808139534883721 0.6678779069767442 0.3817829457364342 0.6638202519379846 0.38638565891472876 0.6617005813953489 0.390625 0.663093507751938 0.3921390503875969 0.6663032945736435 0.39165455426356593 0.6696947674418605 0.38705184108527135 0.6722989341085271 0.3843265503875969 0.6721778100775194
0 0.3756988817891374 0.6529219914802983 0.37277023429179984 0.6495274227902024 0.37263711395101173 0.6454006922257721 0.37450079872204467 0.6429379659211928 0.3774294462193823 0.6412739616613419 0.3822217784877529 0.6420061235356762 0.3849507454739084 0.645001331203408 0.38455138445154424 0.6493943024494142 0.3812899361022364 0.6529219914802983
0 0.4072958500669345 0.6526104417670683 0.40160642570281124 0.6529451137884873 0.39842704149933067 0.6494310575635877 0.3990963855421687 0.6439926372155288 0.4024431057563588 0.641231593038822 0.4079651941097725 0.6416499330655958 0.4115629183400268 0.6452476572958501 0.411144578313253 0.6507697456492638
0 0.4026287553648068 0.612571530758226 0.4007510729613733 0.6149856938483548 0.40146638054363376 0.6185622317596566 0.40388054363376247 0.6203505007153076 0.40763590844062947 0.619277539341917 0.4098712446351931 0.6157904148783977 0.4070100143061516 0.6123032904148783
0 0.37575441039925717 0.6216341689879294 0.37285283194057567 0.6191388115134633 0.37209842154131856 0.6154828226555246 0.3734911792014856 0.612291086350975 0.3762766945218199 0.6102599814298979 0.3818477251624884 0.6108983286908077 0.38445914577530177 0.6135677808727948 0.38515552460538527 0.6172818012999072 0.3819637883008357 0.6213440111420613 0.3788881151346332 0.6221564531104921
0 0.38062169312169314 0.5951554232804233 0.37433862433862436 0.5952380952380952 0.3725198412698412 0.591683201058201 0.3726025132275132 0.5864748677248678 0.3768187830687831 0.584077380952381 0.38186177248677244 0.5842427248677249 0.384755291005291 0.588128306878307 0.38516865079365076 0.5920965608465608
0 0.3740906084656085 0.5687830687830687 0.37210648148148145 0.5643187830687831 0.3733465608465608 0.558779761904762 0.3786375661375661 0.5567956349206349 0.3842592592592593 0.558862433862434 0.38541666666666663 0.5642361111111112 0.3834325396825397 0.5683697089947091 0.37896825396825395 0.5702711640211641
0 0.4001659292035399 0.5944874631268436 0.39869100294985255 0.5899705014749262 0.39988938053097345 0.5851769911504424 0.4054203539823009 0.5836098820058997 0.4114122418879057 0.5863753687315635 0.4112278761061947 0.5930125368731564 0.4065265486725664 0.5962389380530974
0 0.4020270270270271 0.5690690690690691 0.39930555555555564 0.5660660660660661 0.3988363363363364 0.5614677177177178 0.401463963963964 0.5578078078078079 0.4064376876876877 0.5575262762762763 0.41056681681681684 0.5593093093093093 0.41206831831831836 0.5641891891891893 0.40868993993993996 0.569162912912913
0 0.43532436708860756 0.6809731012658227 0.42754483122362863 0.6785996835443038 0.42424841772151894 0.6737209915611814 0.42530327004219404 0.6663370253164557 0.4332146624472573 0.6622494725738396 0.4405986286919831 0.6644910337552742 0.4441587552742615 0.6717431434599156 0.44086234177215183 0.6795226793248944
0 0.4321598101265822 0.6515690928270043 0.42991824894514763 0.647085970464135 0.4328190928270042 0.642339135021097 0.4380933544303797 0.6408887130801688 0.4432357594936709 0.6436577004219409 0.44349947257383965 0.650514240506329 0.4403349156118143 0.6531513713080168 0.43519251054852315 0.65354694092827
0 0.43278508771929824 0.6208881578947368 0.4307565789473684 0.6180372807017543 0.43081140350877195 0.6137061403508771 0.43360745614035084 0.6106359649122807 0.4375 0.6100328947368421 0.44216008771929827 0.6122258771929825 0.44364035087719295 0.6167763157894737 0.4410087719298246 0.6211074561403509 0.43645833333333334 0.6224232456140351
0 0.4374236874236874 0.5969169719169719 0.43154761904761907 0.5956959706959706 0.42948717948717957 0.5911172161172161 0.4306318681318682 0.5851648351648352 0.43467643467643463 0.5831043956043955 0.4410103785103786 0.5832570207570207 0.44444444444444436 0.5871489621489622 0.4442918192918194 0.5941697191697192
0 0.4356684981684981 0.5707417582417582 0.43040293040293043 0.56753663003663 0.42933455433455436 0.5609737484737485 0.43360805860805857 0.5565476190476191 0.4407051282051282 0.5566239316239316 0.4446733821733822 0.5609737484737485 0.4435286935286935 0.5676129426129427 0.4394078144078145 0.5705891330891331
0 0.43870192307692313 0.5373740842490843 0.4327495421245422 0.5366872710622711 0.4287431318681319 0.5311927655677655 0.43149038461538464 0.5245535714285715 0.43984661172161177 0.5231799450549451 0.4454555860805861 0.5290178571428571 0.4441964285714286 0.5355425824175823
0 0.45964972527472525 0.5356570512820513 0.45804716117216115 0.5298191391941391 0.4606799450549451 0.5246680402930403 0.466632326007326 0.5228365384615384 0.47304258241758246 0.5268429487179487 0.47304258241758246 0.5339400183150182 0.4676625457875458 0.5378319597069597 0.4625114468864469 0.537603021978022
0 0.4613325593395253 0.5102876676986584 0.45913957688338497 0.5071271929824561 0.458623581011352 0.5028702270381837 0.45978457172342624 0.4993872549019608 0.46339654282765735 0.49725877192982454 0.4685565015479876 0.49738777089783287 0.47249097007223945 0.5007417440660474 0.4726199690402477 0.5061597007223942 0.47042698658410737 0.5099006707946336 0.46481553147574817 0.5111261609907122
0 0.4345917935702199 0.5108396785109983 0.4311548223350254 0.5087246192893401 0.42930414551607443 0.5042301184433163 0.43030879864636207 0.500105752961083 0.43332275803722503 0.4974619289340101 0.4383460236886632 0.4969331641285956 0.4427876480541455 0.49947123519458536 0.44474407783417935 0.5031725888324873 0.4435279187817258 0.5078257191201354 0.4394564297800338 0.5109983079526227
0 0.46040836653386463 0.48331673306772915 0.4583333333333334 0.47858565737051795 0.4590803452855246 0.47352257636122186 0.4628984063745021 0.4706175298804781 0.4701195219123506 0.47144754316069065 0.47335657370517936 0.47601261620185925 0.4716965471447544 0.4824867197875166 0.46696547144754325 0.4850597609561753
0 0.4396289537712895 0.48448905109489054 0.43270985401459855 0.48365267639902676 0.429896593673966 0.47962287104622875 0.429896593673966 0.47422445255474455 0.4332420924574209 0.4707268856447689 0.4403132603406327 0.47103102189781026 0.44381082725060833 0.4743765206812652 0.4447992700729927 0.4788625304136253 0.4425182481751825 0.48334854014598544
0 0.4555533226152198 0.6815045551982852 0.45354367631296894 0.6788920150053591 0.45367765273311894 0.6741358520900322 0.45702706323687037 0.6725281350482315 0.46171623794212224 0.6731980171489818 0.46325696677384787 0.6766144158628081 0.4618502143622722 0.6809016613076099 0.45749598070739544 0.6819734726688103
0 0.47082663451232576 0.6817725080385851 0.4680801178992497 0.6796958735262594 0.46794614147909974 0.6756765809217579 0.46982181136120044 0.6732650053590569 0.473707127545552 0.6724611468381566 0.47658762057877824 0.6739348874598071 0.47786039657020374 0.6770833333333334 0.47658762057877824 0.6805667202572347
0 0.47228356890459366 0.6620656654888104 0.4685231023102311 0.6604785478547855 0.4675742574257426 0.6577970297029704 0.4681105610561056 0.6543316831683168 0.47058580858085813 0.6527227722772277 0.47454620462046204 0.6532178217821782 0.4774752475247525 0.6554455445544555 0.4774339933993399 0.6590759075907591 0.47566006600660066 0.6613036303630363
0 0.457749766573296 0.6265756302521007 0.4550653594771241 0.6250583566760036 0.454656862745098 0.6222572362278245 0.45605742296918755 0.6202147525676937 0.4599089635854341 0.6200980392156862 0.4611344537815125 0.6221405228758169 0.4610760971055089 0.624766573295985 0.45973389355742295 0.626108776844071
0 0.4610760971055089 0.6130952380952379 0.45728291316526604 0.6135037348272641 0.45401493930905684 0.6118697478991597 0.454423436041083 0.6077264239028946 0.45669934640522875 0.6061507936507936 0.4595588235294118 0.6062675070028011 0.4615429505135387 0.6078431372549018 0.462126517273576 0.6107026143790849
0 0.47169701213818865 0.6136204481792716 0.46947945845004674 0.6121615312791784 0.46877917833800176 0.6104691876750699 0.46901260504201675 0.6079014939309056 0.4706465919701213 0.6065009337068161 0.4729225023342671 0.6059173669467786 0.47613211951447243 0.607142857142857 0.47683239962651724 0.6102941176470588 0.4757236227824463 0.6131535947712418
0 0.4590544871794871 0.5934294871794871 0.4581730769230769 0.5887820512820512 0.4592948717948717 0.5858173076923077 0.4619391025641025 0.5834134615384615 0.4659455128205128 0.5827724358974358 0.4710737179487179 0.5848557692307691 0.4728365384615384 0.5887820512820512 0.47235576923076916 0.5931891025641025 0.46987179487179487 0.5956730769230769 0.4646634615384615 0.597275641025641 0.4610576923076923 0.5963141025641024
0 0.4622395833333333 0.5704752604166666 0.4591471354166667 0.567138671875 0.4576009114583333 0.562744140625 0.459716796875 0.5576171875 0.465576171875 0.555908203125 0.4718424479166667 0.5586751302083334 0.4730631510416667 0.5655924479166666 0.467529296875 0.5707194010416666
0 0.3797186609686609 0.5364138176638178 0.374198717948718 0.5348112535612537 0.37152777777777773 0.5298254985754987 0.37339743589743585 0.525997150997151 0.3798076923076923 0.5243055555555556 0.3839921652421653 0.5266203703703705 0.3859508547008547 0.5307158119658121 0.38310185185185186 0.535434472934473
0 0.3806980056980057 0.509704415954416 0.3758012820512821 0.5092592592592593 0.37241809116809116 0.5066773504273505 0.37241809116809116 0.5011574074074076 0.3758012820512821 0.49866452991453003 0.3806980056980057 0.49857549857549865 0.3851495726495727 0.5002670940170941 0.3855947293447294 0.5050747863247864 0.3839031339031339 0.5087250712250713
0 0.40340099715099714 0.5101495726495727 0.40010683760683763 0.5080128205128205 0.3988603988603989 0.503917378917379 0.40028490028490027 0.49955484330484334 0.40553774928774927 0.49768518518518523 0.41070156695156695 0.49955484330484334 0.4119480056980057 0.5047186609686611 0.4100783475783476 0.5088141025641026
0 0.37780448717948717 0.48365384615384616 0.37363782051282046 0.48116987179487175 0.3723557692307692 0.4778044871794871 0.37363782051282046 0.473076923076923 0.38004807692307696 0.4709935897435897 0.3842147435897436 0.47387820512820505 0.3850961538461538 0.47820512820512817 0.3841346153846154 0.4819711538461538
0 0.4277742346938775 0.46460459183673464 0.4264987244897959 0.4638605442176871 0.42617984693877553 0.4616815476190476 0.4263392857142857 0.4600871598639456 0.4277742346938775 0.4591305272108843 0.43021896258503406 0.4590242346938775 0.4319727891156462 0.4605654761904762 0.43186649659863946 0.46316964285714285 0.43064413265306123 0.4649766156462584
0 0.44276147959183676 0.46508290816326525 0.43983843537414963 0.46423256802721086 0.4390412414965986 0.4617878401360544 0.44005102040816324 0.45950255102040816 0.44212372448979587 0.4590242346938775 0.44472789115646255 0.4594494047619047 0.44653486394557823 0.46120323129251695 0.44589710884353734 0.4640199829931973
0 0.44361181972789115 0.4537627551020408 0.4406356292517007 0.45301870748299317 0.43872236394557823 0.4503613945578231 0.4401041666666667 0.4480229591836734 0.44292091836734687 0.4471194727891157 0.4457376700680272 0.4484481292517007 0.4465880102040816 0.4510522959183674
0 0.4382470119521913 0.4345119521912351 0.4340969455511289 0.43293492695883135 0.43251992031872516 0.4300298804780877 0.43368193891102264 0.4269588313413016 0.4376660026560426 0.42513280212483406 0.4413180610889774 0.426460823373174 0.4428950863213812 0.4296978751660027 0.44082005312085 0.43351593625498014
0 0.45604979979979976 0.4340277777777778 0.45185810810810806 0.4339026526526526 0.4495432932932933 0.43133758758758756 0.449730980980981 0.42695820820820823 0.4531093593593594 0.4252064564564565 0.4566128628628629 0.4259572072072072 0.45911536536536535 0.42827202202202197 0.4593030530530531 0.43152527527527523
0 0.4395332832832832 0.41657282282282276 0.4346534034034034 0.41632257257257255 0.43252627627627627 0.41281906906906907 0.43296421421421416 0.40937812812812807 0.43571696696696693 0.40750125125125125 0.43984609609609604 0.40756381381381385 0.4426614114114114 0.4110673173173173 0.44166041041041043 0.41475850850850854
0 0.453297047047047 0.41738613613613607 0.45041916916916913 0.41557182182182184 0.4490427927927928 0.41144269269269274 0.4504817317317317 0.40856481481481477 0.4534847347347347 0.40718843843843844 0.4573636136136136 0.40843968968968963 0.45955330330330324 0.41188063063063063 0.4584271771771771 0.41519644644644643 0.45498623623623624 0.41744869869869866
0 0.47572916666666665 0.4211458333333334 0.4721180555555555 0.42149305555555555 0.4696180555555555 0.41968750000000005 0.46920138888888885 0.41656250000000006 0.4711458333333333 0.41427083333333337 0.4743402777777777 0.41378472222222223 0.4767708333333333 0.4151736111111111 0.47767361111111106 0.4191319444444444
0 0.4736076475477972 0.41157522859517875 0.4716334164588529 0.4114193682460515 0.4700748129675811 0.4094970906068163 0.4693994181213633 0.4071072319201995 0.4701267664172901 0.4056005818786368 0.47230881130507063 0.4039380714879468 0.4750623441396508 0.4043017456359102 0.47760806317539484 0.4050810473815462 0.47833541147132164 0.4074189526184539 0.47786783042394015 0.4102244389027431
0 0.37275471142520616 0.4359172555948174 0.36936837455830385 0.4342240871613663 0.36936837455830385 0.4310585983510012 0.3712087750294464 0.42914458186101295 0.3751104240282686 0.4287765017667845 0.3775397526501767 0.430616902237927 0.37724528857479384 0.43459216725559485 0.37452149587750294 0.4359908716136632
0 0.38085247349823326 0.4356964075382804 0.3793801531213192 0.43451855123674915 0.37945376914016493 0.4309849823321555 0.3816622497055359 0.4290709658421672 0.38431242638398116 0.42914458186101295 0.38674175500588925 0.43135306242638405 0.3862264428739694 0.43437131919905775 0.3843860424028269 0.4359908716136632
0 0.38387073027090696 0.4244331566548882 0.37974823321554774 0.42377061248527675 0.3787912249705536 0.42031065959952885 0.38107332155477036 0.41743963486454655 0.3852694346289753 0.41758686690223795 0.38696260306242636 0.42053150765606595 0.38600559481743235 0.42354976442873965
0 0.3736381036513545 0.4136852179034158 0.3695156065959953 0.411918433451119 0.3690739104829211 0.4087529446407538 0.37179770318021205 0.40588191990577155 0.37628828032979983 0.40632361601884576 0.3781286808009423 0.40882656065959955 0.37672997644287404 0.4130962897526501
0 0.38158863368669027 0.413390753828033 0.37952738515901063 0.41206566548881035 0.3785703769140165 0.4096363368669022 0.37915930506478207 0.407722320376914 0.38107332155477036 0.4066916961130742 0.38401796230859836 0.4065444640753828 0.38703621908127206 0.40838486454652534 0.38703621908127206 0.4121392815076561 0.38379711425206126 0.4134643698468787
0 0.40678912507701787 0.3556492606284658 0.40563385705483673 0.3542244300677757 0.4049021873074553 0.35183687615526804 0.40547982131854593 0.34975739371534187 0.40678912507701787 0.3482555452865065 0.40883009858287117 0.3476394023413432 0.41160274183610596 0.34752387553912506 0.4134896796056685 0.3486406346272335 0.41476047443006775 0.3513747689463956 0.41433687615526804 0.3538008317929759 0.41225739371534187 0.3559188231669747 0.40856053604436227 0.3562268946395563
0 0.4016674368453481 0.35626540357362907 0.39920286506469493 0.35618838570548367 0.3971618915588417 0.3548020640788662 0.39600662353666044 0.3522989833641405 0.3965457486136783 0.35037353666050514 0.3978165434380776 0.34860212569316074 0.39978049907578556 0.3476394023413432 0.4027071780653111 0.34760089340727046 0.40532578558225507 0.3491412507701786 0.40478666050523715 0.3513362600123228 0.4049021873074553 0.35383934072704865 0.4042475354282193 0.35537969808995684
0 0.4345773381294964 0.3256145083932854 0.4290317745803357 0.3245653477218225 0.42678357314148685 0.3215677458033573 0.42593425259792167 0.3176209032773781 0.42683353317346123 0.3145733413269384 0.42928157474020784 0.3125249800159872 0.4315797362110312 0.3115757394084732 0.4349770183852918 0.3114758193445244 0.43832434052757796 0.3128747002398082 0.4403727018385292 0.3150229816147082 0.4411221023181454 0.31852018385291764 0.4403727018385292 0.32191746602717825 0.4375249800159872 0.3249150679456435
0 0.4300704656862745 0.29562397875816987 0.4282322303921569 0.2934283088235294 0.4279258578431373 0.2891390931372549 0.4293045343137255 0.2862285539215686 0.43323631535947715 0.28449244281045755 0.4376787173202614 0.28520731209150324 0.440078635620915 0.28735191993464054 0.44099775326797386 0.2914368872549019 0.4390063316993464 0.2955729166666667 0.4351766748366013 0.2967984068627451 0.43150020424836605 0.2963388480392157
0 0.4054147012578616 0.774813286163522 0.400501179245283 0.7727496069182389 0.3990271226415094 0.7664602987421384 0.4014838836477987 0.762627751572327 0.4077731918238993 0.7606623427672955 0.4124901729559748 0.7632173742138364 0.41425904088050314 0.7679343553459119 0.4131780660377358 0.7723565251572327 0.40973860062893075 0.7746167452830189
0 0.4229068396226415 0.772061713836478 0.41858294025157233 0.7698014937106918 0.4174036949685534 0.7652810534591195 0.42084316037735847 0.7610554245283019 0.42703419811320753 0.7615467767295597 0.4299823113207547 0.7645931603773585 0.4295892295597484 0.7697032232704403 0.42654284591194963 0.7716686320754718
0 0.4126867138364779 0.8001670597484276 0.4074783805031446 0.8003636006289309 0.40472680817610057 0.7981033805031447 0.4041371855345912 0.7940742924528301 0.40649567610062887 0.7908313679245282 0.4119005503144654 0.790438286163522 0.4152417452830189 0.7929933176100629 0.41543828616352196 0.796825864779874
0 0.4076443569553806 0.8129921259842521 0.40436351706036744 0.8136482939632547 0.4030511811023622 0.8121172353455819 0.4026137357830271 0.8099300087489064 0.4035433070866142 0.808180227471566 0.4053477690288714 0.8075787401574803 0.40715223097112857 0.8075787401574803 0.4083005249343832 0.8083442694663167 0.4096675415573054 0.8095472440944883 0.40977690288713914 0.8111329833770778
0 0.4113577863577864 0.8274613899613901 0.4066119691119692 0.8267374517374517 0.40403796653796653 0.823439510939511 0.40484234234234234 0.8192567567567569 0.40846203346203347 0.8171653796653797 0.4131274131274131 0.818452380952381 0.41513835263835264 0.8203024453024453 0.4158622908622908 0.8241634491634491
0 0.40919518849206343 0.8778211805555556 0.4051649305555555 0.8758990575396826 0.4035528273809524 0.8716827876984127 0.4041108630952381 0.8670324900793651 0.4077690972222222 0.8649243551587301 0.4128534226190476 0.8649243551587301 0.4167596726190476 0.8685205853174602 0.4173177083333333 0.8719308035714285 0.41496155753968256 0.8758990575396826
0 0.4134734623015873 0.8993365575396826 0.4083271329365079 0.900390625 0.404234871031746 0.8971044146825398 0.4047309027777778 0.8922061011904763 0.40758308531746035 0.8899119543650793 0.4116753472222222 0.8893539186507936 0.41502356150793657 0.8910900297619048 0.4168216765873016 0.8949962797619048
0 0.43505084325396826 0.8821614583333334 0.4308345734126984 0.8812313988095238 0.4303385416666667 0.8789372519841269 0.4315166170634921 0.8764570932539683 0.43505084325396826 0.8760850694444444 0.43746899801587297 0.877077132936508 0.4369729662698413 0.8807973710317459
0 0.6025124069478908 0.8431038047973531 0.599203887510339 0.8440343258891645 0.5965674110835401 0.8423800661703887 0.5962055417700578 0.8401571546732837 0.5977047146401985 0.8377791563275434 0.6016335814722912 0.8375723738626963 0.6041149710504549 0.8389681555004135 0.6038047973531844 0.8424834574028122
0 0.5983254219409283 0.8344277426160338 0.5969541139240506 0.8340849156118144 0.5960574894514767 0.8331091772151898 0.5963739451476793 0.8315268987341772 0.5974287974683544 0.8309467299578059 0.5986946202531646 0.8310522151898735 0.5995385021097046 0.8317906118143461 0.5996176160337553 0.8331091772151898
0 0.6034678270042194 0.8350079113924052 0.6022020042194093 0.8340058016877637 0.6020174050632912 0.8321334388185654 0.6027558016877638 0.8308412447257385 0.6045754219409283 0.8302874472573839 0.6063159282700422 0.8309467299578059 0.6071070675105484 0.8320015822784811 0.6068960970464135 0.8333992616033755 0.6059467299578059 0.83479694092827
0 0.6519296013570822 0.7749151823579304 0.6494380831212891 0.7747031382527566 0.6485899067005937 0.7733248515691264 0.6485899067005937 0.7708333333333334 0.6500742154368108 0.769667090754877 0.6529368108566582 0.769667090754877 0.6547921967769296 0.7711513994910941 0.6544211195928753 0.773960983884648
0 0.5640029021558872 0.7544050580431177 0.5564365671641791 0.7545087064676618 0.5544672470978441 0.7508810116086235 0.5539490049751244 0.7458022388059701 0.5570584577114428 0.7418635986733002 0.5630700663349918 0.7407234660033167 0.5675269485903814 0.7434183250414594 0.5688743781094527 0.7495335820895522
0 0.548851656626506 0.685523343373494 0.5466553714859438 0.6847703313253013 0.5457768574297189 0.682636797188755 0.5462161144578314 0.6804405120481928 0.5486006526104418 0.6791227409638555 0.5510479417670683 0.6795619979919679 0.5523029618473896 0.6820720381526105 0.5516127008032129 0.6848330823293173
0 0.5593310742971888 0.6921121987951807 0.5561935240963856 0.6900414156626505 0.5545619979919679 0.6875941265060241 0.5548130020080322 0.6842055722891566 0.5567582831325301 0.6811935240963856 0.5597703313253013 0.6801267570281124 0.5639746485943775 0.6811935240963856 0.5659199297188755 0.6838290662650602 0.5662964357429718 0.6878451305220884 0.5634098895582329 0.6909199297188755
0 0.5718812751004017 0.6911081827309237 0.569433985943775 0.6897904116465864 0.5686809738955824 0.6861508534136547 0.569433985943775 0.6823230421686747 0.5719440261044176 0.6803777610441767 0.5763993473895582 0.6804405120481928 0.5795368975903614 0.6827622991967871 0.5801644076305221 0.6877196285140562 0.5773406124497992 0.6915474397590361 0.5743913152610443 0.6917356927710844
0 0.5630333835341366 0.6980735441767069 0.5593938253012049 0.6977597891566265 0.5586408132530121 0.6960027610441767 0.5592055722891566 0.6941829819277108 0.5603350903614458 0.6928652108433735 0.5625941265060241 0.6926142068273092 0.5640373995983936 0.6941829819277108 0.564476656626506 0.6964420180722892
0 0.5730107931726908 0.7076116967871486 0.5701242469879518 0.7061684236947792 0.5687437248995985 0.7034073795180723 0.5688064759036144 0.6997678212851406 0.5708145080321285 0.697320532128514 0.5735128012048193 0.6960655120481928 0.5772151104417671 0.6968812751004017 0.5796623995983936 0.6992658132530121 0.5801644076305221 0.7036583835341366 0.5765876004016064 0.7074234437751005
0 0.5876945281124498 0.6892884036144579 0.583992218875502 0.687468624497992 0.5821724397590361 0.683578062248996 0.5834902108433735 0.6800012550200804 0.586816014056225 0.6778677208835342 0.5904555722891566 0.6781187248995985 0.5934676204819277 0.6796875 0.5944088855421686 0.682636797188755 0.5934676204819277 0.6863391064257028 0.5908948293172691 0.6888491465863453
0 0.5140716374269007 0.6658442982456141 0.5071271929824561 0.6632858187134503 0.5029239766081872 0.6600877192982456 0.5003654970760235 0.6539656432748537 0.49972587719298245 0.6476608187134503 0.5017361111111112 0.6409904970760234 0.5061220760233919 0.6362390350877194 0.5125182748538012 0.633406432748538 0.52046783625731 0.6332236842105263 0.5290570175438597 0.6389802631578948 0.5328947368421053 0.6470211988304094 0.5307931286549707 0.6581688596491229 0.5244883040935673 0.664656432748538
0 0.5100511695906433 0.628654970760234 0.5021929824561404 0.6262792397660819 0.49661915204678364 0.62015716374269 0.4947916666666667 0.6127558479532165 0.4957054093567252 0.6054459064327485 0.5 0.6001461988304094 0.5055738304093568 0.596765350877193 0.514437134502924 0.5960343567251463 0.5227521929824561 0.6003289473684211 0.5275950292397661 0.609375 0.5251279239766082 0.6213450292397661 0.5159904970760235 0.6279239766081871
0 0.5117031872509961 0.5891434262948207 0.5047310756972112 0.5877324037184596 0.5003320053120851 0.5834993359893759 0.49842297476759634 0.5776062416998673 0.4992529880478088 0.5714641434262949 0.5025730411686588 0.5672310756972112 0.5067231075697212 0.5649070385126163 0.5135292164674635 0.5646580345285525 0.5190903054448872 0.566816069057105 0.5229083665338645 0.5717961487383799 0.5237383798140771 0.578187250996016 0.5207503320053121 0.5844953519256308 0.5161022576361222 0.5888114209827358
0 0.6490982587064676 0.6589448590381427 0.6410136815920398 0.6578047263681592 0.6341728855721392 0.6539697346600332 0.6305451907131011 0.6472325870646767 0.6298196517412936 0.6393553067993366 0.6326181592039801 0.6325145107794361 0.6374896351575456 0.6286795190713101 0.6448486733001658 0.6258810116086236 0.6555244610281924 0.6283685737976783 0.6610178275290215 0.6341728855721392 0.6628834991708126 0.6472325870646767 0.6568718905472637 0.6559390547263682
0 0.7161151960784314 0.656188725490196 0.7074142156862745 0.6588848039215686 0.6952818627450981 0.6559436274509803 0.6907475490196078 0.6461397058823529 0.6919730392156863 0.6347426470588234 0.6976102941176471 0.6287377450980393 0.707781862745098 0.625796568627451 0.7185661764705882 0.6303308823529412 0.7232230392156863 0.6384191176470588 0.7231004901960785 0.6489583333333333
0 0.7271479328165374 0.6068313953488372 0.720203488372093 0.611030361757106 0.7107558139534884 0.6115956072351422 0.705264857881137 0.607638888888889 0.700500645994832 0.599967700258398 0.6997739018087856 0.5939922480620156 0.7014696382428941 0.5876130490956072 0.7060723514211886 0.5819605943152455 0.7107558139534884 0.5796996124031008 0.7179425064599483 0.578407622739018 0.7266634366925064 0.5824450904392765 0.7308624031007752 0.58890503875969 0.7325581395348837 0.5956072351421189 0.7307009043927649 0.6035206718346253
0 0.6868489583333334 0.611266121031746 0.6823846726190476 0.6103980654761905 0.6798425099206349 0.6077938988095238 0.679656498015873 0.603701636904762 0.681826636904762 0.6009114583333334 0.6864149305555555 0.5997333829365079 0.6897631448412699 0.6010354662698413 0.6916852678571429 0.6043216765873016 0.6915612599206349 0.607359871031746 0.6905071924603174 0.6100260416666666
0 0.6876550099206349 0.5945250496031746 0.6835007440476191 0.5949590773809524 0.6805245535714286 0.5925409226190476 0.6795324900793651 0.5885726686507937 0.6813306051587301 0.5851624503968254 0.6848648313492063 0.5837363591269842 0.6885850694444445 0.584170386904762 0.6911892361111112 0.5868985615079365 0.6919952876984128 0.5905567956349207 0.6895771329365079 0.5940290178571429
0 0.6600340136054421 0.600765306122449 0.658248299319728 0.605187074829932 0.6544217687074829 0.6070578231292517 0.6482142857142857 0.6061224489795919 0.6466836734693877 0.6020408163265306 0.6469387755102041 0.5974489795918367 0.6499149659863945 0.5941326530612245 0.6545918367346939 0.5937925170068027 0.6590986394557823 0.5954081632653061
0 0.633843537414966 0.6023809523809525 0.6309523809523809 0.6064625850340135 0.6247448979591836 0.6070578231292517 0.6218537414965986 0.6050170068027211 0.6195578231292517 0.6002551020408162 0.6219387755102042 0.595578231292517 0.6256802721088435 0.5936224489795918 0.6310374149659863 0.594812925170068 0.6339285714285714 0.597874149659864
0 0.6305272108843537 0.5793367346938775 0.6252551020408162 0.5805272108843537 0.6199829931972789 0.5773809523809524 0.619812925170068 0.5719387755102041 0.6223639455782313 0.5687074829931973 0.6254251700680272 0.5672619047619047 0.6294217687074829 0.5678571428571428 0.6328231292517007 0.570578231292517 0.6337585034013605 0.5749149659863946
0 0.6538265306122448 0.5806122448979592 0.6482993197278911 0.5787414965986395 0.646343537414966 0.5744897959183674 0.6473639455782313 0.5698979591836735 0.6515306122448979 0.5671768707482993 0.6566326530612245 0.5678571428571428 0.659608843537415 0.5704081632653061 0.6602891156462586 0.5750850340136054 0.6583333333333333 0.5789965986394557
0 0.6600022401433691 0.544746863799283 0.6563060035842293 0.5495631720430106 0.6507056451612903 0.5496751792114695 0.6475694444444444 0.5465389784946236 0.6463373655913978 0.5421706989247311 0.6489135304659498 0.5373543906810035 0.6537298387096774 0.5362343189964157 0.6577620967741935 0.5376904121863798 0.6611223118279569 0.541722670250896
0 0.6882530120481928 0.5495314591700134 0.6835676037483267 0.5498661311914325 0.6798025435073628 0.5473560910307899 0.6779618473895582 0.5435073627844713 0.6795515394912987 0.5393239625167336 0.6837349397590362 0.5371485943775101 0.6880856760374834 0.5369812583668006 0.6909303882195449 0.5397423025435074 0.6925200803212852 0.5431726907630522 0.6915997322623829 0.5466867469879519
0 0.5999658469945355 0.5395150273224043 0.6010587431693989 0.5428620218579234 0.5997609289617486 0.547370218579235 0.5956625683060108 0.5498975409836065 0.5890368852459016 0.5494877049180328 0.5866461748633879 0.5451844262295082 0.5869193989071038 0.5408811475409836 0.5893784153005464 0.5369877049180328 0.5960040983606557 0.5360997267759563
0 0.570040684624018 0.5405092592592592 0.5703914141414141 0.5451388888888888 0.5663930976430976 0.5496282267115601 0.560570987654321 0.5500491021324354 0.5570636924803591 0.5468223905723906 0.5550294612794613 0.5424031986531987 0.5570636924803591 0.5381944444444445 0.5613425925925926 0.5354587542087542 0.5666035353535354 0.5363005050505051
0 0.5954335016835017 0.5236040965207632 0.5901725589225589 0.5229727833894501 0.5866652637485971 0.5189043209876544 0.5865249719416387 0.5139239618406286 0.5908740179573513 0.5094346240179574 0.596976711560045 0.5097853535353536 0.6007645903479237 0.5135030864197531 0.601746632996633 0.5181327160493827 0.5991512345679013 0.5227623456790124
0 0.5668139730639731 0.5227623456790124 0.5613425925925926 0.5236040965207632 0.556432379349046 0.5205176767676768 0.5557309203142536 0.515537317620651 0.5576950056116723 0.5112584175084175 0.5622544893378226 0.5094346240179574 0.56709455667789 0.5100659371492705 0.570040684624018 0.5132926487093155 0.5708824354657688 0.5189043209876544
0 0.5673828125 0.4857728247549019 0.5649701286764707 0.4875344669117647 0.5596086090686274 0.4873429840686274 0.5576937806372548 0.4847388174019608 0.5571959252450981 0.4810240502450981 0.5587277879901961 0.4775390625 0.5616000306372548 0.4762369791666667 0.5649701286764707 0.4763135723039216 0.5680721507352942 0.4778837316176471 0.5695657169117647 0.4813687193627451 0.5690295649509803 0.4846239276960784
0 0.6356608072916666 0.48779296875 0.6297200520833334 0.4873046875 0.6270345052083334 0.4833984375 0.6273600260416666 0.4788411458333333 0.6299641927083334 0.4755045572916667 0.635986328125 0.4749348958333333 0.6395670572916666 0.4775390625 0.6415201822916666 0.4823404947916667 0.6381022135416666 0.4871419270833333
0 0.640380859375 0.4569498697916667 0.6375325520833334 0.457763671875 0.6346842447916666 0.4567057291666667 0.63330078125 0.4541829427083333 0.634033203125 0.4508463541666667 0.6375325520833334 0.4497884114583333 0.6409505208333334 0.4505208333333333 0.6424967447916666 0.4527994791666667
0 0.6303207434052758 0.3620353717026379 0.6279226618705036 0.361685651478817 0.6262240207833734 0.36038669064748197 0.6253247402078337 0.35873800959232616 0.6252747801758594 0.35624000799360506 0.6267236211031175 0.35429156674660267 0.6283723021582734 0.3534422462030376 0.6317196243005595 0.35379196642685856 0.6338179456434853 0.35539068745004 0.6337679856115108 0.35898780975219824 0.6317695843325339 0.3615857314148681
0 0.6234262589928057 0.3610861310951239 0.6220773381294964 0.361935451638689 0.61917965627498 0.361685651478817 0.6175309752198241 0.36068645083932854 0.6167815747402078 0.359087729816147 0.6164818145483614 0.35599020783373303 0.6179806155075939 0.3541916466826539 0.6202288169464428 0.3533922861710631 0.6229266586730615 0.35374200639488407 0.6242755795363709 0.3548411270983214 0.624875099920064 0.35703936850519585 0.624875099920064 0.3586380895283773
0 0.7464557399723375 0.5678596127247579 0.7427385892116182 0.5677731673582296 0.7371196403872752 0.5655255878284924 0.7351313969571232 0.5600795297372061 0.7346127247579529 0.55567081604426 0.737292531120332 0.5516943291839558 0.7424792531120332 0.5489280774550485 0.7480117565698479 0.5496196403872752 0.7524204702627939 0.5540283540802213 0.7538900414937759 0.5607710926694329 0.7519017980636238 0.5661307053941909
0 0.7448366954851103 0.5256964457252642 0.7396133525456292 0.5255163304514889 0.7351104707012488 0.5226945244956771 0.7331292026897214 0.5178314121037463 0.733669548511047 0.5131484149855907 0.7354106628242074 0.5094260326609029 0.74033381364073 0.5073847262247838 0.7457973102785782 0.5076248799231508 0.749519692603266 0.5108069164265129 0.7519812680115273 0.515129682997118 0.7511407300672429 0.5208333333333333 0.7470581171950047 0.525036023054755
0 0.7529046474358974 0.4709869123931623 0.7494324252136751 0.4711204594017094 0.747295673076923 0.4696514423076923 0.7457598824786325 0.4667134081196581 0.7458266559829059 0.46370860042735035 0.74742922008547 0.46103766025641024 0.7504340277777777 0.4599025106837606 0.7544404380341879 0.4609041132478632 0.7565771901709402 0.46364182692307687 0.7573116987179486 0.4663795405982905 0.7559762286324786 0.4693843482905983
0 0.7742753623188405 0.3142512077294686 0.7690217391304347 0.3153985507246377 0.7630434782608695 0.3142512077294686 0.761171497584541 0.31243961352657007 0.7589371980676328 0.30893719806763287 0.7576690821256038 0.30483091787439615 0.7583937198067633 0.3006642512077295 0.7609903381642511 0.29679951690821255 0.7647342995169081 0.2942632850241546 0.7711956521739131 0.29396135265700485 0.7751811594202898 0.2951086956521739 0.778743961352657 0.2984903381642512 0.7800724637681159 0.3036231884057971 0.7794082125603864 0.30966183574879225
0 0.812951263537906 0.3118983152827918 0.8062575210589651 0.31084536702767745 0.8015944645006017 0.30685920577617326 0.8002406738868834 0.3027978339350181 0.8011432009626955 0.2952767749699157 0.805956678700361 0.2912154031287605 0.8116726835138387 0.28993682310469315 0.8172382671480145 0.29151624548736466 0.8209987966305655 0.2949007220216606 0.8226534296028881 0.3002406738868833 0.8207731648616124 0.30685920577617326 0.8173886883273166 0.31077015643802647
0 0.7729349415204678 0.27503654970760244 0.764985380116959 0.2754020467836258 0.7594115497076024 0.2714729532163743 0.7575840643274854 0.2655336257309942 0.7589546783625731 0.25986842105263164 0.7634320175438596 0.2551169590643275 0.7702850877192982 0.25402046783625737 0.7764071637426901 0.2561220760233919 0.779422514619883 0.26123903508771934 0.779422514619883 0.26809210526315796 0.7768640350877194 0.27275219298245623
0 0.8603117505995204 0.2942146282973621 0.8563399280575539 0.29668764988009594 0.8518435251798562 0.2957883693045564 0.8492955635491608 0.2929406474820144 0.8490707434052758 0.28964328537170264 0.8501948441247003 0.28582134292565947 0.8529676258992805 0.28417266187050366 0.8576139088729016 0.28432254196642687 0.8607613908872901 0.28664568345323743 0.8621103117505995 0.2906924460431655
0 0.8918615107913669 0.29661270983213434 0.8881145083932853 0.2950389688249401 0.8866157074340526 0.2914418465227818 0.8869904076738608 0.28717026378896887 0.8900629496402876 0.28469724220623505 0.8939598321342924 0.2836480815347722 0.8980815347721822 0.285521582733813 0.8997302158273381 0.28836930455635496 0.8996552757793764 0.29324040767386095 0.8969574340527577 0.29548860911270985
0 0.9638242894056849 0.9705264857881136 0.9593830749354005 0.9686692506459947 0.9552648578811369 0.9640665374677002 0.9551841085271319 0.9584140826873386 0.9576065891472869 0.9526001291989665 0.963501291989664 0.9500161498708011 0.9693152454780362 0.9502583979328165 0.9739179586563307 0.9537306201550387 0.9763404392764857 0.960109819121447 0.9742409560723515 0.9667312661498708 0.969718992248062 0.9704457364341086
0 0.9396789965986394 0.9505208333333334 0.9368090986394558 0.948501275510204 0.935267857142857 0.9453656462585034 0.9353741496598639 0.9413796768707482 0.938297193877551 0.9386160714285715 0.9408482142857143 0.9377657312925171 0.9440901360544217 0.9381377551020408 0.9467474489795917 0.9399978741496599 0.9480761054421769 0.943718112244898 0.946906887755102 0.9484481292517006 0.9436118197278912 0.9503613945578231
0 0.9322916666666666 0.9662521258503401 0.9281462585034014 0.9673681972789117 0.9237882653061225 0.9659863945578231 0.9221938775510204 0.9627976190476191 0.9217155612244897 0.9590242346938775 0.9230973639455783 0.9557291666666666 0.9270833333333334 0.9533907312925171 0.9324511054421769 0.9542410714285715 0.9347895408163265 0.9566857993197279 0.9358524659863946 0.9609375
0 0.9142028443113774 0.9651010479041918 0.9116454590818364 0.9665980538922156 0.9074039421157685 0.9670346806387227 0.9032248003992017 0.9650386726546907 0.9016030439121757 0.9606100299401199 0.9026010479041918 0.956618013972056 0.9059069361277446 0.9536240019960082 0.9113335828343313 0.953561626746507 0.9150760978043913 0.9566803892215571 0.9162612275449102 0.9609842814371259
0 0.9104718262050236 0.9500169721656482 0.9070773930753563 0.9494653767820773 0.9049983027834352 0.9473438560760352 0.9044042769857433 0.9437372708757635 0.9057620502376103 0.940936863543788 0.9079684317718939 0.9392396469789545 0.9114052953156822 0.9392396469789545 0.9145875763747453 0.9410641547861506 0.9157756279701289 0.9444161575016972 0.9147148676171079 0.9475984385607603 0.91229633401222 0.9494229463679564
0 0.9289285714285714 0.9496428571428572 0.9255555555555556 0.9503174603174604 0.9218650793650793 0.9493253968253967 0.9196428571428572 0.9469841269841272 0.9192063492063492 0.9427380952380952 0.9203968253968255 0.9395634920634922 0.9227777777777779 0.9379365079365081 0.9262698412698414 0.937420634920635 0.930436507936508 0.9394047619047619 0.9320634920634921 0.9434920634920635 0.9317063492063492 0.9469047619047618
0 0.8815389294403893 0.9003953771289537 0.8781934306569343 0.8993309002433089 0.8762165450121654 0.8956052311435523 0.8768248175182481 0.8921076642335766 0.8788777372262774 0.889750608272506 0.8839720194647203 0.8895225060827251 0.8871654501216546 0.8920316301703163 0.8871654501216546 0.8970498783454988 0.8851885644768857 0.900015206812652
0 0.8994829683698297 0.9009276155717761 0.8953771289537713 0.8987986618004866 0.8937043795620437 0.896441605839416 0.8938564476885644 0.8920316301703163 0.896213503649635 0.8898266423357664 0.9013077858880778 0.889066301703163 0.9042731143552311 0.8915754257907542 0.9054896593673964 0.8956812652068127 0.903588807785888 0.8991788321167883
0 0.9182407407407408 0.9180555555555556 0.9141666666666667 0.9182407407407408 0.9128703703703704 0.9162037037037039 0.9127777777777779 0.9130555555555556 0.9136111111111113 0.9111111111111112 0.9171296296296297 0.9103703703703705 0.9195370370370372 0.9116666666666666 0.9206481481481482 0.9139814814814815
0 0.8700431034482757 0.9152538314176246 0.8684147509578545 0.9159722222222223 0.8668342911877396 0.9161159003831417 0.8652538314176246 0.9153496168582376 0.8647270114942529 0.9140086206896553 0.8647270114942529 0.9125718390804597 0.8658285440613027 0.911087164750958 0.8672653256704981 0.9106082375478927 0.8687978927203066 0.9105124521072796 0.8698994252873564 0.9115181992337165 0.8704741379310345 0.9131944444444444
0 0.8592672413793103 0.9149664750957854 0.858117816091954 0.9160201149425287 0.8563936781609196 0.9161159003831417 0.8555316091954023 0.9159722222222223 0.8543342911877395 0.9146791187739464 0.8540469348659004 0.913338122605364 0.8543821839080459 0.911661877394636 0.8562978927203065 0.9106561302681992 0.8579741379310345 0.9105603448275862 0.8592672413793103 0.9111829501915709 0.8598898467432949 0.9131944444444444
0 0.8574952107279694 0.906058429118774 0.8554837164750957 0.9056273946360153 0.8542863984674329 0.904861111111111 0.8536637931034483 0.9021791187739463 0.8542863984674329 0.9007902298850575 0.8552442528735632 0.8997365900383142 0.8579262452107279 0.8995929118773945 0.8594109195402299 0.900646551724138 0.8602250957854407 0.9028496168582376 0.8598898467432949 0.9044779693486589
0 0.8680316091954023 0.9058668582375479 0.865397509578544 0.9050526819923372 0.8646791187739463 0.9037116858237548 0.8644875478927203 0.9017001915708812 0.8654454022988506 0.9004549808429119 0.8670737547892721 0.8996886973180077 0.8689894636015325 0.9000239463601533 0.8702825670498086 0.9016044061302683 0.870522030651341 0.9039990421455938
0 0.8688936781609196 0.8952825670498084 0.8659722222222223 0.8950431034482758 0.8647270114942529 0.893654214559387 0.8642480842911878 0.8914990421455938 0.865205938697318 0.8897270114942529 0.8674568965517242 0.888817049808429 0.8701388888888889 0.8899185823754788 0.8710488505747126 0.8923132183908047
0 0.8589798850574714 0.8939894636015325 0.8570162835249042 0.8949473180076628 0.854765325670498 0.8941810344827585 0.8540469348659004 0.8921216475095785 0.8545737547892721 0.890205938697318 0.8565852490421455 0.8891522988505748 0.8589319923371648 0.8898227969348659 0.8599856321839081 0.8925047892720306
0 0.8314445970695971 0.9219894688644689 0.8268786733837112 0.921651973131822 0.8253043660789253 0.9200776658270361 0.8247271200671704 0.9169815281276239 0.8254617968094038 0.9146725440806045 0.8280856423173802 0.9128883291351806 0.8314441645675902 0.9130457598656591 0.833595717884131 0.9144626364399664 0.834277917716205 0.9177162048698572 0.8334907640638118 0.9201826196473551
0 0.841537610619469 0.9035766961651918 0.8411688790560471 0.9070796460176992 0.8388643067846608 0.9087389380530975 0.8353613569321534 0.9088311209439528 0.8326880530973452 0.9075405604719765 0.832042772861357 0.9047750737463127 0.8327802359882006 0.9015486725663716 0.8352691740412979 0.8994284660766961 0.8406157817109144 0.9000737463126843
0 0.8332411504424778 0.8976769911504425 0.8302912979351031 0.8977691740412979 0.8266039823008849 0.895372418879056 0.8261430678466076 0.8908554572271387 0.8282632743362832 0.8879977876106195 0.8312131268436577 0.8863384955752213 0.8345317109144542 0.8868915929203539 0.8372050147492626 0.8894727138643067 0.8376659292035399 0.8942662241887906
0 0.8230687347931873 0.9091392944038929 0.8195711678832117 0.9102798053527981 0.816073600973236 0.9092913625304136 0.8143248175182481 0.9074665450121654 0.813868613138686 0.9045772506082725 0.8145529197080291 0.9015358880778589 0.8162256690997566 0.900015206812652 0.8195711678832117 0.8990267639902676 0.8232208029197079 0.9003193430656935 0.8252737226277372 0.9026003649635036 0.8255018248175183 0.9056417274939172
0 0.8117396593673964 0.9201642335766422 0.810066909975669 0.9221411192214112 0.8059610705596107 0.9227493917274938 0.8031478102189781 0.9216088807785888 0.801094890510949 0.9187195863746958 0.8014750608272506 0.9146897810218978 0.8036040145985401 0.9125608272506082 0.8077098540145985 0.9114203163017032 0.8115115571776156 0.9128649635036497 0.8132603406326033 0.9159063260340632
0 0.8093826034063261 0.8971259124087592 0.8060371046228709 0.8978862530413625 0.802691605839416 0.8965176399026764 0.8014750608272506 0.8940845498783454 0.8012469586374696 0.8913473236009732 0.8021593673965938 0.8885340632603406 0.8044403892944039 0.8871654501216546 0.808242092457421 0.886405109489051 0.8112074209245742 0.888610097323601 0.8128801703163017 0.8911952554744526 0.8125 0.894844890510949
0 0.786111111111111 0.9213164251207729 0.7837560386473428 0.9229468599033817 0.7800724637681159 0.9227657004830919 0.777415458937198 0.9211956521739131 0.7762077294685988 0.918840579710145 0.7760869565217391 0.9155193236714975 0.778623188405797 0.91256038647343 0.7830314009661834 0.9113526570048308 0.7863526570048307 0.9133454106280193 0.7878623188405797 0.9160628019323671 0.7871376811594201 0.920169082125604
0 0.783574879227053 0.8974033816425121 0.7803140096618357 0.8975241545893721 0.777294685990338 0.8954710144927536 0.7756642512077295 0.8929951690821256 0.7765700483091786 0.8894323671497585 0.7791666666666666 0.8871376811594203 0.7827898550724637 0.8864130434782609 0.786231884057971 0.8879227053140096 0.7881038647342995 0.8916666666666667 0.7867149758454105 0.8957125603864735
0 0.7617753623188406 0.8956521739130435 0.7571256038647342 0.8976449275362319 0.7533212560386473 0.8967391304347827 0.7513285024154589 0.8940821256038648 0.7509661835748792 0.8908212560386473 0.7525966183574878 0.8875 0.7582729468599033 0.886231884057971 0.7615338164251207 0.8885869565217391 0.7629227053140096 0.8913647342995169
0 0.8595370370370371 0.9633333333333334 0.8564814814814815 0.9636111111111112 0.8527777777777779 0.9618518518518518 0.8512037037037038 0.9586111111111112 0.8519444444444446 0.9558333333333333 0.8547222222222223 0.9524074074074075 0.8591666666666666 0.9521296296296297 0.8633333333333333 0.9546296296296297 0.8633333333333333 0.9597222222222223
0 0.8522222222222223 0.9699074074074074 0.8490740740740741 0.9719444444444446 0.8440740740740741 0.9725925925925926 0.8407407407407408 0.9704629629629631 0.8404629629629631 0.9656481481481481 0.8408333333333333 0.9628703703703705 0.8454629629629631 0.9608333333333333 0.8514814814814815 0.9624074074074074 0.852962962962963 0.9668518518518519
0 0.8375925925925926 0.9704629629629631 0.8343518518518518 0.9718518518518519 0.831388888888889 0.9712962962962964 0.83 0.9688888888888889 0.8298148148148149 0.9655555555555556 0.8311111111111112 0.9637962962962964 0.8350925925925926 0.962962962962963 0.8382407407407407 0.9648148148148149 0.8391666666666666 0.967777777777778
0 0.8349879663056557 0.9613417569193742 0.8315282791817088 0.960965703971119 0.8296480144404333 0.9593110709987966 0.8291967509025272 0.9564530685920577 0.8302496991576415 0.9540463297232249 0.832205174488568 0.9528429602888085 0.8355896510228641 0.9529933814681106 0.838823706377858 0.9554753309265944 0.8379211793020457 0.9590854392298436
0 0.835138387484958 0.950887484957882 0.8316787003610109 0.9499097472924186 0.8294223826714803 0.9472773766546329 0.8291967509025272 0.944419374247894 0.8304753309265945 0.9420878459687123 0.8331829121540313 0.940734055354994 0.8364921780986763 0.9411853188929001 0.8389741275571602 0.9435168471720817 0.8390493381468112 0.9472773766546329 0.8371690734055355 0.9500601684717208
0 0.8234807460890493 0.9705174488567989 0.8217509025270757 0.9718712394705175 0.818892900120337 0.9717208182912153 0.8173886883273166 0.9703670276774969 0.8170126353790614 0.967208182912154 0.818892900120337 0.9656287605294824 0.822126955475331 0.9657791817087845 0.8239320096269555 0.9683363417569192
0 0.8216756919374248 0.9619434416365823 0.8197202166064982 0.9624699157641394 0.8176895306859207 0.9611161251504211 0.8172382671480145 0.9590102286401924 0.8173134777376654 0.9566787003610108 0.818968110709988 0.9556257521058965 0.8218261131167269 0.9556257521058965 0.8231799037304453 0.9566034897713598 0.8240072202166066 0.9581829121540312 0.8231799037304453 0.960740072202166
0 0.8247593261131169 0.9501353790613717 0.8199458483754513 0.950511432009627 0.8176143200962694 0.9489320096269553 0.8162605294825511 0.9458483754512635 0.8168622141997592 0.9422382671480144 0.8186672683513839 0.9405836341756918 0.8235559566787004 0.9398315282791816 0.8261883273164861 0.9417117930204573 0.8273916967509025 0.9458483754512635 0.8258122743682311 0.9493080625752106
0 0.8120772946859903 0.9695048309178744 0.8118357487922705 0.9706521739130435 0.8101449275362318 0.9720410628019323 0.8074879227053139 0.9719202898550725 0.8066425120772946 0.9705314009661835 0.8062198067632849 0.968780193236715 0.8076690821256038 0.9670289855072465 0.8100845410628018 0.9667874396135266 0.8114734299516907 0.9676328502415459
0 0.8115942028985508 0.9592391304347827 0.8100241545893719 0.9606280193236715 0.8071859903381641 0.9602053140096619 0.8065821256038647 0.9588164251207729 0.8068840579710145 0.9567028985507245 0.8078502415458937 0.9559178743961352 0.8102053140096618 0.9556159420289855 0.8117149758454105 0.956340579710145
0 0.8104468599033816 0.9484903381642512 0.8074879227053139 0.948731884057971 0.8061594202898549 0.9471014492753623 0.8055555555555555 0.9442632850241546 0.8067632850241545 0.942572463768116 0.8094806763285024 0.9417270531400966 0.8119565217391304 0.9426932367149758 0.8133454106280192 0.9451690821256039 0.8123792270531401 0.9479468599033817
0 0.8001272624434389 0.9701875942684766 0.7977234162895929 0.9706589366515838 0.7959794494720965 0.969810520361991 0.7956966440422323 0.9682079562594269 0.796403657616893 0.9661811840120663 0.7979119532428356 0.9656155731523379 0.7998444570135748 0.9657569758672699 0.800928544494721 0.9665111236802414 0.8013056184012066 0.9683022247360482
0 0.7877309577677225 0.9700933257918553 0.7854213800904978 0.9705175339366515 0.7840544871794871 0.9693391779788838 0.783771681749623 0.9678780165912519 0.7841958898944194 0.9664168552036199 0.7855156485671192 0.965427036199095 0.7877780920060331 0.9659926470588236 0.788767911010558 0.9668410633484164 0.788626508295626 0.9688207013574661
0 0.7998727224008574 0.9481846195069669 0.7967912647374062 0.9485195605573419 0.7943796891747053 0.9473137727759915 0.7943127009646301 0.9445672561629154 0.7957194533762059 0.9424906216505895 0.799001875669882 0.9416867631296891 0.801346463022508 0.94396436227224 0.801346463022508 0.9467108788853162
0 0.7999397106109325 0.956290192926045 0.7973941586280815 0.9573620042872455 0.7943796891747053 0.9560222400857449 0.7933748660235798 0.9536776527331189 0.7939777599142551 0.951467041800643 0.796590300107181 0.9501942658092175 0.8004086280814577 0.9515340300107181 0.8006095927116827 0.9541465702036441
0 0.791432207931404 0.9570940514469453 0.7888196677384781 0.9577639335476956 0.7853362808145766 0.9568260986066451 0.783929528403001 0.9544145230439444 0.7844654340836013 0.951668006430868 0.7861401393354769 0.9499263129689175 0.7900924437299036 0.9499263129689175 0.7922360664523044 0.9515340300107181 0.7928389603429796 0.9550174169346195
0 0.7783521303258144 0.8639567669172933 0.7760808270676691 0.8648182957393483 0.7742011278195488 0.8641134085213033 0.7734179197994987 0.8616854636591478 0.7738878446115287 0.8602756892230576 0.7759241854636592 0.8587092731829574 0.7790570175438596 0.8594924812030075 0.7797619047619048 0.8618421052631579
0 0.7880383895131087 0.8644077715355805 0.7861657303370786 0.8647003745318352 0.7842930711610485 0.863822565543071 0.7838834269662921 0.8611891385767789 0.7852294007490637 0.8594335205992509 0.7875117041198502 0.8588483146067415 0.7897940074906367 0.8598431647940074 0.790496254681648 0.8618913857677902 0.7895014044943819 0.8637640449438201
0 0.7984550561797753 0.8647588951310862 0.7955290262172284 0.8641151685393258 0.7944171348314607 0.8626521535580524 0.7945926966292135 0.8608380149812734 0.7956460674157303 0.8592579588014981 0.7983965355805244 0.8589653558052434 0.800444756554307 0.8600772471910112 0.8010299625468165 0.8623010299625469
0 0.7791982323232324 0.8473169191919191 0.7778093434343435 0.8491477272727272 0.774715909090909 0.8498421717171718 0.7730113636363637 0.848705808080808 0.772695707070707 0.8468118686868686 0.7728219696969697 0.8441603535353535 0.775915404040404 0.8430239898989899 0.778945707070707 0.8437184343434343
0 0.7770517676767676 0.8398042929292928 0.7745265151515152 0.8392992424242424 0.7726325757575757 0.8378472222222222 0.7725694444444445 0.8357007575757576 0.7739583333333332 0.8336805555555555 0.776294191919192 0.8332386363636364 0.7785037878787878 0.8340593434343434 0.7795770202020201 0.8362689393939393 0.7785037878787878 0.838794191919192
0 0.7880366161616161 0.8485795454545455 0.7861426767676768 0.8496527777777778 0.7839330808080808 0.8492108585858587 0.7831123737373736 0.8480113636363636 0.7829861111111112 0.8463699494949495 0.7833017676767676 0.844854797979798 0.7844381313131313 0.843844696969697 0.7867108585858587 0.8439078282828283 0.788604797979798 0.8449810606060605 0.788604797979798 0.8472537878787878
0 0.7979482323232324 0.8490214646464647 0.7958648989898991 0.849905303030303 0.7937815656565658 0.8485795454545455 0.7930239898989899 0.8475063131313131 0.7929608585858586 0.8454861111111112 0.7947285353535353 0.844034090909091 0.7970012626262626 0.8435921717171717 0.7988320707070707 0.844854797979798 0.7989583333333332 0.8468118686868686
0 0.7890393175074184 0.8354661226508409 0.7882974777448072 0.8379389218595451 0.7863810583580614 0.8391753214638972 0.7839082591493571 0.839051681503462 0.7827954995054401 0.8368879821958456 0.7828573194856577 0.8349097428288823 0.7840937190900099 0.833240603363007 0.7866901582591493 0.8331169634025718
0 0.7976322947576656 0.8386189416419386 0.7955304154302671 0.8388662215628092 0.7936139960435212 0.8382480217606331 0.7929339762611277 0.83651706231454 0.7934285361028685 0.8345388229475765 0.7949740356083086 0.8329933234421366 0.798065034619189 0.8336733432245301 0.7993632542037586 0.8354043026706233 0.7991159742828883 0.8371970820969338
0 0.8245351925630809 0.8361553784860557 0.823871181938911 0.8382304116865871 0.8217961487383799 0.8393094289508632 0.819223107569721 0.8393094289508632 0.8184760956175299 0.8377324037184596 0.8183100929614874 0.834910358565737 0.819555112881806 0.8336653386454184 0.8227091633466136 0.8335823373173972
0 0.8354083665338645 0.8374003984063746 0.8332503320053122 0.8399734395750332 0.8301792828685259 0.8392264276228419 0.8287682602921648 0.8368193891102257 0.8296812749003984 0.8344123505976097 0.8316733067729083 0.8336653386454184 0.8348273572377158 0.8343293492695883
0 0.8239541832669323 0.8452025232403718 0.8244521912350596 0.8484395750332006 0.8217961487383799 0.8500166002656043 0.819555112881806 0.8490205843293492 0.8183100929614874 0.8472775564409031 0.8185590969455512 0.8452025232403718 0.8206341301460824 0.8438745019920318
0 0.807821038251366 0.8462773224043716 0.8072745901639343 0.8481898907103824 0.8052937158469946 0.8488046448087432 0.8038592896174863 0.8478483606557377 0.8035177595628415 0.8462090163934426 0.804200819672131 0.8451844262295082 0.8056352459016393 0.8445696721311474 0.8074795081967213 0.8453210382513661
0 0.8154030054644807 0.8470286885245901 0.8149931693989071 0.8485997267759563 0.8127390710382513 0.8488046448087432 0.81150956284153 0.8479166666666665 0.8110314207650273 0.8464139344262294 0.8113046448087432 0.8452527322404371 0.8126024590163935 0.8445013661202185 0.8142418032786884 0.8446379781420765
0 0.8075478142076502 0.8350068306010929 0.8079576502732241 0.8369193989071038 0.8065232240437158 0.8379439890710382 0.8039275956284152 0.8374658469945354 0.8035177595628415 0.8356898907103824 0.8036543715846993 0.8343920765027322 0.8052937158469946 0.8338456284153004
0 0.8086407103825135 0.8608265027322405 0.8086407103825135 0.8621926229508197 0.808025956284153 0.8629439890710383 0.8062499999999999 0.8630122950819672 0.8054986338797813 0.8623292349726778 0.8052937158469946 0.8611680327868853 0.805976775956284 0.8604849726775956 0.8071379781420766 0.860075136612022
0 0.8150614754098359 0.8606898907103825 0.8150614754098359 0.8620560109289617 0.8144467213114752 0.8628073770491803 0.8126707650273222 0.8628756830601092 0.8119193989071036 0.8621926229508197 0.8117144808743169 0.8610314207650273 0.8123975409836064 0.8603483606557376 0.8135587431693988 0.859938524590164
0 0.8212090163934425 0.8608948087431695 0.8212090163934425 0.8622609289617487 0.8205942622950818 0.8630122950819672 0.8188183060109289 0.8630806010928961 0.8180669398907102 0.8623975409836067 0.8178620218579234 0.8612363387978141 0.818545081967213 0.8605532786885245 0.8197062841530054 0.8601434426229508
0 0.8336018352573223 0.8610957733733945 0.8336018352573223 0.8624618935919737 0.8329870811589618 0.8632132597121923 0.8312111248748087 0.8632815657231212 0.8304597587545901 0.8625985056138317 0.8302548407218033 0.8614373034280393 0.8309379008310929 0.8607542433187496 0.8320991030168853 0.8603444072531758
0 0.82743891993042 0.8608278205330944 0.82743891993042 0.8621939407516735 0.8268241658320593 0.8629453068718921 0.8250482095479064 0.8630136128828211 0.8242968434276877 0.8623305527735315 0.824091925394901 0.8611693505877391 0.8247749855041905 0.8604862904784494 0.8259361876899829 0.8600764544128757
0 0.797544409613375 0.8200104493207941 0.7975770637408568 0.8213819226750262 0.7962708986415884 0.8227533960292581 0.7943116509926855 0.8226227795193312 0.7935279519331244 0.8219370428422152 0.7932993730407523 0.8205329153605017 0.7938544932079415 0.8191940961337513 0.7952586206896551 0.8187042842215257 0.7966954022988507 0.8189002089864159
0 0.7975117554858934 0.8127612330198537 0.797544409613375 0.8141327063740859 0.7962382445141066 0.8155041797283177 0.7942789968652039 0.8153735632183908 0.7934952978056427 0.8146878265412748 0.7932667189132706 0.8132836990595612 0.7938218390804598 0.8119448798328108 0.7952259665621734 0.8114550679205853 0.796662748171369 0.8116509926854755
0 0.8049568965517241 0.8125653082549635 0.8049895506792059 0.8139367816091956 0.8036833855799375 0.8153082549634275 0.8017241379310346 0.8151776384535006 0.8009404388714735 0.8144919017763846 0.8007118599791013 0.813087774294671 0.8012669801462906 0.8117489550679207 0.8026711076280042 0.8112591431556951 0.8041078892371997 0.8114550679205853
0 0.8048915882967607 0.8200104493207944 0.8049242424242424 0.8213819226750264 0.8036180773249739 0.8227533960292583 0.8016588296760712 0.8226227795193314 0.80087513061651 0.8219370428422155 0.8006465517241379 0.8205329153605018 0.8012016718913271 0.8191940961337515 0.8026057993730408 0.8187042842215259 0.8040425809822362 0.8189002089864161
0 0.9605316558441558 0.7304180194805194 0.9601258116883116 0.7338676948051948 0.9573525432900433 0.7356263528138528 0.9542410714285715 0.7350852272727273 0.9524824134199135 0.7327854437229437 0.9529558982683983 0.7290652056277057 0.9552556818181819 0.7277800324675325 0.9589759199134198 0.7277800324675325
0 0.9438920454545454 0.7312973484848485 0.9429450757575758 0.7346117424242424 0.9407805735930737 0.7357616341991342 0.9365868506493507 0.7347470238095238 0.9359104437229437 0.7323795995670996 0.9361810064935066 0.7292681277056278 0.9394277597402597 0.7276447510822511 0.9429450757575758 0.7282535173160174
0 0.928131764069264 0.7339353354978355 0.929011093073593 0.7359645562770563 0.9282670454545454 0.7374526515151516 0.9261025432900433 0.7381966991341992 0.9243438852813852 0.7376555735930735 0.9238704004329005 0.7357616341991342 0.9247497294372294 0.7336647727272727
0 0.9283346861471861 0.7254802489177489 0.929214015151515 0.7275094696969697 0.9284699675324675 0.728997564935065 0.9263054653679652 0.7297416125541125 0.9245468073593073 0.729200487012987 0.9240733225108225 0.7273065476190476 0.9249526515151515 0.7252096861471862
0 0.9183915043290043 0.7257508116883116 0.9192708333333334 0.7277800324675324 0.9185267857142857 0.7292681277056277 0.9163622835497836 0.7300121753246752 0.9146036255411256 0.7294710497835497 0.9141301406926408 0.7275771103896103 0.9150094696969698 0.7254802489177489
0 0.918256222943723 0.7336647727272726 0.919135551948052 0.7356939935064933 0.9183915043290043 0.7371820887445887 0.9162270021645021 0.7379261363636362 0.9144683441558442 0.7373850108225106 0.9139948593073594 0.7354910714285713 0.9148741883116884 0.7333942099567098
0 0.9994097222222222 0.6800347222222222 0.9984375 0.6813541666666667 0.996840277777778 0.6837847222222222 0.9960069444444446 0.6880902777777778 0.9964930555555557 0.6912152777777777 0.9985069444444445 0.6946180555555556 0.9997916666666666 0.695435606060606
0 0.9774025537634409 0.683635752688172 0.9780745967741935 0.6891801075268817 0.9763944892473118 0.6934643817204301 0.9720262096774193 0.6971606182795699 0.9658098118279569 0.6974966397849462 0.9613575268817204 0.6953125 0.9583333333333334 0.6905241935483871 0.9584173387096775 0.6859879032258064 0.9605174731182795 0.6810315860215054 0.9650537634408601 0.6781754032258064 0.9702620967741935 0.6776713709677419 0.974630376344086 0.6795194892473118
0 0.9774025537634409 0.683635752688172 0.9780745967741935 0.6891801075268817 0.9763944892473118 0.6934643817204301 0.9720262096774193 0.6971606182795699 0.9658098118279569 0.6974966397849462 0.9613575268817204 0.6953125 0.9583333333333334 0.6905241935483871 0.9584173387096775 0.6859879032258064 0.9605174731182795 0.6810315860215054 0.9650537634408601 0.6781754032258064 0.9702620967741935 0.6776713709677419 0.974630376344086 0.6795194892473118
0 0.9513608870967741 0.6937163978494623 0.9482526881720429 0.694388440860215 0.9447244623655915 0.693380376344086 0.9443044354838709 0.6901881720430106 0.9450604838709676 0.6868279569892473 0.947412634408602 0.685567876344086 0.9512768817204301 0.6864079301075269 0.953125 0.6887600806451613 0.9529569892473118 0.6920362903225806
0 0.9347278225806451 0.695396505376344 0.9296875 0.6978326612903225 0.9232190860215053 0.6971606182795699 0.9196908602150536 0.6938004032258064 0.9175907258064516 0.6889280913978494 0.9179267473118279 0.683719758064516 0.9202788978494624 0.6795194892473118 0.9253192204301075 0.6769993279569892 0.9319556451612903 0.6772513440860215 0.9371639784946236 0.6818716397849462 0.9382560483870968 0.6885920698924731 0.9371639784946236 0.6925403225806451
0 0.8962458692897747 0.6948657198137114 0.8912055467091295 0.69730187572769 0.8847371327306348 0.6966298327169372 0.8812089069241832 0.6932696176631737 0.8791087725155812 0.6883973058352167 0.8794447940209573 0.6831889725018834 0.8817969445585919 0.6789887036846791 0.886837267139237 0.6764685423943566 0.8934736918704198 0.6767205585233889 0.8986820252037531 0.6813408542223136 0.8997740950962263 0.6880612843298405 0.8986820252037531 0.6920095370180125
0 0.7938888888888889 0.6413888888888889 0.7865277777777778 0.6406944444444445 0.7826388888888889 0.6377777777777778 0.7800000000000001 0.6306944444444444 0.7837500000000001 0.6227777777777778 0.7908333333333334 0.6202777777777778 0.7980555555555555 0.6222222222222222 0.8027777777777778 0.6297222222222223 0.8013888888888888 0.6368055555555556
0 0.7744444444444445 0.6069444444444445 0.7670833333333335 0.60625 0.7631944444444445 0.6033333333333334 0.7605555555555558 0.59625 0.7643055555555557 0.5883333333333334 0.771388888888889 0.5858333333333333 0.7786111111111111 0.5877777777777778 0.7833333333333334 0.5952777777777778 0.7819444444444444 0.6023611111111111
0 0.8137499999999999 0.5852777777777778 0.8063888888888888 0.5845833333333333 0.8024999999999999 0.5816666666666667 0.7998611111111111 0.5745833333333333 0.8036111111111112 0.5666666666666667 0.8106944444444445 0.5641666666666667 0.8179166666666666 0.5661111111111111 0.8226388888888888 0.5736111111111112 0.8212499999999999 0.5806944444444445
0 0.8326388888888888 0.62 0.8252777777777778 0.6193055555555556 0.8213888888888888 0.6163888888888889 0.8187500000000001 0.6093055555555555 0.8225000000000001 0.6013888888888889 0.8295833333333335 0.5988888888888888 0.8368055555555555 0.6008333333333333 0.8415277777777778 0.6083333333333333 0.8401388888888889 0.6154166666666666
0 0.9003063725490196 0.5282475490196078 0.9009191176470588 0.5357230392156863 0.8969975490196079 0.5441789215686275 0.8889093137254902 0.5478553921568627 0.8789828431372548 0.5466299019607843 0.8732230392156862 0.5390318627450981 0.8726102941176471 0.5299632352941177 0.875796568627451 0.5232230392156862 0.884375 0.5193014705882353 0.8936887254901962 0.5204044117647059 0.8993259803921569 0.5248161764705882
0 0.8755589430894309 0.4174288617886179 0.8707825203252033 0.4191565040650407 0.8664126016260163 0.41620934959349604 0.8660060975609757 0.41153455284552853 0.8675304878048781 0.4084857723577236 0.8720020325203253 0.4070630081300814 0.8769817073170733 0.40970528455284555 0.8778963414634147 0.4133638211382114
0 0.9372543238993709 0.543877751572327 0.9329304245283019 0.5426002358490566 0.9302771226415094 0.5391607704402516 0.9304736635220127 0.534443789308176 0.9327338836477986 0.531004323899371 0.9372543238993709 0.5301198899371069 0.9420695754716981 0.5325766509433962 0.9435436320754718 0.5370970911949685 0.9416764937106916 0.5424036949685535
0 0.9375491352201258 0.5213738207547169 0.9332252358490568 0.5200963050314464 0.9305719339622643 0.5166568396226414 0.9307684748427676 0.511939858490566 0.9330286949685536 0.508500393081761 0.9375491352201258 0.5076159591194969 0.942364386792453 0.5100727201257862 0.9438384433962267 0.5145931603773585 0.9419713050314464 0.5198997641509433
0 0.9574814126394051 0.5263320941759603 0.9562422552664189 0.5226146220570013 0.9568618339529119 0.5182001239157373 0.9602695167286245 0.5150247831474597 0.9649938042131351 0.5147149938042132 0.9699504337050805 0.5170384138785626 0.970492565055762 0.5253252788104089 0.966078066914498 0.5291976456009913 0.9616635687732342 0.5291201982651796
0 0.943231102850062 0.4772304832713754 0.9409076827757126 0.4807156133828996 0.9357187112763321 0.48203221809169766 0.9325433705080546 0.48110285006195797 0.9308395291201983 0.4768432465923172 0.9306071871127632 0.4731257744733582 0.9326982651796777 0.4699504337050805 0.9366480793060717 0.46878872366790575 0.9408302354399009 0.4694857496902106 0.9429213135068153 0.47258364312267664
0 0.9587980173482031 0.5030204460966543 0.9577137546468402 0.5003097893432465 0.9581784386617099 0.49666976456009915 0.9599597273853779 0.4941914498141263 0.9648389095415116 0.4935718711276331 0.9682465923172242 0.49635997521685266 0.9689436183395291 0.5006970260223049 0.966078066914498 0.5041821561338291 0.9628252788104089 0.5051889714993805
0 0.9849752168525402 0.5032527881040891 0.9838909541511771 0.5005421313506814 0.984355638166047 0.496902106567534 0.9861369268897149 0.49442379182156115 0.9910161090458487 0.49380421313506795 0.9944237918215612 0.4965923172242875 0.9951208178438661 0.5009293680297398 0.9922552664188351 0.5044144981412639 0.9890024783147459 0.5054213135068153
0 0.9584882280049567 0.46398698884758366 0.9574039653035936 0.4612763320941758 0.9578686493184635 0.45763630731102845 0.9596499380421314 0.4551579925650556 0.9645291201982652 0.4545384138785624 0.9679368029739777 0.45732651796778195 0.9686338289962826 0.46166356877323417 0.9657682775712516 0.4651486988847584 0.9625154894671624 0.46615551425030977
0 0.984820322180917 0.4635997521685253 0.9837360594795539 0.46088909541511747 0.9842007434944238 0.45724907063197007 0.9859820322180917 0.45477075588599725 0.9908612143742255 0.45415117719950404 0.994268897149938 0.4569392812887236 0.9949659231722429 0.4612763320941758 0.9921003717472119 0.4647614622057 0.9888475836431228 0.4657682775712514
0 0.9581853320238692 0.4285291620998632 0.9571010693225062 0.42581850534645527 0.957565753337376 0.422178480563308 0.9593470420610439 0.41970016581733516 0.9642262242171777 0.41908058713084195 0.9676339069928902 0.4218686912200615 0.9683309330151951 0.42620574202551365 0.9654653815901642 0.42969087213703794 0.9622125934860749 0.4306976875025893
0 0.9846734272619644 0.4288267811474822 0.9835891645606013 0.42611612439407426 0.9840538485754712 0.42247609961092697 0.9858351372991391 0.41999778486495415 0.9907143194552729 0.41937820617846094 0.9941220022309855 0.4221663102676805 0.9948190282532903 0.4265033610731326 0.9919534768282593 0.4299884911846569 0.9887006887241702 0.4309953065502083
0 0.9840781891667263 0.39678313035383145 0.9829939264653632 0.3940724736004235 0.9834586104802331 0.3904324488172763 0.985239899203901 0.38795413407130347 0.9901190813600348 0.38733455538481026 0.9935267641357473 0.39012265947402974 0.9942237901580522 0.3944597102794819 0.9913582387330212 0.3979448403910062 0.988105450628932 0.39895165575655755
0 0.9840781891667263 0.39678313035383145 0.9829939264653632 0.3940724736004235 0.9834586104802331 0.3904324488172763 0.985239899203901 0.38795413407130347 0.9901190813600348 0.38733455538481026 0.9935267641357473 0.39012265947402974 0.9942237901580522 0.3944597102794819 0.9913582387330212 0.3979448403910062 0.988105450628932 0.39895165575655755
0 0.9669278425655977 0.3909438775510204 0.9672315354713312 0.3943452380952381 0.9659560252672498 0.3971392128279883 0.9621294946550047 0.39902210884353734 0.9582422254616131 0.39829324586977644 0.9558126822157434 0.3951348396501458 0.9559341593780368 0.39064018464528666 0.9583029640427598 0.38784620991253643 0.962372448979592 0.3869351311953353 0.9652879008746357 0.38851433430515064
0 0.9402669270833334 0.4434407552083333 0.9371744791666666 0.4435221354166667 0.9326985677083334 0.44140625 0.931396484375 0.4364420572916667 0.9327799479166666 0.432861328125 0.9375 0.4298502604166667 0.942626953125 0.4315592447916667 0.9449055989583334 0.4365234375 0.94384765625 0.4414876302083333
0 0.951904296875 0.4055989583333333 0.94970703125 0.412109375 0.9444986979166666 0.415283203125 0.9380696614583334 0.4152018229166667 0.93408203125 0.4122721354166667 0.9326985677083334 0.407958984375 0.9319661458333334 0.4036458333333333 0.9342447916666666 0.399658203125 0.93798828125 0.3968912760416667 0.943603515625 0.39599609375 0.9474283854166666 0.3974609375 0.9510091145833334 0.4014485677083333
0 0.956787109375 0.3604329427083333 0.95458984375 0.366943359375 0.9493815104166666 0.3701171875 0.9429524739583334 0.3700358072916667 0.93896484375 0.3671061197916667 0.9375813802083334 0.36279296875 0.9368489583333334 0.3584798177083333 0.9391276041666666 0.3544921875 0.94287109375 0.3517252604166667 0.948486328125 0.350830078125 0.9523111979166666 0.352294921875 0.9558919270833334 0.3562825520833333
0 0.9842830022747654 0.36401303306760513 0.9831987395734023 0.3613023763141972 0.9836634235882722 0.35766235153104997 0.9854447123119402 0.35518403678507715 0.9903238944680739 0.35456445809858395 0.9937315772437865 0.3573525621878035 0.9944286032660913 0.3616896129932556 0.9915630518410603 0.3651747431047799 0.9883102637369712 0.3661815584703313
