0 0.16262529481132074 0.04027859669811319 0.18141951650943394 0.029960200471698104 0.21016362028301888 0.029591686320754707 0.22379864386792453 0.045437794811320736 0.2282208136792453 0.06754864386792453 0.2201135023584906 0.08302623820754715 0.2053729363207547 0.09408166273584906 0.18105100235849053 0.09371314858490565 0.1677844929245283 0.08560583726415094 0.16262529481132074 0.07676149764150941 0.1596771816037736 0.059809846698113206
0 0.25514131433823534 0.056956571691176516 0.23970301011029416 0.04905790441176475 0.2332404641544118 0.03290153952205886 0.23611270680147062 0.010641659007352977 0.24608926212086402 0.0 0.27237477022058826 0.0 0.2949936810661765 0.0 0.3010971966911765 0.02392578125000004 0.29248046875 0.0440314797794118 0.27847828584558826 0.05659754136029416
0 0.16179342830882357 0.13737936580882357 0.1700511259191177 0.12373621323529416 0.19769646139705888 0.11368336397058826 0.22031537224264708 0.12409524356617649 0.22677791819852944 0.14707318474264708 0.2210334329044118 0.16753791360294118 0.19841452205882354 0.17866785386029416 0.17759076286764708 0.176513671875 0.16502470128676475 0.1682559742647059 0.16035730698529416 0.15425379136029416
0 0.23359949448529416 0.11045209099264708 0.24831973805147062 0.09070542279411767 0.26160386029411764 0.08460190716911767 0.2849408318014706 0.08388384650735298 0.297506893382353 0.10147633272058826 0.3010971966911765 0.12194106158088239 0.2903262867647059 0.14096966911764708 0.2687844669117647 0.14707318474264708 0.2454474954044118 0.1431238511029412 0.23826688878676472 0.13486615349264708 0.2332404641544118 0.11583754595588239
0 0.13737936580882357 0.40485696231617646 0.11081112132352944 0.4030618106617647 0.0928596047794118 0.38439223345588236 0.09034639246323534 0.3642865349264706 0.09824505974264708 0.3420266544117647 0.11583754595588239 0.32838350183823534 0.14671415441176475 0.3269473805147059 0.16681985294117652 0.34130859375 0.17507755055147062 0.36823586856617646 0.16646082261029416 0.395163143382353
0 0.2820685891544118 0.279196346507353 0.26555319393382354 0.28386374080882354 0.24006204044117652 0.2770421645220588 0.23503561580882354 0.254782284007353 0.24113913143382354 0.23395852481617652 0.254782284007353 0.2231876148897059 0.2766831341911765 0.2188792509191177 0.29894301470588236 0.23503561580882354 0.3010971966911765 0.25944967830882354
0 0.43250229779411764 0.20703125 0.4077292049632353 0.20415900735294118 0.39372702205882354 0.19123391544117652 0.39049574908088236 0.16861500459558826 0.3991124770220588 0.1402516084558824 0.42029526654411764 0.13594324448529416 0.44470932904411764 0.14132869944852944 0.4615837545955882 0.1607163373161765 0.4615837545955882 0.1783088235294118 0.457275390625 0.19410615808823534
0 0.4329848810728745 0.09810697115384617 0.406495129048583 0.10324677378542513 0.38633128795546556 0.09415327682186239 0.3796100075910931 0.07715239119433201 0.3804007464574899 0.05461633350202433 0.3954247849190283 0.038010817307692346 0.41440251771255066 0.035638600708502055 0.431403403340081 0.04235988107287453 0.4472181806680162 0.058174658400809764 0.4468228112348178 0.07912923836032393
0 0.5247105895748988 0.09336253795546562 0.5120587677125505 0.08505977985829963 0.510477289979757 0.06608204706477736 0.510477289979757 0.045918205971659964 0.5215476341093117 0.038801556174089105 0.5401299974696356 0.03405712297570854 0.5598984691295547 0.03840618674089072 0.5713641826923077 0.056197811234817846 0.5701780743927125 0.07122184969635631 0.5638521634615384 0.08743199645748992 0.5523864498987854 0.09692086285425106
0 0.23697394789579157 0.6765249248496994 0.19783316633266534 0.6647826903807614 0.19078782565130264 0.6538232715430861 0.18256826152304612 0.6260333166332666 0.19431049599198397 0.595503507014028 0.2119238476953908 0.588066758517034 0.2283629759519038 0.5837612725450902 0.2545872995991984 0.5931550601202404 0.27220065130260523 0.6127254509018036 0.2725920591182365 0.6338614729458918 0.2678951653306613 0.6553889028056112 0.25419589178356716 0.6671311372745492
0 0.326997745490982 0.6647826903807614 0.31329847194388777 0.6538232715430861 0.30233905310621245 0.6283817635270541 0.30742735470941884 0.6025488476953909 0.33756575651302606 0.5810214178356714 0.36183304108216435 0.5829784569138277 0.39118862725450904 0.5970691382765532 0.39823396793587174 0.611942635270541 0.3978425601202405 0.6362099198396793 0.3849261022044088 0.6663483216432866 0.3547877004008016 0.6741764779559118
0 0.21619984989082972 0.7432877319868996 0.24008085425764195 0.7240976391921398 0.2720643422489083 0.7262298717248908 0.2827255049126638 0.7420083924672489 0.28656352347161573 0.7641836108078602 0.27675525382096067 0.7799621315502183 0.24477176582969432 0.7867852756550218 0.22728745906113537 0.7795356850436681 0.21492051037117907 0.7590662527292577
0 0.3283552811135372 0.7842265966157205 0.3070329557860262 0.7727125409388645 0.3049007232532751 0.7522431086244541 0.30873874181222705 0.7322001228165939 0.3287817276200874 0.7232447461790392 0.34967760644104806 0.7240976391921398 0.36247100163755464 0.7373174808951964 0.37099993176855894 0.7603455922489083 0.3620445551310044 0.7701538618995633 0.3539420715065502 0.781241471069869
0 0.3961602756550219 0.7820943640829694 0.3829404339519651 0.7582133597161572 0.3859255594978166 0.7351852483624454 0.4106594568777293 0.7219654066593886 0.4349669077510917 0.7194067276200873 0.44690740993449785 0.7420083924672489 0.45202476801310043 0.7646100573144105 0.43923137281659386 0.7829472570960698 0.42046772652838427 0.7842265966157205
