0 0.6890733506944444 0.45361328125 0.6885308159722222 0.4107530381944444 0.7042643229166666 0.3879665798611111 0.7254231770833333 0.3738606770833333 0.7568901909722222 0.3738606770833333 0.7791341145833333 0.3939344618055555 0.7948676215277778 0.43082682291666663 0.7802191840277778 0.46120876736111105 0.7617730034722222 0.47151692708333337 0.7178276909722222 0.4791124131944444
0 0.617458767361111 0.4834526909722222 0.58056640625 0.47097439236111105 0.5642903645833334 0.4492730034722222 0.5556098090277778 0.4188910590277778 0.5702582465277778 0.3939344618055555 0.6093207465277778 0.3733181423611111 0.6407877604166666 0.38199869791666663 0.6646592881944444 0.4150933159722222 0.6597764756944444 0.45524088541666663 0.6326497395833334 0.4774848090277778
0 0.49918619791666663 0.4785698784722222 0.4622938368055556 0.4736870659722222 0.44547526041666663 0.45578342013888884 0.43191189236111105 0.43570963541666663 0.43408203125 0.4129231770833333 0.46120876736111105 0.38199869791666663 0.4937608506944444 0.3787434895833333 0.5279405381944444 0.39176432291666663 0.5382486979166666 0.4286566840277778 0.5328233506944444 0.46120876736111105
0 0.2742944834183673 0.47458944515306123 0.2349330357142857 0.4825613839285714 0.19756457270408162 0.45914381377551017 0.189094387755102 0.4197823660714286 0.21251195790816324 0.3814174107142857 0.24290497448979592 0.3749402104591837 0.2777822066326531 0.3839086415816326 0.2927295918367347 0.40682796556122447 0.2962173150510204 0.4337332589285714 0.295719068877551 0.4571508290816326
0 0.15969786352040816 0.4715999681122449 0.11435746173469388 0.48754384566326525 0.0884486607142857 0.47060347576530615 0.06951530612244897 0.44967713647959184 0.0685188137755102 0.41629464285714285 0.07848373724489796 0.3928770727040816 0.11535395408163265 0.3804209183673469 0.13628029336734693 0.37992267219387754 0.167171556122449 0.40084901147959184 0.16966278698979592 0.43174027423469385
0 0.344547193877551 0.43472975127551017 0.3256138392857143 0.43223852040816324 0.313655931122449 0.4207788584183674 0.31216119260204084 0.39586654974489793 0.3385682397959184 0.3784279336734694 0.35799984056122447 0.37942442602040816 0.3719507334183673 0.3903858418367347 0.37095424107142855 0.408820950255102 0.3594945790816326 0.4367227359693877
0 0.27178350225225223 0.09688203828828827 0.2981770833333333 0.08667652027027024 0.3217553490990991 0.0930109797297297 0.33653575450450446 0.10955095720720719 0.34005489864864863 0.13277730855855857 0.334424268018018 0.15354025900900897 0.3052153716216216 0.16796875 0.2823409346846847 0.16374577702702703 0.2661528716216216 0.1563555743243243 0.26228181306306303 0.1387598536036036 0.26192989864864863 0.11025478603603601
0 0.4005841779279279 0.16761683558558554 0.373486768018018 0.16339386261261257 0.3587063626126126 0.15389217342342343 0.3544833896396396 0.13700028153153154 0.35272381756756754 0.1169411599099099 0.36187359234234234 0.10040118243243241 0.37243102477477474 0.0930109797297297 0.38474802927927926 0.08843609234234233 0.41184543918918914 0.09582629504504504 0.4280335022522523 0.11764498873873873 0.42627393018018017 0.14579814189189189
0 0.5698550112612613 0.0011613175675675436 0.5733741554054055 0.01770129504504503 0.5800605292792793 0.039519988738738715 0.6004715653153153 0.046558277027027015 0.6159557995495496 0.050781249999999986 0.6282728040540541 0.0490216779279279 0.6356630067567568 0.0440948761261261 0.6465723536036037 0.033889358108108086 0.6465723536036037 0.0018651463963963721 0.6444274352477478 2.168404344971009e-19
0 0.6550435621869783 0.00030650041736228484 0.6530871765442404 0.01628364983305511 0.6589563334724541 0.036825699081803026 0.6798244469949917 0.04889007721202006 0.7156915171118531 0.04986827003338899 0.7391681448247078 0.025413449499165297 0.73721175918197 0.00030650041736228484
