0 0.6384943181818182 0.7568655303030303 0.5864109848484848 0.7746212121212122 0.5710227272727272 0.8148674242424242 0.5745738636363636 0.8633996212121212 0.6148200757575758 0.8870738636363636 0.6621685606060607 0.8847064393939393 0.6976799242424242 0.8562973484848485 0.6976799242424242 0.7876420454545454
0 0.9154829545454545 0.4396306818181818 0.8740530303030302 0.4597537878787879 0.8681344696969696 0.5106534090909091 0.8941761363636364 0.5449810606060607 0.9450757575757575 0.5544507575757576 0.9782196969696969 0.5343276515151515 0.9888731060606061 0.4857954545454546 0.9687499999999999 0.44554924242424243
0 0.6420454545454545 0.43016098484848486 0.5864109848484848 0.4467329545454546 0.5651041666666666 0.49526515151515155 0.5804924242424242 0.5402462121212122 0.6254734848484848 0.5651041666666666 0.6751893939393939 0.5544507575757576 0.7024147727272728 0.5213068181818182 0.6929450757575758 0.45738636363636365
0 0.43489583333333337 0.11174242424242428 0.35440340909090906 0.12831439393939395 0.34375 0.18394886363636365 0.35203598484848486 0.23484848484848486 0.39583333333333337 0.25497159090909094 0.46212121212121215 0.24550189393939395 0.48461174242424243 0.19578598484848486 0.48224431818181823 0.14607007575757577
0 0.5686553030303031 0.10582386363636367 0.5224905303030303 0.13304924242424243 0.5118371212121212 0.1756628787878788 0.5153882575757576 0.21709280303030304 0.5426136363636364 0.24431818181818182 0.5970643939393939 0.2502367424242425 0.6396780303030304 0.2312973484848485 0.6515151515151515 0.17921401515151517 0.6349431818181818 0.13304924242424243
0 0.002840909090909116 0.4491003787878788 0.047821969696969724 0.45028409090909094 0.0679450757575758 0.4786931818181818 0.0703125 0.5177556818181819 0.04900568181818188 0.5449810606060607 0.00047348484848491745 0.5532670454545454
0 0.01941287878787884 0.11766098484848488 0.06912878787878796 0.11055871212121215 0.1046401515151516 0.13304924242424243 0.10582386363636365 0.17803030303030304 0.09398674242424243 0.2159090909090909 0.04308712121212127 0.2265625 0.012310606060606077 0.2099905303030303 0.0016571969696970168 0.16856060606060608
0 0.735558712121212 0.059659090909090946 0.7059659090909091 0.08806818181818185 0.7107007575757575 0.12713068181818185 0.7426609848484848 0.14607007575757577 0.7805397727272726 0.13896780303030304 0.7994791666666666 0.12239583333333337 0.7829071969696969 0.059659090909090946
0 0.8255208333333334 0.0632102272727273 0.804214015151515 0.08214962121212124 0.8077651515151515 0.10937500000000003 0.8172348484848485 0.13541666666666669 0.8444602272727272 0.13541666666666669 0.8669507575757575 0.12594696969696972 0.8752367424242423 0.09872159090909094 0.8645833333333334 0.07623106060606065
0 0.7556818181818182 0.1531723484848485 0.7249053030303031 0.15553977272727273 0.7095170454545455 0.16737689393939395 0.7107007575757575 0.20052083333333334 0.7237215909090909 0.22182765151515152 0.7473958333333334 0.22182765151515152 0.7710700757575758 0.21235795454545456 0.7758049242424242 0.18276515151515152
0 0.8267045454545455 0.1472537878787879 0.7935606060606061 0.15909090909090912 0.7888257575757575 0.19578598484848486 0.7971117424242423 0.21827651515151517 0.8302556818181818 0.2265625 0.8657670454545455 0.22892992424242425 0.8787878787878788 0.18276515151515152 0.8728693181818182 0.1531723484848485
0 0.930871212121212 0.14251893939393942 0.891808712121212 0.15672348484848486 0.8847064393939393 0.20170454545454547 0.889441287878788 0.2206439393939394 0.9237689393939393 0.22774621212121213 0.9592803030303031 0.2206439393939394 0.969933712121212 0.17921401515151517 0.9628314393939393 0.15435606060606064
0 0.9545454545454545 0.07267992424242428 0.928503787878788 0.06439393939393943 0.8977272727272726 0.07267992424242428 0.8870738636363636 0.11055871212121215 0.9000946969696969 0.12949810606060608 0.9249526515151515 0.1366003787878788 0.9616477272727272 0.12357954545454548
