0 0.1279091591591592 0.9686561561561562 0.1279091591591592 0.9636824324324325 0.12922297297297305 0.9592717717717718 0.1349474474474475 0.9554241741741742 0.142454954954955 0.9557995495495495 0.14752252252252257 0.9602102102102101 0.14874249249249255 0.9660285285285285 0.14517642642642647 0.9742867867867867 0.13888888888888895 0.9768205705705706 0.1325075075075076 0.9755067567567568 0.1297860360360361 0.9723160660660661
0 0.10786657559198543 0.9514458105646629 0.10763888888888888 0.9491689435336976 0.1081511839708561 0.9471197632058287 0.1094603825136612 0.9448998178506374 0.11207877959927141 0.9434198542805099 0.11634790528233152 0.9435336976320582 0.11890938069216757 0.9454690346083788 0.12067395264116575 0.9491689435336976 0.1197632058287796 0.9525273224043714 0.11782786885245902 0.9548041894353368 0.11498178506375228 0.955714936247723 0.11128187613843352 0.9556010928961748 0.10917577413479052 0.9542918943533696
0 0.09158697632058287 0.9511042805100183 0.09135928961748632 0.9488274134790529 0.09187158469945354 0.9467782331511839 0.09318078324225866 0.9445582877959926 0.09579918032786885 0.9430783242258652 0.10006830601092896 0.9431921675774134 0.10262978142076501 0.9451275045537341 0.10439435336976319 0.9488274134790529 0.10348360655737705 0.9521857923497267 0.10154826958105646 0.9544626593806921 0.09870218579234973 0.9553734061930783 0.09500227686703096 0.95525956284153 0.09289617486338796 0.9539503642987248
0 0.09158697632058287 0.9511042805100183 0.09135928961748632 0.9488274134790529 0.09187158469945354 0.9467782331511839 0.09318078324225866 0.9445582877959926 0.09579918032786885 0.9430783242258652 0.10006830601092896 0.9431921675774134 0.10262978142076501 0.9451275045537341 0.10439435336976319 0.9488274134790529 0.10348360655737705 0.9521857923497267 0.10154826958105646 0.9544626593806921 0.09870218579234973 0.9553734061930783 0.09500227686703096 0.95525956284153 0.09289617486338796 0.9539503642987248
0 0.09545765027322403 0.9698884335154825 0.0945469034608379 0.9678961748633879 0.09420537340619307 0.9640824225865208 0.09562841530054646 0.9614071038251365 0.09836065573770493 0.9594717668488159 0.1029143897996357 0.9588456284153004 0.10564663023679417 0.9601548269581055 0.10763888888888888 0.9626593806921674 0.10820810564663022 0.9661316029143897 0.10672814207650273 0.9697176684881602 0.10490664845173041 0.9716530054644809 0.10137750455373407 0.9731329690346083 0.09773451730418943 0.9719945355191256
0 0.0854692429022082 0.9719045741324921 0.08119742376445847 0.9730875394321767 0.07653128286014722 0.971247371188223 0.07488827549947423 0.9686842797055732 0.07462539432176657 0.9648725026288119 0.0757426393270242 0.9613236067297581 0.0792258149316509 0.9590891167192429 0.08402339642481597 0.9589576761303892 0.08803233438485805 0.9627037329127236 0.08855809674027339 0.9670412723449001 0.08704652996845424 0.971181650893796
0 0.08408911671924292 0.9552116193480548 0.08054022082018927 0.9553430599369085 0.07745136698212408 0.9523856466876972 0.07705704521556257 0.9483767087276552 0.07889721345951631 0.9458136172450053 0.08165746582544689 0.944499211356467 0.0854692429022082 0.9452221345951631 0.08862381703470033 0.9485738696109359 0.08822949526813882 0.9521884858044164 0.08560068349106205 0.9546201366982124
0 0.02623746867167919 0.96796679197995 0.024357769423558887 0.9651472431077693 0.02396616541353384 0.9627192982456141 0.02521929824561404 0.9601347117794485 0.027255639097744363 0.9580200501253133 0.03148496240601503 0.9580983709273183 0.03461779448621553 0.9595081453634084 0.03634085213032582 0.9631892230576441 0.034774436090225555 0.9666353383458646 0.03195488721804511 0.968828320802005
0 0.015272556390977444 0.9768170426065164 0.01339285714285714 0.9739974937343359 0.013001253132832093 0.9715695488721805 0.014254385964912296 0.9689849624060151 0.01629072681704262 0.9668703007518797 0.020520050125313282 0.9669486215538847 0.02365288220551379 0.968358395989975 0.025375939849624073 0.9720394736842106 0.023809523809523808 0.975485588972431 0.020989974937343364 0.9776785714285715
0 0.02623746867167919 0.96796679197995 0.024357769423558887 0.9651472431077693 0.02396616541353384 0.9627192982456141 0.02521929824561404 0.9601347117794485 0.027255639097744363 0.9580200501253133 0.03148496240601503 0.9580983709273183 0.03461779448621553 0.9595081453634084 0.03634085213032582 0.9631892230576441 0.034774436090225555 0.9666353383458646 0.03195488721804511 0.968828320802005
0 0.007988721804511283 0.9770520050125312 0.0046992481203007586 0.9768953634085212 0.0027412280701754454 0.975015664160401 0.0020363408521303227 0.9721177944862154 0.003132832080200506 0.9698464912280701 0.006109022556390981 0.9685150375939849 0.009241854636591475 0.96906328320802 0.010808270676691727 0.9711779448621553 0.011199874686716788 0.9742324561403509 0.009398496240601505 0.9763471177944861
0 0.007440476190476192 0.9666353383458646 0.004151002506265667 0.9664786967418545 0.002192982456140354 0.9645989974937343 0.0014880952380952313 0.9617011278195488 0.0025845864661654143 0.9594298245614035 0.0055607769423558885 0.9580983709273183 0.008693609022556382 0.9586466165413534 0.010260025062656636 0.9607612781954886 0.010651629072681695 0.9638157894736842 0.008850250626566414 0.9659304511278195
0 0.007988721804511283 0.9552005012531327 0.0046992481203007586 0.9550438596491228 0.0027412280701754454 0.9531641604010025 0.0020363408521303227 0.950266290726817 0.003132832080200506 0.9479949874686717 0.006109022556390981 0.9466635338345865 0.009241854636591475 0.9472117794486216 0.010808270676691727 0.9493264411027569 0.011199874686716788 0.9523809523809524 0.009398496240601505 0.9544956140350876
0 0.08994829683698304 0.923433698296837 0.08652676399026772 0.9228254257907542 0.08523418491484192 0.9211526763990268 0.08538625304136259 0.9186435523114356 0.08683090024330907 0.916742700729927 0.0898722627737227 0.9157542579075425 0.09200121654501224 0.91742700729927 0.09291362530413631 0.9207725060827251 0.09093673965936747 0.9232055961070559
0 0.07487393842887473 0.9055533439490445 0.06983147558386411 0.9057523885350319 0.0668458067940552 0.9028330679405521 0.06651406581740976 0.8994493099787686 0.06757563694267515 0.8965299893842889 0.07003052016985137 0.8948712845010617 0.07394506369426752 0.8948049363057325 0.07673168789808917 0.8969280785562633 0.07839039278131633 0.9001127919320595 0.07739516985138004 0.9038946390658174
0 0.0570926220806794 0.9056860403397027 0.05205015923566878 0.90588508492569 0.04906449044585988 0.9029657643312102 0.04873274946921444 0.8995820063694266 0.04979432059447982 0.8966626857749469 0.05224920382165604 0.8950039808917197 0.0561637473460722 0.8949376326963907 0.05895037154989384 0.8970607749469214 0.060609076433121016 0.9002454883227177 0.059613853503184704 0.9040273354564755
0 0.04091435185185185 0.9216435185185184 0.03865740740740742 0.9211805555555557 0.037557870370370366 0.9199652777777779 0.03738425925925925 0.9185185185185185 0.038310185185185176 0.9165509259259259 0.04050925925925925 0.9159722222222223 0.042361111111111106 0.9166666666666666 0.043113425925925916 0.9189236111111112 0.04241898148148149 0.9208912037037038
0 0.029976851851851845 0.9219328703703703 0.027719907407407415 0.9214699074074074 0.02662037037037037 0.9202546296296297 0.02644675925925925 0.9188078703703703 0.027372685185185177 0.9168402777777778 0.02957175925925925 0.916261574074074 0.03142361111111111 0.9169560185185185 0.03217592592592591 0.9192129629629631 0.031481481481481485 0.9211805555555557
0 0.04068287037037037 0.9111689814814813 0.03842592592592594 0.9107060185185185 0.037326388888888895 0.9094907407407408 0.03715277777777777 0.9080439814814814 0.038078703703703705 0.9060763888888888 0.04027777777777777 0.9054976851851851 0.04212962962962963 0.9061921296296295 0.04288194444444444 0.908449074074074 0.04218750000000001 0.9104166666666667
0 0.03015046296296294 0.9004629629629629 0.027893518518518512 0.9 0.026793981481481464 0.8987847222222223 0.026620370370370346 0.8973379629629629 0.027546296296296274 0.8953703703703703 0.029745370370370346 0.8947916666666667 0.0315972222222222 0.8954861111111111 0.03234953703703701 0.8977430555555557 0.03165509259259258 0.8997106481481482
0 0.04068287037037037 0.9111689814814813 0.03842592592592594 0.9107060185185185 0.037326388888888895 0.9094907407407408 0.03715277777777777 0.9080439814814814 0.038078703703703705 0.9060763888888888 0.04027777777777777 0.9054976851851851 0.04212962962962963 0.9061921296296295 0.04288194444444444 0.908449074074074 0.04218750000000001 0.9104166666666667
0 0.03113425925925925 0.9111111111111112 0.02893518518518518 0.9117476851851851 0.026909722222222227 0.9107638888888889 0.026157407407407417 0.9092013888888889 0.026388888888888892 0.9068865740740741 0.027488425925925916 0.9057291666666667 0.030034722222222227 0.9049768518518518 0.03194444444444444 0.9059606481481481 0.03304398148148149 0.9081018518518518 0.03269675925925925 0.9100694444444446
0 0.04143518518518518 0.9003472222222225 0.03923611111111111 0.9009837962962964 0.03721064814814815 0.9000000000000002 0.03645833333333334 0.8984375000000002 0.03668981481481482 0.8961226851851853 0.037789351851851845 0.8949652777777779 0.040335648148148155 0.894212962962963 0.04224537037037037 0.8951967592592595 0.043344907407407415 0.8973379629629631 0.04299768518518518 0.8993055555555558
0 0.07487393842887473 0.9055533439490445 0.06983147558386411 0.9057523885350319 0.0668458067940552 0.9028330679405521 0.06651406581740976 0.8994493099787686 0.06757563694267515 0.8965299893842889 0.07003052016985137 0.8948712845010617 0.07394506369426752 0.8948049363057325 0.07673168789808917 0.8969280785562633 0.07839039278131633 0.9001127919320595 0.07739516985138004 0.9038946390658174
0 0.0002578382838283844 0.894131600660066 0.0014954620462046128 0.8928424092409241 0.00381600660066006 0.8921204620462045 0.007167904290429033 0.8925845709570956 0.009436881188118812 0.8944925742574257 0.010365099009900985 0.898102310231023 0.009024339933993394 0.9012995049504949 0.007322607260726066 0.9023824257425741 0.005002062706270619 0.903052805280528 0.0029393564356435557 0.9030012376237623 0.0 0.9021684199669967
0 0.004847359735973598 0.9084158415841583 0.005414603960396036 0.9068688118811882 0.007322607260726066 0.9053217821782177 0.011087046204620456 0.9052702145214521 0.013356023102310223 0.9065078382838283 0.014696782178217814 0.9085189768976898 0.01449051155115511 0.9106848184818481 0.012995049504950486 0.9128506600660065 0.011241749174917489 0.9141914191419142 0.008302392739273922 0.9144492574257426 0.006497524752475243 0.9138304455445545 0.005363036303630354 0.9120771452145214 0.004950495049504949 0.9103754125412542
0 0.00015470297029702114 0.9185746699669965 0.0025268151815181503 0.9182652640264026 0.004641089108910883 0.9186262376237623 0.005930280528052805 0.9199154290429042 0.0067037953795379464 0.9216687293729372 0.006239686468646859 0.9243502475247524 0.005311468646864685 0.9257425742574257 0.0032487623762376214 0.9267739273927392 0.0005156765676567568 0.927134900990099
0 0.0794474921630094 0.7351423719958202 0.07758620689655173 0.7348811389759666 0.07703108672936258 0.7333790491118077 0.07732497387669801 0.7319749216300941 0.07781478578892372 0.730962643678161 0.07928422152560084 0.7307014106583072 0.08055773249738767 0.730962643678161 0.08147204806687565 0.7318443051201672 0.08166797283176594 0.7333137408568443 0.08121081504702196 0.7343586729362591 0.0801658829676071 0.7351097178683386
0 0.08937434691745036 0.7351423719958202 0.0875130616509927 0.7348811389759666 0.08695794148380355 0.7333790491118077 0.08725182863113896 0.7319749216300941 0.08774164054336468 0.730962643678161 0.08921107628004181 0.7307014106583072 0.09048458725182863 0.730962643678161 0.0913989028213166 0.7318443051201672 0.09159482758620689 0.7333137408568443 0.09113766980146291 0.7343586729362591 0.09009273772204805 0.7351097178683386
0 0.08930903866248692 0.7433385579937304 0.08744775339602925 0.7430773249738767 0.08689263322884011 0.7415752351097178 0.08718652037617554 0.7401711076280042 0.08767633228840124 0.739158829676071 0.08914576802507837 0.7388975966562173 0.0904192789968652 0.739158829676071 0.09133359456635318 0.7400404911180772 0.09152951933124345 0.7415099268547545 0.09107236154649948 0.7425548589341692 0.09002742946708463 0.7433059038662486
0 0.09936650992685475 0.7353056426332287 0.09750522466039709 0.735044409613375 0.09695010449320794 0.7335423197492161 0.09724399164054337 0.7321381922675025 0.09773380355276907 0.7311259143155694 0.0992032392894462 0.7308646812957157 0.10047675026123302 0.7311259143155694 0.10139106583072101 0.7320075757575757 0.10158699059561128 0.7334770114942528 0.1011298328108673 0.7345219435736676 0.10008490073145246 0.735272988505747
0 0.09930120167189131 0.7438283699059559 0.09743991640543365 0.7435671368861023 0.0968847962382445 0.7420650470219434 0.09717868338557993 0.7406609195402297 0.09766849529780564 0.7396486415882966 0.09913793103448276 0.7393874085684429 0.10041144200626959 0.7396486415882966 0.10132575757575757 0.7405303030303029 0.10152168234064785 0.74199973876698 0.10106452455590387 0.7430446708463948 0.10001959247648902 0.7437957157784741
0 0.11121115819209038 0.7408015536723163 0.10944562146892656 0.739742231638418 0.10870409604519773 0.7379766949152542 0.10863347457627119 0.7360699152542373 0.10993997175141242 0.7344103107344632 0.11135240112994348 0.733633474576271 0.11393008474576272 0.733633474576271 0.11583686440677965 0.7345515536723163 0.11664901129943502 0.7367761299435027 0.11555437853107345 0.739989406779661 0.11378884180790962 0.7413665254237287
0 0.1321857344632768 0.7395303672316383 0.13066737288135588 0.7408721751412429 0.1280896892655367 0.7411193502824858 0.12643008474576273 0.7398481638418078 0.1253707627118644 0.7376588983050847 0.12540607344632765 0.7355755649717514 0.1268891242937853 0.7337747175141242 0.1294314971751412 0.7333509887005649 0.1317266949152542 0.7341631355932203 0.13306850282485874 0.7360699152542373 0.1330331920903955 0.7381532485875706
0 0.15779702970297033 0.7380363036303631 0.15734323432343236 0.7366749174917492 0.15734323432343236 0.7350247524752476 0.15882838283828382 0.7339108910891089 0.1606848184818482 0.7341584158415841 0.16163366336633664 0.7351897689768977 0.1617986798679868 0.7368811881188119 0.1606848184818482 0.7379950495049505 0.1590759075907591 0.7385726072607262
0 0.15470297029702973 0.7424504950495051 0.15424917491749174 0.7410891089108912 0.15424917491749174 0.7394389438943896 0.1557343234323432 0.7383250825082509 0.1575907590759076 0.7385726072607262 0.15853960396039601 0.7396039603960397 0.15870462046204617 0.7412953795379539 0.1575907590759076 0.7424092409240924 0.1559818481848185 0.742986798679868
0 0.15474422442244223 0.7477722772277229 0.15429042904290427 0.746410891089109 0.15429042904290427 0.7447607260726073 0.15577557755775573 0.7436468646864687 0.15763201320132011 0.7438943894389439 0.15858085808580852 0.7449257425742575 0.1587458745874587 0.7466171617161717 0.15763201320132011 0.7477310231023102 0.156023102310231 0.7483085808580858
0 0.15936468646864688 0.7471947194719474 0.1589108910891089 0.7458333333333335 0.1589108910891089 0.7441831683168318 0.16039603960396037 0.7430693069306932 0.16225247524752476 0.7433168316831684 0.16320132013201316 0.744348184818482 0.16336633663366332 0.7460396039603961 0.16225247524752476 0.7471534653465347 0.16064356435643565 0.7477310231023103
0 0.16439768976897692 0.7415016501650166 0.16394389438943893 0.7401402640264027 0.16394389438943893 0.738490099009901 0.1654290429042904 0.7373762376237625 0.1672854785478548 0.7376237623762376 0.1682343234323432 0.7386551155115513 0.16839933993399336 0.7403465346534653 0.1672854785478548 0.741460396039604 0.1656765676567657 0.7420379537953796
0 0.16423267326732674 0.7470709570957097 0.16377887788778878 0.7457095709570958 0.16377887788778878 0.7440594059405942 0.16526402640264024 0.7429455445544555 0.16712046204620465 0.7431930693069307 0.16806930693069305 0.7442244224422443 0.1682343234323432 0.7459158415841585 0.16712046204620465 0.747029702970297 0.16551155115511554 0.7476072607260726
0 0.16897689768976903 0.7466996699669969 0.16852310231023107 0.745338283828383 0.16852310231023107 0.7436881188118813 0.17000825082508253 0.7425742574257427 0.17186468646864692 0.7428217821782179 0.17281353135313532 0.7438531353135315 0.1729785478547855 0.7455445544554457 0.17186468646864692 0.7466584158415842 0.1702557755775578 0.7472359735973598
0 0.1699257425742575 0.7416254125412544 0.16947194719471953 0.7402640264026404 0.16947194719471953 0.7386138613861388 0.170957095709571 0.7375000000000002 0.17281353135313537 0.7377475247524754 0.17376237623762378 0.738778877887789 0.17392739273927393 0.7404702970297031 0.17281353135313537 0.7415841584158417 0.17120462046204626 0.7421617161716173
0 0.17537128712871294 0.7404290429042907 0.17491749174917495 0.7390676567656768 0.17491749174917495 0.7374174917491751 0.17640264026402644 0.7363036303630366 0.17825907590759082 0.7365511551155117 0.17920792079207923 0.7375825082508253 0.17937293729372938 0.7392739273927394 0.17825907590759082 0.7403877887788781 0.17665016501650171 0.7409653465346537
0 0.17396864686468647 0.7337458745874588 0.17347359735973597 0.7315594059405941 0.17405115511551153 0.7301567656765677 0.17524752475247524 0.7288778877887789 0.17743399339933996 0.7285478547854786 0.17970297029702972 0.7299504950495049 0.17990924092409244 0.7323844884488449 0.1790016501650165 0.7342821782178218 0.17706270627062706 0.734983498349835
0 0.22831439393939396 0.7413825757575757 0.22989267676767677 0.7390467171717172 0.23014520202020203 0.7365214646464646 0.22926136363636365 0.7342487373737374 0.2269886363636364 0.7321654040404041 0.2242108585858586 0.7319760101010101 0.2208017676767677 0.7331123737373737 0.21966540404040405 0.7358901515151515 0.2203598484848485 0.7395517676767677 0.22294823232323235 0.7425189393939394 0.22604166666666672 0.7423926767676767
0 0.2923328488372093 0.7448522286821706 0.28554990310077516 0.7440043604651163 0.28288517441860467 0.739280523255814 0.28288517441860467 0.7356468023255814 0.28530765503875966 0.7312863372093024 0.29124273255813954 0.7298328488372093 0.2962088178294574 0.7322553294573644 0.29826792635658916 0.73734253875969 0.29657218992248063 0.7429142441860466
0 0.4341385933806148 0.7439790189125296 0.4309618794326241 0.7439790189125296 0.4284500591016549 0.7425014775413712 0.42667700945626486 0.7379949763593381 0.42785904255319146 0.7343011229314421 0.4300753546099291 0.7322325650118203 0.43472960992907794 0.7311244089834517 0.43827570921985815 0.7335623522458629 0.43990100472813237 0.7373300827423168 0.43908835697399523 0.7421320921985817
0 0.05324074074074075 0.6987654320987654 0.05185185185185184 0.6952932098765431 0.05162037037037037 0.6910493827160493 0.052700617283950625 0.6874228395061728 0.054938271604938284 0.6842592592592591 0.059722222222222225 0.6825617283950617 0.06419753086419752 0.6823302469135801 0.06905864197530864 0.6847993827160492 0.07160493827160493 0.6885802469135801 0.07237654320987655 0.6933641975308641 0.07037037037037037 0.6992283950617284 0.06558641975308642 0.7028549382716048 0.05833333333333332 0.7030864197530863 0.054398148148148154 0.7003086419753086
0 0.09189814814814816 0.6989197530864196 0.09050925925925925 0.6954475308641974 0.09027777777777778 0.6912037037037035 0.09135802469135802 0.687577160493827 0.09359567901234568 0.6844135802469133 0.09837962962962964 0.6827160493827159 0.10285493827160493 0.6824845679012345 0.10771604938271606 0.6849537037037036 0.11026234567901232 0.6887345679012344 0.11103395061728397 0.6935185185185184 0.10902777777777777 0.6993827160493826 0.10424382716049382 0.7030092592592592 0.09699074074074072 0.7032407407407406 0.09305555555555556 0.7004629629629628
0 0.1190528959810875 0.699431146572104 0.1168365839243499 0.6977319739952719 0.1172059692671395 0.6942597517730497 0.11779698581560284 0.6926344562647754 0.12053043735224586 0.6913046690307328 0.12415041371158393 0.6926344562647754 0.12525856973995272 0.6952201536643027 0.1247414302600473 0.6982491134751774 0.12193410165484636 0.6999482860520095
0 0.13375443262411346 0.7001699172576832 0.13227689125295508 0.6978058510638299 0.13116873522458627 0.6927083333333334 0.13183362884160757 0.6894577423167849 0.13382830969267143 0.6860593971631206 0.13892582742316786 0.6836214539007093 0.14365395981087473 0.6838430851063829 0.14867760047281328 0.687463061465721 0.15067228132387706 0.6926344562647754 0.14941637115839246 0.6978797281323877 0.1460919030732861 0.7012780732860521 0.14217641843971635 0.7031988770685579 0.1372266548463357 0.7025339834515366
0 0.1714317375886525 0.700391548463357 0.1699541962174941 0.6980274822695037 0.1688460401891253 0.6929299645390072 0.1695109338061466 0.6896793735224588 0.17150561465721045 0.6862810283687945 0.1766031323877069 0.6838430851063831 0.18133126477541375 0.6840647163120569 0.1863549054373523 0.687684692671395 0.1883495862884161 0.6928560874704494 0.18709367612293148 0.6981013593380616 0.18376920803782512 0.7014997044917259 0.17985372340425537 0.7034205082742317 0.17490395981087473 0.7027556146572105
0 0.1714317375886525 0.700391548463357 0.1699541962174941 0.6980274822695037 0.1688460401891253 0.6929299645390072 0.1695109338061466 0.6896793735224588 0.17150561465721045 0.6862810283687945 0.1766031323877069 0.6838430851063831 0.18133126477541375 0.6840647163120569 0.1863549054373523 0.687684692671395 0.1883495862884161 0.6928560874704494 0.18709367612293148 0.6981013593380616 0.18376920803782512 0.7014997044917259 0.17985372340425537 0.7034205082742317 0.17490395981087473 0.7027556146572105
0 0.0005501760563380268 0.604643485915493 0.005171654929577467 0.6050836267605634 0.00971977699530516 0.6077978286384977 0.012507335680751174 0.6121992370892019 0.01243397887323944 0.6179944248826292 0.009426349765258213 0.6229093309859155 0.005685152582159627 0.625036678403756 0.0014304577464788791 0.6260636737089202 0.0 0.6257270954156311
0 0.0474630376344086 0.5462869623655914 0.04578293010752689 0.5414146505376344 0.046034946236559134 0.5367103494623655 0.04805107526881721 0.5304939516129031 0.05250336021505377 0.5269657258064516 0.05913978494623655 0.5250336021505376 0.06527217741935484 0.5260416666666666 0.07048051075268817 0.5301579301075269 0.07283266129032258 0.5343581989247311 0.07350470430107527 0.5409946236559139 0.07174059139784945 0.5458669354838709 0.06762432795698924 0.5510752688172043 0.0607358870967742 0.5536794354838709 0.05267137096774193 0.5520833333333334 0.04889112903225807 0.5484711021505376
0 0.10739664082687336 0.549014857881137 0.10448966408268733 0.5469961240310077 0.10295542635658915 0.5441698966408268 0.10295542635658915 0.5401324289405686 0.10489341085271317 0.5376291989664084 0.10820413436692505 0.5359334625322997 0.11256459948320412 0.5365794573643411 0.11498708010335917 0.539890180878553 0.11522932816537468 0.5445736434108527 0.11321059431524545 0.5477228682170543 0.10917312661498708 0.5494186046511629
0 0.10812338501291985 0.5263242894056848 0.1052164082687338 0.5243055555555555 0.10368217054263563 0.5214793281653747 0.10368217054263563 0.5174418604651163 0.10562015503875964 0.5149386304909561 0.10893087855297154 0.5132428940568474 0.1132913436692506 0.5138888888888888 0.11571382428940566 0.5171996124031008 0.11595607235142116 0.5218830749354004 0.11393733850129195 0.525032299741602 0.10989987080103357 0.5267280361757106
0 0.10763888888888885 0.4871990772594529 0.1047319121447028 0.4851803434093237 0.10319767441860464 0.4823541160191428 0.10319767441860464 0.4783166483188845 0.10513565891472865 0.47581341834472424 0.10844638242894054 0.47411768191061565 0.11280684754521962 0.474763676742657 0.11522932816537468 0.4780744002568689 0.11547157622739017 0.48275786278916866 0.11345284237726096 0.4859070875953702 0.10941537467700257 0.48760282402947874
0 0.1307332041343669 0.532703488372093 0.12887596899224807 0.5284237726098191 0.12936046511627908 0.5234173126614987 0.1327519379844961 0.5204295865633075 0.13759689922480617 0.5201873385012921 0.14155361757105941 0.5226905684754523 0.14316860465116277 0.5261627906976745 0.14260335917312658 0.5308462532299741 0.14001937984496124 0.533672480620155 0.13598191214470282 0.5347222222222223
0 0.13264973958333334 0.5093587239583334 0.13102213541666666 0.5074869791666666 0.13045247395833334 0.5043131510416666 0.13094075520833334 0.5018717447916666 0.13289388020833334 0.4998372395833333 0.136474609375 0.4991861979166667 0.13981119791666666 0.5006510416666666 0.14168294270833334 0.5039876302083334 0.14054361979166666 0.5078938802083334 0.13753255208333334 0.51025390625 0.13566080729166666 0.5105794270833334
0 0.15877278645833334 0.509521484375 0.15714518229166666 0.5076497395833334 0.15657552083333334 0.5044759114583334 0.15706380208333334 0.5020345052083334 0.15901692708333334 0.5 0.16259765625 0.4993489583333333 0.16593424479166666 0.5008138020833334 0.16780598958333334 0.504150390625 0.16666666666666666 0.508056640625 0.16365559895833334 0.5104166666666666 0.16178385416666666 0.5107421875
0 0.132080078125 0.4701334635416667 0.13045247395833334 0.46826171875 0.1298828125 0.465087890625 0.13037109375 0.462646484375 0.13232421875 0.4606119791666667 0.13590494791666666 0.4599609375 0.13924153645833334 0.46142578125 0.14111328125 0.4647623697916667 0.13997395833333334 0.4686686197916667 0.136962890625 0.4710286458333333 0.13509114583333334 0.4713541666666667
0 0.15861002604166666 0.4701334635416667 0.156982421875 0.46826171875 0.15641276041666666 0.465087890625 0.15690104166666666 0.462646484375 0.15885416666666666 0.4606119791666667 0.16243489583333334 0.4599609375 0.165771484375 0.46142578125 0.16764322916666666 0.4647623697916667 0.16650390625 0.4686686197916667 0.16349283854166666 0.4710286458333333 0.16162109375 0.4713541666666667
0 0.1319411892361111 0.4349174141589505 0.13031358506944443 0.4330456693672839 0.1297439236111111 0.4298718412422839 0.1302322048611111 0.4274304349922839 0.1321853298611111 0.4253959297839505 0.13576605902777777 0.4247448881172839 0.13910264756944443 0.4262097318672839 0.1409743923611111 0.4295463204089505 0.13983506944444443 0.4334525704089505 0.1368240017361111 0.4358125964506172 0.13495225694444443 0.4361381172839505
0 0.15871588059413577 0.4351488956404321 0.15708827642746911 0.4332771508487654 0.15651861496913577 0.4301033227237654 0.15700689621913577 0.4276619164737654 0.15896002121913577 0.4256274112654321 0.16254075038580246 0.4249763695987654 0.16587733892746911 0.4264412133487654 0.16774908371913577 0.4297778018904321 0.16660976080246911 0.4336840518904321 0.16359869309413577 0.4360440779320987 0.16172694830246911 0.4363695987654321
0 0.10887163050624586 0.4494771837683286 0.10596465376205981 0.4474584499181994 0.10443041603596165 0.44463222252801854 0.10443041603596165 0.44059475482776017 0.10636840053208566 0.4380915248536 0.10967912404629755 0.43639578841949134 0.11403958916257663 0.43704178325153276 0.11646206978273167 0.4403525067657446 0.11670431784474718 0.44503596929804434 0.11468558399461797 0.44818519410424595 0.11064811629435958 0.4498809305383545
0 0.1327868178829717 0.40497521138174086 0.12987984113878565 0.4029564775316117 0.12834560341268747 0.4001302501414307 0.12834560341268747 0.3960927824411724 0.1302835879088115 0.39358955246701216 0.1335943114230234 0.3918938160329036 0.13795477653930246 0.39253981086494494 0.1403772571594575 0.39585053437915685 0.140619505221473 0.4005339969114566 0.1386007713713438 0.40368322171765814 0.13456330367108543 0.4053789581517667
0 0.1327868178829717 0.40497521138174086 0.12987984113878565 0.4029564775316117 0.12834560341268747 0.4001302501414307 0.12834560341268747 0.3960927824411724 0.1302835879088115 0.39358955246701216 0.1335943114230234 0.3918938160329036 0.13795477653930246 0.39253981086494494 0.1403772571594575 0.39585053437915685 0.140619505221473 0.4005339969114566 0.1386007713713438 0.40368322171765814 0.13456330367108543 0.4053789581517667
0 0.11151352097130243 0.4209521279831742 0.10737444812362033 0.4183307151796422 0.10558084988962471 0.41432961142688285 0.1049599889624724 0.4101905385792007 0.10599475717439294 0.4065343575637481 0.10861616997792495 0.40349903747544796 0.11316915011037527 0.40142950105160685 0.11896385209713022 0.4022573156211433 0.12310292494481236 0.40646537301628677 0.1245516004415011 0.41101835314873714 0.12317190949227372 0.41646813239818525 0.11875689845474616 0.4202622825085605 0.11379001103752762 0.421297050720481
0 0.11692690679807408 0.37600462142149443 0.11278783395039199 0.37338320861796237 0.11099423571639638 0.36938210486520306 0.11037337478924404 0.3652430320175209 0.1114081430011646 0.36158685100206833 0.1140295558046966 0.3585515309137682 0.11858253593714693 0.356481994489927 0.12437723792390187 0.35730980905946347 0.128516310771584 0.361517866454607 0.12996498626827274 0.36607084658705735 0.12858529531904536 0.3715206258365054 0.12417028428151781 0.3753147759468807 0.11920339686429926 0.37634954415880123
0 0.1614328022875817 0.40413092320261434 0.15796058006535946 0.40331392973856206 0.15602022058823528 0.4000970179738563 0.15617340686274508 0.39626736111111116 0.15867544934640523 0.39356107026143794 0.16179023692810457 0.3929483251633987 0.1650582107843137 0.3942248774509804 0.16664113562091504 0.3969311683006536 0.16648794934640523 0.40055657679738566 0.16510927287581698 0.40300755718954245
0 0.16288580246913584 0.3713734567901234 0.15848765432098763 0.37060185185185185 0.15632716049382717 0.36790123456790125 0.15570987654320986 0.3639660493827161 0.15848765432098763 0.3604166666666666 0.16211419753086423 0.3597222222222222 0.16635802469135802 0.36180555555555555 0.16743827160493827 0.3653549382716049 0.1672067901234568 0.3685956790123457 0.16435185185185186 0.37091049382716046
0 0.10887163050624586 0.4494771837683286 0.10596465376205981 0.4474584499181994 0.10443041603596165 0.44463222252801854 0.10443041603596165 0.44059475482776017 0.10636840053208566 0.4380915248536 0.10967912404629755 0.43639578841949134 0.11403958916257663 0.43704178325153276 0.11646206978273167 0.4403525067657446 0.11670431784474718 0.44503596929804434 0.11468558399461797 0.44818519410424595 0.11064811629435958 0.4498809305383545
0 0.041785714285714294 0.42357142857142854 0.03934523809523809 0.42202380952380947 0.038571428571428576 0.41869047619047617 0.039523809523809524 0.4156547619047619 0.040833333333333346 0.41386904761904764 0.04386904761904763 0.4129761904761905 0.04755952380952381 0.4139880952380952 0.04970238095238096 0.41636904761904764 0.049940476190476195 0.4197619047619048 0.048333333333333346 0.4231547619047619 0.045059523809523806 0.4244642857142857
0 0.028786799620132964 0.3018162393162393 0.025403608736942095 0.30151946818613484 0.021961063627730308 0.2988485280151947 0.02142687559354228 0.2958214624881291 0.02231718898385567 0.29243827160493824 0.024988129154795827 0.28988603988603984 0.02920227920227923 0.2897079772079772 0.03294159544159546 0.2916666666666667 0.034069325735992424 0.29504985754985746 0.03389126305792973 0.2988485280151947 0.030745489078822436 0.3012226970560304
0 0.06653608736942071 0.3018162393162393 0.06315289648622983 0.30151946818613484 0.05971035137701806 0.2988485280151947 0.059176163342830025 0.2958214624881291 0.060066476733143415 0.29243827160493824 0.06273741690408358 0.28988603988603984 0.06695156695156697 0.2897079772079772 0.07069088319088321 0.2916666666666667 0.07181861348528017 0.29504985754985746 0.07164055080721747 0.2988485280151947 0.06849477682811018 0.3012226970560304
0 0.1888808111496913 0.4568502845293209 0.18725320698302464 0.45497853973765423 0.1866835455246913 0.45180471161265423 0.1871718267746913 0.44936330536265423 0.1891249517746913 0.4473288001543209 0.19270568094135798 0.44667775848765423 0.19604226948302464 0.44814260223765423 0.1979140142746913 0.4514791907793209 0.19677469135802464 0.4553854407793209 0.1937636236496913 0.4577454668209876 0.19189187885802464 0.4580709876543209
0 0.2156854820626425 0.45884073038919354 0.21405787789597583 0.45696898559752686 0.2134882164376425 0.45379515747252686 0.2139764976876425 0.45135375122252686 0.2159296226876425 0.44931924601419354 0.21951035185430914 0.44866820434752686 0.22284694039597583 0.45013304809752686 0.2247186851876425 0.45346963663919354 0.22357936227097583 0.45737588663919354 0.2205682945626425 0.4597359126808602 0.21869654977097583 0.46006143351419354
0 0.18984626586598655 0.37750705851549876 0.1869392891218005 0.3754883246653696 0.18540505139570232 0.3726620972751886 0.18540505139570232 0.36862462957493025 0.18734303589182633 0.36612139960077006 0.1906537594060382 0.3644256631666615 0.1950142245223173 0.36507165799870284 0.19743670514247236 0.36838238151291475 0.19767895320448783 0.3730658440452144 0.19566021935435862 0.376215068851416 0.19162275165410025 0.3779108052855246
0 0.2151240436437643 0.42167372518216545 0.21221706689957828 0.4196549913320362 0.2106828291734801 0.41682876394185525 0.2106828291734801 0.41279129624159694 0.21262081366960411 0.41028806626743675 0.21593153718381605 0.4085923298333281 0.22029200230009507 0.4092383246653695 0.22271448292025017 0.4125490481795814 0.22295673098226568 0.4172325107118811 0.22093799713213647 0.42038173551808267 0.21690052943187804 0.42207747195219125
0 0.1714317375886525 0.700391548463357 0.1699541962174941 0.6980274822695037 0.1688460401891253 0.6929299645390072 0.1695109338061466 0.6896793735224588 0.17150561465721045 0.6862810283687945 0.1766031323877069 0.6838430851063831 0.18133126477541375 0.6840647163120569 0.1863549054373523 0.687684692671395 0.1883495862884161 0.6928560874704494 0.18709367612293148 0.6981013593380616 0.18376920803782512 0.7014997044917259 0.17985372340425537 0.7034205082742317 0.17490395981087473 0.7027556146572105
0 0.2351839237057221 0.704302906448683 0.232799727520436 0.7017484105358766 0.23075613079019072 0.6982856494096277 0.23013169845594916 0.6928928247048137 0.2323455949137148 0.6884082652134423 0.2379654859218892 0.6850590372388737 0.24596957311534964 0.6857402361489555 0.25 0.6906221616712079 0.2513056312443233 0.6979450499545867 0.24591280653950956 0.7048705722070845 0.24137148047229792 0.7056085376930064 0.2379654859218892 0.7056085376930064
0 0.2515292039783794 0.6798968381564845 0.2493185930459035 0.678758038585209 0.24697400569327754 0.6753416398713826 0.2468400292731275 0.6707864415862808 0.24891666378545332 0.6680399249732047 0.25193113323882954 0.6665661843515541 0.2570892254146066 0.6672360664523044 0.25976875381760767 0.6715903001071812 0.2591658599269324 0.6773512861736335 0.2548786144821307 0.6799638263665596
0 0.2515292039783794 0.6798968381564845 0.2493185930459035 0.678758038585209 0.24697400569327754 0.6753416398713826 0.2468400292731275 0.6707864415862808 0.24891666378545332 0.6680399249732047 0.25193113323882954 0.6665661843515541 0.2570892254146066 0.6672360664523044 0.25976875381760767 0.6715903001071812 0.2591658599269324 0.6773512861736335 0.2548786144821307 0.6799638263665596
0 0.2706052311435524 0.6785279805352797 0.2689324817518248 0.6759428223844283 0.26786800486618007 0.6716849148418492 0.27045316301703165 0.6673509732360098 0.27455900243309 0.6655261557177616 0.2800334549878346 0.6668947688564477 0.28223844282238447 0.6704683698296837 0.2826186131386862 0.6750304136253041 0.27972931873479323 0.6798965936739659 0.2760796836982969 0.6807329683698297 0.2725060827250609 0.6798965936739659
0 0.2751672749391728 0.6573144768856448 0.2723540145985402 0.6551094890510949 0.2714416058394161 0.6513838199513382 0.2724300486618006 0.6492548661800487 0.2749391727493918 0.6468217761557178 0.27843673965936744 0.6465176399026764 0.2818582725060828 0.6490267639902676 0.2824665450121655 0.6542731143552312 0.27927311435523117 0.657162408759124
0 0.27600364963503654 0.6402068126520681 0.27212591240875916 0.6367852798053528 0.27166970802919715 0.6313868613138687 0.2731143552311436 0.6275091240875912 0.27744829683698297 0.6256082725060828 0.2824665450121655 0.6265967153284672 0.2858880778588808 0.6303223844282239 0.2856599756690998 0.6354166666666666 0.2837591240875913 0.6386861313868613 0.28048965936739667 0.6400547445255474
0 0.34632034632034625 0.702922077922078 0.33860930735930733 0.698728354978355 0.3344155844155844 0.692099567099567 0.3333333333333333 0.6834415584415584 0.3379329004329004 0.6743777056277056 0.3495670995670995 0.6701839826839826 0.36201298701298695 0.6751893939393939 0.3663419913419913 0.685064935064935 0.3647186147186147 0.6943993506493507 0.35876623376623373 0.7018398268398268
0 0.3383911490183101 0.6562322258033937 0.3355778886776774 0.6540272379688439 0.33466547991855333 0.6503015688690872 0.3356539227409378 0.6481726150977976 0.33816304682852905 0.6457395250734667 0.3416606137385047 0.6454353888204254 0.34508214658522 0.6479445129080166 0.3456904190913027 0.6531908632729801 0.34249698843436843 0.656080157676873
0 0.3634276987259124 0.6564149743414054 0.3606144383852798 0.6542099865068555 0.3597020296261557 0.6504843174070988 0.3606904724485402 0.6483553636358093 0.3631995965361314 0.6459222736114784 0.36669716344610703 0.6456181373584371 0.3701186962928224 0.6481272614460283 0.3707269687989051 0.6533736118109917 0.3675335381419708 0.6562629062148847
0 0.3716442585457167 0.5876241848297243 0.3688309982050841 0.5854191969951745 0.36791858944596 0.5816935278954178 0.3689070322683445 0.5795645741241283 0.37141615635593567 0.5771314840997974 0.3749137232659113 0.576827347846756 0.3783352561126267 0.5793364719343472 0.3789435286187094 0.5845828222993108 0.37575009796177505 0.5874721167032037
0 0.3754028496110088 0.5706568308778344 0.37258958927037616 0.5684518430432844 0.3716771805112521 0.5647261739435278 0.37266562333363656 0.5625972201722382 0.37517474742122775 0.5601641301479073 0.3786723143312034 0.559859993894866 0.3820938471779188 0.5623691179824571 0.3827021196840015 0.5676154683474207 0.37950868902706714 0.5705047627513136
0 0.3692817155903902 0.5505752157575594 0.3664684552497576 0.5483702279230096 0.3655560464906335 0.5446445588232529 0.366544489313018 0.5425156050519633 0.36905361340060916 0.5400825150276325 0.3725511803105848 0.5397783787745911 0.3759727131573002 0.5422875028621823 0.3765809856633829 0.5475338532271459 0.37338755500644855 0.5504231476310387
0 0.3479114406763008 0.5493939442798961 0.34509818033566814 0.5471889564453463 0.3441857715765441 0.5434632873455896 0.3451742143989286 0.5413343335743 0.3476833384865198 0.5389012435499692 0.35118090539649544 0.5385971072969278 0.3546024382432108 0.541106231384519 0.3552107107492935 0.5463525817494825 0.35201728009235916 0.5492418761533754
0 0.30742604548729735 0.5719454906716487 0.3046127851466647 0.5697405028370989 0.30370037638754066 0.5660148337373422 0.30468881920992513 0.5638858799660527 0.3071979432975163 0.5614527899417218 0.310695510207492 0.5611486536886804 0.31411704305420735 0.5636577777762716 0.31472531556029004 0.5689041281412351 0.3115318849033557 0.571793422545128
0 0.4020557774829961 0.5830097592549968 0.3991562929469135 0.5809693812481239 0.3973306915723432 0.5769960135505294 0.39851196305000636 0.5723783159560277 0.40280749569605445 0.5700157730007013 0.4079621348713122 0.5708748795299109 0.4108616194073947 0.5754925771244126 0.40978773624588266 0.5806472162996704 0.4059217568644394 0.5837614774680553
0 0.32748067010309273 0.5497744845360825 0.32221864261168387 0.548485824742268 0.320715206185567 0.5448346219931272 0.32103737113402064 0.5412908075601375 0.32286297250859103 0.5380691580756014 0.3271585051546392 0.537317439862543 0.33113187285223367 0.5393578178694158 0.33252792096219935 0.5425794673539518 0.3318835910652921 0.5464454467353952 0.32984321305841924 0.5492375429553265
0 0.3479114406763008 0.5493939442798961 0.34509818033566814 0.5471889564453463 0.3441857715765441 0.5434632873455896 0.3451742143989286 0.5413343335743 0.3476833384865198 0.5389012435499692 0.35118090539649544 0.5385971072969278 0.3546024382432108 0.541106231384519 0.3552107107492935 0.5463525817494825 0.35201728009235916 0.5492418761533754
0 0.4082453910095662 0.27411254682517566 0.4053459064734836 0.2720721688183028 0.40352030509891323 0.26809880112070833 0.40470157657657646 0.26348110352620663 0.4089971092226245 0.2611185605708801 0.4141517483978823 0.26197766710008974 0.4170512329339648 0.26659536469459144 0.41597734977245276 0.27175000386984927 0.4121113703910095 0.2748642650382341
0 0.4078700156341908 0.24351945373208259 0.4049705310981082 0.24147907572520974 0.4031449297235378 0.23750570802761525 0.40432620120120105 0.23288801043311352 0.4086217338472491 0.23052546747778702 0.4137763730225069 0.23138457400699664 0.4166758575585894 0.23600227160149836 0.41560197439707736 0.24115691077675616 0.41173599501563407 0.244271171945141
0 0.3742739195380947 0.244457892170521 0.37137443500201217 0.24241751416364815 0.3695488336274418 0.23844414646605366 0.370730105105105 0.23382644887155193 0.37502563775115305 0.23146390591622543 0.3801802769264108 0.23232301244543507 0.3830797614624933 0.2369407100399368 0.3820058783009813 0.24209534921519457 0.378139898919538 0.24520961038357944
0 0.3746492949134701 0.274487922200551 0.3717498103773876 0.27244754419367817 0.3699242090028172 0.2684741764960837 0.3711054804804804 0.263856478901582 0.37540101312652846 0.2614939359462555 0.38055565230178623 0.2623530424754651 0.3834551368378687 0.2669707400699668 0.3823812536763567 0.2721253792452246 0.3785152742949134 0.27523964041360943
0 0.3070817273459026 0.2440825167951456 0.30418224280982004 0.24204213878827274 0.30235664143524965 0.23806877109067826 0.3035379129129129 0.23345107349617653 0.3078334455589609 0.23108853054085002 0.31298808473421874 0.23194763707005966 0.3158875692703012 0.2365653346645614 0.3148136861087892 0.24171997383981916 0.3109477067273459 0.24483423500820403
0 0.30736325887743415 0.2725172014798303 0.3044637743413516 0.27047682347295743 0.30263817296678125 0.26650345577536294 0.3038194444444444 0.26188575818086124 0.3081149770904925 0.25952321522553473 0.3132696162657503 0.26038232175474435 0.31616910080183275 0.26500001934924605 0.3150952176403207 0.2701546585245039 0.31122923825887744 0.2732689196928887
0 0.3939102564102564 0.3075320512820513 0.3889423076923077 0.3025641025641026 0.3883012820512821 0.29471153846153847 0.3921474358974359 0.2871794871794872 0.39743589743589747 0.2842948717948718 0.4041666666666666 0.2841346153846154 0.4123397435897436 0.2913461538461538 0.4129807692307692 0.3017628205128205 0.4065705128205128 0.3088141025641026 0.3988782051282051 0.3096153846153846
0 0.34054487179487175 0.2751602564102564 0.33798076923076925 0.2698717948717949 0.33910256410256406 0.2620192307692308 0.34374999999999994 0.2588141025641026 0.3511217948717949 0.25801282051282054 0.3557692307692308 0.2625 0.3570512820512821 0.26875 0.3554487179487179 0.2737179487179487 0.3511217948717949 0.27692307692307694 0.34583333333333327 0.2774038461538461
0 0.33557692307692305 0.2453525641025641 0.33301282051282055 0.24006410256410257 0.33413461538461536 0.23221153846153844 0.33878205128205124 0.22900641025641028 0.3461538461538462 0.22820512820512823 0.3508012820512821 0.2326923076923077 0.35208333333333336 0.23894230769230768 0.3504807692307692 0.2439102564102564 0.3461538461538462 0.24711538461538463 0.34086538461538457 0.24759615384615383
0 0.2688481750981751 0.24925935550935555 0.26628407253407255 0.24397089397089403 0.2674058674058674 0.2361183298683299 0.27205330330330324 0.2329132016632017 0.2794250981750982 0.23211191961191968 0.28407253407253413 0.23659909909909912 0.2853545853545854 0.24284909909909913 0.2837520212520212 0.24781704781704786 0.2794250981750982 0.2510221760221761 0.2741366366366366 0.25150294525294525
0 0.26847279972279975 0.2706557519057519 0.2659086971586972 0.2653672903672904 0.26703049203049206 0.25751472626472627 0.2716779279279279 0.25430959805959813 0.27904972279972284 0.2535083160083161 0.2836971586971588 0.25799549549549555 0.28497920997921006 0.26424549549549553 0.28337664587664585 0.26921344421344423 0.27904972279972284 0.2724185724185725 0.2737612612612612 0.27289934164934165
0 0.44287439613526564 0.24432367149758452 0.4409420289855072 0.24329710144927535 0.43973429951690823 0.24136473429951688 0.439975845410628 0.23804347826086952 0.4427536231884057 0.23568840579710146 0.4464975845410628 0.2361111111111111 0.44861111111111107 0.23864734299516907 0.44849033816425116 0.24245169082125603 0.4459541062801932 0.24456521739130432
0 0.44299516908212555 0.25664251207729466 0.4410628019323671 0.2556159420289855 0.43985507246376815 0.25368357487922705 0.4400966183574879 0.2503623188405797 0.44287439613526564 0.24800724637681162 0.4466183574879227 0.24842995169082124 0.44873188405797093 0.2509661835748792 0.44861111111111107 0.25477053140096617 0.44607487922705313 0.2568840579710145
0 0.42210082252804115 0.5554196691649067 0.4192013379919586 0.5533792911580339 0.4173757366173882 0.5494059234604394 0.4185570080950514 0.5447882258659377 0.42285254074109946 0.5424256829106111 0.4280071799163573 0.5432847894398207 0.43090666445243975 0.5479024870343225 0.4298327812909277 0.5530571262095803 0.42596680190948444 0.5561713873779651
0 0.48832651670074995 0.5744717109747784 0.4849182004089981 0.5720858895705522 0.4835974778459441 0.5673568507157465 0.4851110621491055 0.5628062438839557 0.4894065947951536 0.5604437009286292 0.49456123397041135 0.5613028074578388 0.4974607185064938 0.5659205050523406 0.4968473074301295 0.571319018404908 0.4932259713701433 0.574684730743013
0 0.4637126170868503 0.5743912733943409 0.46030430079509843 0.5720054519901145 0.45898357823204444 0.5672764131353089 0.46049716253520584 0.5627258063035182 0.46479269518125393 0.5603632633481916 0.4699473343565117 0.5612223698774013 0.47284681889259417 0.565840067471903 0.47223340781622986 0.5712385808244704 0.46861207175624364 0.5746042931625754
0 0.4618625527367859 0.5518687508718184 0.45845423644503397 0.5494829294675921 0.4565724206349206 0.5445188492063491 0.4580605158730159 0.5398561507936507 0.46294263083118947 0.5378407408256691 0.4680972700064473 0.5386998473548789 0.4712549603174602 0.543328373015873 0.4707093253968253 0.5486359126984126 0.4667620074061792 0.5520817706400529
0 0.42234332425068116 0.5850930971843777 0.42115122615803813 0.5837306993642144 0.4206403269754768 0.5811194368755676 0.4219459582198002 0.5796435059037239 0.42370572207084467 0.5786217075386012 0.4267711171662125 0.5790758401453224 0.4279632152588556 0.5814600363306085 0.427338782924614 0.5841848319709354 0.42574931880108996 0.585547229791099
0 0.42245685740236144 0.575045413260672 0.4212647593097184 0.5736830154405087 0.4207538601271571 0.5710717529518619 0.4220594913714804 0.5695958219800182 0.42381925522252495 0.5685740236148955 0.4268846503178928 0.5690281562216167 0.4280767484105359 0.5714123524069028 0.4274523160762943 0.5741371480472298 0.42586285195277024 0.5754995458673933
0 0.4590976381838967 0.6144756615799949 0.4556893218921448 0.6120898401757685 0.45436859932909085 0.6073608013209628 0.45588218363225225 0.6028101944891721 0.4601777162783003 0.6004476515338456 0.46533235545355806 0.6013067580630552 0.4682318399896406 0.6059244556575569 0.4676184289132762 0.6113229690101244 0.46399709285329 0.6146886813482294
0 0.42349637236111193 0.6285843113690245 0.42008805606936 0.6261984899647981 0.41876733350630607 0.6214694511099924 0.42028091780946747 0.6169188442782017 0.42457645045551556 0.6145563013228752 0.42973108963077333 0.6154154078520848 0.4326305741668558 0.6200331054465865 0.4320171630904915 0.6254316187991539 0.42839582703050527 0.628797331137259
0 0.3522938407155423 0.5902140582044676 0.3488855244237904 0.5878282368002412 0.34756480186073646 0.5830991979454355 0.34907838616389786 0.5785485911136448 0.3533739188099459 0.5761860481583182 0.3585285579852037 0.5770451546875279 0.3614280425212862 0.5816628522820296 0.3608146314449219 0.587061365634597 0.35719329538493566 0.5904270779727021
0 0.42943762781186107 0.4897494887525563 0.4260293115201092 0.4873636673483299 0.4247085889570552 0.4826346284935243 0.42622217326021666 0.4780840216617335 0.4305177059062647 0.475721478706407 0.43567234508152247 0.47658058523561664 0.43857182961760494 0.4811982828301184 0.4379584185412406 0.4865967961826858 0.4343370824812544 0.4899625085207908
0 0.44006897522522526 0.515308277027027 0.4373944256756757 0.5136190878378378 0.4365498310810811 0.509959177927928 0.43753519144144143 0.5063696509009009 0.44119510135135137 0.50390625 0.445629222972973 0.5052435247747749 0.4480926238738739 0.5091145833333334 0.44689611486486486 0.5131264076576576 0.444432713963964 0.5154490427927928
0 0.3965205881284511 0.4872168791775646 0.3938460385789015 0.4855276899883755 0.39300144398430686 0.48186778007846554 0.3939868043446672 0.47827825305143845 0.3976467142545772 0.4758148521505376 0.4020808358761988 0.47715212692531245 0.40454423677709966 0.48102318548387096 0.40334772776809064 0.48503500980819525 0.4008843268671898 0.4873576449433304
0 0.46193027155489425 0.48826436521108424 0.45925572200534476 0.4865751760218951 0.45841112741075013 0.4829152661119852 0.45939648777111036 0.4793257390849581 0.46305639768102047 0.47686233818405727 0.46749051930264196 0.47819961295883207 0.4699539202035428 0.4820706715173906 0.4687574111945338 0.48608249584171487 0.46629401029363293 0.48840513097685007
0 0.35359129519915816 0.4872168791775646 0.35091674564960856 0.4855276899883755 0.350072151055014 0.48186778007846554 0.3510575114153743 0.47827825305143845 0.3547174213252843 0.4758148521505376 0.3591515429469059 0.47715212692531245 0.3616149438478068 0.48102318548387096 0.36041843483879776 0.48503500980819525 0.35795503393789685 0.4873576449433304
0 0.3567478608557238 0.45565122261190805 0.3540733113061742 0.4539620334227189 0.35322871671157957 0.450302123512809 0.3542140770719399 0.44671259648578193 0.3578739869818499 0.444249195584881 0.3623081086034715 0.4455864703596559 0.36477150950437237 0.4494575289182144 0.36357500049536334 0.4534693532425387 0.3611115995944625 0.4557919883776738
0 0.3956367497446127 0.4553986973593828 0.39296220019506317 0.4537095081701937 0.39211760560046854 0.4500495982602838 0.3931029659608289 0.4464600712332567 0.3967628758707389 0.44399667033235585 0.4011969974923605 0.44533394510713065 0.40366039839326134 0.44920500366568916 0.4024638893842523 0.45321682799001345 0.40000048848335146 0.45553946312514865
0 0.3956367497446127 0.4553986973593828 0.39296220019506317 0.4537095081701937 0.39211760560046854 0.4500495982602838 0.3931029659608289 0.4464600712332567 0.3967628758707389 0.44399667033235585 0.4011969974923605 0.44533394510713065 0.40366039839326134 0.44920500366568916 0.4024638893842523 0.45321682799001345 0.40000048848335146 0.45553946312514865
0 0.46193027155489425 0.48826436521108424 0.45925572200534476 0.4865751760218951 0.45841112741075013 0.4829152661119852 0.45939648777111036 0.4793257390849581 0.46305639768102047 0.47686233818405727 0.46749051930264196 0.47819961295883207 0.4699539202035428 0.4820706715173906 0.4687574111945338 0.48608249584171487 0.46629401029363293 0.48840513097685007
0 0.44006897522522526 0.515308277027027 0.4373944256756757 0.5136190878378378 0.4365498310810811 0.509959177927928 0.43753519144144143 0.5063696509009009 0.44119510135135137 0.50390625 0.445629222972973 0.5052435247747749 0.4480926238738739 0.5091145833333334 0.44689611486486486 0.5131264076576576 0.444432713963964 0.5154490427927928
0 0.42839912280701753 0.4537828947368421 0.4261513157894737 0.45224780701754386 0.4256578947368421 0.45054824561403506 0.4263157894736842 0.44824561403508767 0.42741228070175435 0.4463267543859649 0.4290570175438596 0.4455043859649122 0.4315241228070175 0.4454495614035088 0.43377192982456136 0.44660087719298247 0.43492324561403506 0.44862938596491225 0.4346491228070175 0.45169956140350875 0.43294956140350876 0.4536184210526316 0.43081140350877195 0.4543859649122807
0 0.3965205881284511 0.4872168791775646 0.3938460385789015 0.4855276899883755 0.39300144398430686 0.48186778007846554 0.3939868043446672 0.47827825305143845 0.3976467142545772 0.4758148521505376 0.4020808358761988 0.47715212692531245 0.40454423677709966 0.48102318548387096 0.40334772776809064 0.48503500980819525 0.4008843268671898 0.4873576449433304
0 0.2156854820626425 0.45884073038919354 0.21405787789597583 0.45696898559752686 0.2134882164376425 0.45379515747252686 0.2139764976876425 0.45135375122252686 0.2159296226876425 0.44931924601419354 0.21951035185430914 0.44866820434752686 0.22284694039597583 0.45013304809752686 0.2247186851876425 0.45346963663919354 0.22357936227097583 0.45737588663919354 0.2205682945626425 0.4597359126808602 0.21869654977097583 0.46006143351419354
0 0.3692817155903902 0.5505752157575594 0.3664684552497576 0.5483702279230096 0.3655560464906335 0.5446445588232529 0.366544489313018 0.5425156050519633 0.36905361340060916 0.5400825150276325 0.3725511803105848 0.5397783787745911 0.3759727131573002 0.5422875028621823 0.3765809856633829 0.5475338532271459 0.37338755500644855 0.5504231476310387
0 0.3562359708193042 0.5187640291806959 0.3520272166105499 0.5156074635241302 0.3497124017957352 0.5121703142536476 0.3497825476992144 0.5065586419753086 0.3533599887766555 0.5030513468013468 0.35756874298540964 0.5013678451178452 0.36226851851851855 0.5022797418630752 0.36612654320987653 0.5061377665544332 0.3669682940516274 0.5118195847362514 0.36416245791245794 0.5164492143658811 0.3602342873176207 0.5188341750841752
0 0.3116836468129572 0.49376306165099276 0.3092672413793104 0.49271812957157785 0.30776515151515155 0.49062826541274823 0.307373301985371 0.4889955590386625 0.3083529258098224 0.48599137931034486 0.31103056426332293 0.4845545977011494 0.3146225182863114 0.48533829676071055 0.31618991640543365 0.48801593521421105 0.3161246081504702 0.49128134796238243 0.3144265935214211 0.4931752873563219
0 0.3267477964743589 0.47738882211538464 0.3250450721153846 0.4758363381410256 0.3248447516025641 0.47218048878205127 0.32619691506410253 0.4700270432692308 0.3291015625 0.46892528044871795 0.33290765224358976 0.4703275240384615 0.33375901442307687 0.4732321714743589 0.3328575721153846 0.4768379407051282 0.3303535657051282 0.47829026442307687
0 0.6223958333333334 0.6241688829787234 0.6204011524822696 0.6211768617021277 0.6201795212765957 0.6175199468085106 0.6228390957446809 0.6134197695035462 0.6290447695035462 0.6130873226950354 0.6333665780141844 0.6166334219858156 0.6324800531914894 0.6232823581560283 0.6294880319148937 0.6259419326241136 0.6259419326241136 0.6262743794326241
0 0.5995869252873564 0.5586386494252874 0.5977011494252874 0.5556752873563219 0.597521551724138 0.5522629310344829 0.60003591954023 0.5489403735632185 0.6057830459770115 0.5480423850574713 0.6093750000000001 0.5522629310344829 0.6094647988505748 0.5564834770114943 0.6058728448275862 0.5597162356321839 0.6029094827586208 0.5598958333333335
0 0.6632543103448276 0.5580100574712644 0.6613685344827587 0.5550466954022989 0.6611889367816092 0.5516343390804599 0.6637033045977012 0.5483117816091955 0.6694504310344828 0.5474137931034484 0.6730423850574713 0.5516343390804599 0.6731321839080461 0.5558548850574713 0.6695402298850575 0.559087643678161 0.6665768678160919 0.5592672413793105
0 0.6314655172413793 0.5586386494252875 0.6295797413793104 0.555675287356322 0.629400143678161 0.552262931034483 0.6319145114942529 0.5489403735632185 0.6376616379310345 0.5480423850574714 0.6412535919540231 0.552262931034483 0.6413433908045978 0.5564834770114944 0.6377514367816092 0.559716235632184 0.6347880747126436 0.5598958333333335
0 0.6331979542719615 0.5969464500601684 0.6292117930204574 0.5950661853188929 0.6276323706377859 0.5914560770156437 0.6270306859205776 0.585439229843562 0.6295878459687124 0.5807009626955476 0.6344765342960289 0.578595066185319 0.6404933814681107 0.5785198555956679 0.6450812274368232 0.5821299638989169 0.6467358604091457 0.5867930204572803 0.6464350180505415 0.5926594464500602 0.6406438026474128 0.5976233453670278 0.6351534296028881 0.5976233453670278
0 0.6375769351636813 0.531792522247005 0.6335907739121771 0.5299122575057295 0.6320113515295056 0.5263021492024803 0.6314096668122974 0.5202853020303985 0.6339668268604322 0.5155470348823841 0.6388555151877487 0.5134411383721555 0.6448723623598305 0.5133659277825044 0.6494602083285429 0.5169760360857535 0.6511148413008654 0.5216390926441169 0.6508139989422613 0.5275055186368967 0.6450227835391326 0.5324694175538642 0.6395324104946079 0.5324694175538642
0 0.6201937079874605 0.4950356220346908 0.6162075467359563 0.4931553572934153 0.6146281243532848 0.48954524899016616 0.6140264396360767 0.4835284018180843 0.6165835996842115 0.4787901346700699 0.621472288011528 0.47668423815984134 0.6274891351836098 0.47660902757019025 0.6320769811523221 0.48021913587343934 0.6337316141246447 0.48488219243180275 0.6334307717660406 0.4907486184245825 0.6276395563629118 0.4957125173415501 0.6221491833183871 0.4957125173415501
0 0.5740209069493521 0.5608436395759717 0.5704137220259129 0.5591504711425207 0.5685733215547703 0.5562794464075383 0.568646937573616 0.5513471731448764 0.5721068904593639 0.5482553003533569 0.5767446996466431 0.5478136042402827 0.5802782685512368 0.5493595406360424 0.5818242049469964 0.5522305653710247 0.5820450530035335 0.5558377502944641 0.5808671967020023 0.5591504711425207 0.5782906360424027 0.5606227915194346
0 0.549948468786808 0.5609172555948174 0.5463412838633687 0.5592240871613664 0.5445008833922261 0.556353062426384 0.5445744994110718 0.5514207891637221 0.5480344522968198 0.5483289163722027 0.5526722614840989 0.5478872202591284 0.5562058303886925 0.5494331566548881 0.5577517667844523 0.5523041813898705 0.5579726148409894 0.5559113663133098 0.5567947585394581 0.5592240871613664 0.5542181978798586 0.5606964075382803
0 0.549948468786808 0.5609172555948174 0.5463412838633687 0.5592240871613664 0.5445008833922261 0.556353062426384 0.5445744994110718 0.5514207891637221 0.5480344522968198 0.5483289163722027 0.5526722614840989 0.5478872202591284 0.5562058303886925 0.5494331566548881 0.5577517667844523 0.5523041813898705 0.5579726148409894 0.5559113663133098 0.5567947585394581 0.5592240871613664 0.5542181978798586 0.5606964075382803
0 0.5276358455126462 0.5630129163443244 0.5240286605892069 0.5613197479108734 0.5221882601180643 0.558448723175891 0.5222618761369101 0.553516449913229 0.525721829022658 0.5504245771217097 0.5303596382099371 0.5499828810086353 0.5338932071145308 0.5515288174043951 0.5354391435102905 0.5543998421393774 0.5356599915668276 0.5580070270628168 0.5344821352652964 0.5613197479108734 0.5319055746056969 0.5627920682877873
0 0.5812572843822843 0.5293924825174827 0.5771051864801865 0.5267701048951051 0.5759694148607575 0.5241189275136778 0.5760430308796032 0.5191866542510158 0.5795029837653511 0.5160947814594964 0.5841407929526302 0.5156530853464222 0.5876743618572239 0.5171990217421819 0.5896343240093241 0.5196314102564104 0.5907998251748251 0.5232736013986016 0.5897071678321678 0.5270614801864804 0.5858464452214451 0.5291739510489512
0 0.5613264107681981 0.490655213996569 0.5577192258447589 0.4889620455631179 0.5558788253736162 0.48609102082813554 0.5559524413924619 0.48115874756547355 0.5594123942782099 0.4780668747739542 0.5640502034654891 0.4776251786608799 0.5675837723700827 0.4791711150566397 0.5691297087658423 0.48204213979162197 0.5693505568223794 0.48564932471506134 0.5681727005208482 0.4889620455631179 0.5655961398612487 0.49043436594003187
0 0.5614762908641214 0.45543339145460254 0.5578691059406821 0.4537402230211515 0.5560287054695394 0.4508691982861691 0.5561023214883852 0.4459369250235072 0.5595622743741331 0.4428450522319878 0.5642000835614123 0.4424033561189135 0.5677336524660059 0.44394929251467324 0.5692795888617657 0.44682031724965554 0.5695004369183028 0.45042750217309496 0.5683225806167715 0.4537402230211515 0.565746019957172 0.45521254339806544
0 0.5926513508161597 0.4558830317423724 0.5890441658927205 0.45418986330892136 0.5872037654215778 0.45131883857393895 0.5872773814404236 0.44638656531127696 0.5907373343261715 0.4432946925197576 0.5953751435134507 0.4428529964066833 0.5989087124180443 0.4443989328024431 0.6004546488138041 0.4472699575374254 0.6006754968703412 0.4508771424608648 0.5994976405688099 0.45418986330892136 0.5969210799092104 0.4556621836858353
0 0.5613264107681981 0.490655213996569 0.5577192258447589 0.4889620455631179 0.5558788253736162 0.48609102082813554 0.5559524413924619 0.48115874756547355 0.5594123942782099 0.4780668747739542 0.5640502034654891 0.4776251786608799 0.5675837723700827 0.4791711150566397 0.5691297087658423 0.48204213979162197 0.5693505568223794 0.48564932471506134 0.5681727005208482 0.4889620455631179 0.5655961398612487 0.49043436594003187
0 0.4954830383480826 0.4540929203539823 0.492533185840708 0.4522492625368732 0.49170353982300885 0.44846976401179944 0.4937315634218289 0.44533554572271383 0.4970501474926254 0.44432153392330387 0.5012905604719764 0.44561209439528027 0.5025811209439528 0.4496681415929204 0.5013827433628318 0.4528023598820059 0.49806415929203546 0.45427728613569324
0 0.7244897959183674 0.5414965986394559 0.7233843537414966 0.5395408163265306 0.7237244897959184 0.5360544217687074 0.7258503401360544 0.5337585034013606 0.7306122448979592 0.5345238095238095 0.732312925170068 0.538265306122449 0.7297619047619047 0.5425170068027211 0.7267006802721089 0.5427721088435374
0 0.7156512204424104 0.5360173531655226 0.7148407704042715 0.5351592295957285 0.7146024027459955 0.533586003051106 0.7151744851258581 0.532727879481312 0.7165570175438596 0.5320604500381388 0.7179872234935164 0.5330615942028986 0.7179395499618612 0.5342534324942791 0.7172244469870328 0.535492944317315
0 0.5719485749690211 0.41023853779429986 0.5707868649318463 0.4086895910780669 0.5707094175960347 0.4062112763320942 0.5714838909541512 0.4041201982651797 0.573032837670384 0.4024163568773234 0.5772924411400249 0.4024163568773234 0.578996282527881 0.4044299876084263 0.5793835192069393 0.4072955390334573 0.5782992565055762 0.40985130111524165 0.5755111524163569 0.41109045848822795
0 0.5798482032218092 0.4195322180916976 0.5786864931846344 0.4179832713754647 0.5786090458488228 0.415504956629492 0.5793835192069393 0.41341387856257744 0.5809324659231722 0.41171003717472116 0.585192069392813 0.41171003717472116 0.5868959107806692 0.41372366790582404 0.5872831474597274 0.416589219330855 0.5861988847583643 0.41914498141263945 0.583410780669145 0.42038413878562575
0 0.599442379182156 0.4100836431226766 0.5982806691449813 0.4085346964064437 0.5982032218091696 0.406056381660471 0.5989776951672862 0.4039653035935564 0.6005266418835191 0.40226146220570014 0.6047862453531598 0.40226146220570014 0.6064900867410161 0.404275092936803 0.6068773234200743 0.407140644361834 0.6057930607187113 0.40969640644361843 0.6030049566294919 0.41093556381660473
0 0.6105947955390334 0.4100836431226766 0.6094330855018586 0.4085346964064437 0.609355638166047 0.406056381660471 0.6101301115241635 0.4039653035935564 0.6116790582403964 0.40226146220570014 0.6159386617100372 0.40226146220570014 0.6179897314375987 0.40429173249078465 0.6184834123222749 0.40725381779884146 0.6169454770755886 0.40969640644361843 0.6141573729863692 0.41093556381660473
0 0.6105947955390334 0.4100836431226766 0.6094330855018586 0.4085346964064437 0.609355638166047 0.406056381660471 0.6101301115241635 0.4039653035935564 0.6116790582403964 0.40226146220570014 0.6159386617100372 0.40226146220570014 0.6179897314375987 0.40429173249078465 0.6184834123222749 0.40725381779884146 0.6169454770755886 0.40969640644361843 0.6141573729863692 0.41093556381660473
0 0.5719200102880659 0.41882073045267487 0.571019804526749 0.4178562242798354 0.5706340020576133 0.4153485082304527 0.5715342078189302 0.4132908950617284 0.5733346193415638 0.4124549897119341 0.5755851337448561 0.4124549897119341 0.5773855452674898 0.4138695987654321 0.5773855452674898 0.416698816872428 0.5764210390946503 0.4190136316872428 0.5739776234567903 0.41927083333333337
0 0.5816936728395062 0.40956147119341557 0.5807934670781894 0.4085969650205761 0.5804076646090536 0.40608924897119336 0.5813078703703705 0.4040316358024691 0.5831082818930041 0.4031957304526748 0.5853587962962964 0.4031957304526748 0.5871592078189302 0.40461033950617276 0.5879308127572017 0.40756815843621397 0.5861947016460907 0.4097543724279835 0.5837512860082306 0.41001157407407407
0 0.5910172325102881 0.40936856995884763 0.5901170267489714 0.40840406378600813 0.5897312242798356 0.4058963477366254 0.5906314300411524 0.40383873456790115 0.592431841563786 0.4030028292181069 0.5946823559670783 0.4030028292181069 0.5964827674897121 0.40441743827160487 0.5972543724279836 0.407375257201646 0.5955182613168726 0.40956147119341557 0.5930748456790125 0.4098186728395061
0 0.6212083333333333 0.411 0.6199166666666667 0.41000000000000003 0.6196666666666666 0.4075416666666667 0.6212366082464484 0.4054335210996233 0.6230370197690821 0.404597615749829 0.6252875341723744 0.404597615749829 0.6276666666666666 0.40579166666666666 0.628125 0.4092916666666667 0.6263333333333333 0.41145833333333337 0.6232916666666666 0.4117916666666667
0 0.5903473237143334 0.41931234122274424 0.5891856136771586 0.4177633945065113 0.589108166341347 0.4152850797605386 0.5898826396994635 0.4131940016936241 0.5914315864156964 0.4114901603057678 0.5956911898853372 0.4114901603057678 0.5973950312731934 0.4135037910368707 0.5977822679522516 0.41636934246190166 0.5966980052508886 0.41892510454368603 0.5939099011616692 0.42016426191667233
0 0.5339111922141119 0.42115267639902676 0.5319343065693432 0.41833941605839414 0.5319343065693432 0.4133211678832117 0.5345194647201946 0.4098996350364964 0.5392335766423357 0.40799878345498786 0.5438716545012166 0.4099756690997567 0.5460006082725061 0.41461374695863745 0.5451642335766423 0.41902372262773724 0.5427311435523114 0.42206508515815083 0.5387013381995134 0.42274939172749393
0 0.551779197080292 0.42084854014598544 0.5498023114355232 0.41803527980535277 0.5498023114355232 0.4130170316301704 0.5523874695863746 0.409595498783455 0.5571015815085159 0.40769464720194654 0.5617396593673966 0.40967153284671537 0.5638686131386861 0.4143096107055961 0.5630322384428224 0.4187195863746959 0.5605991484184915 0.42176094890510946 0.5565693430656935 0.4224452554744526
0 0.6865901898734178 0.4458829365079364 0.684331709047459 0.44337245094267036 0.6835020630297599 0.4395929524175966 0.68553008662858 0.43645873412851105 0.6888486706993764 0.43544472232910103 0.6930890836787275 0.4367352828010775 0.6943796441507039 0.44079132999871756 0.6936338406670685 0.4440972222222222 0.6897647930480209 0.44667658730158727
0 0.7030257936507935 0.44707341269841266 0.7007673128248348 0.4442653080855275 0.6999376668071356 0.44048580956045374 0.7019656904059557 0.43735159127136813 0.7052842744767521 0.43633757947195817 0.7095246874561032 0.43762813994393457 0.7108152479280796 0.4416841871415747 0.7102678571428571 0.44499007936507934 0.7061011904761905 0.44717261904761896
0 0.7166170634920633 0.4469742063492063 0.7143585826661045 0.44416610173632115 0.7135289366484054 0.4403866032112474 0.7155569602472255 0.43725238492216184 0.7188755443180219 0.4362383731227519 0.723115957297373 0.4375289335947283 0.7244065177693494 0.44158498079236835 0.7238591269841269 0.444890873015873 0.7196924603174603 0.44707341269841266
0 0.7421130952380951 0.4469742063492063 0.7398546144121363 0.44416610173632115 0.7390249683944372 0.4403866032112474 0.7410529919932572 0.43725238492216184 0.7443715760640537 0.4362383731227519 0.7486119890434048 0.4375289335947283 0.7499025495153812 0.44158498079236835 0.7493551587301587 0.444890873015873 0.745188492063492 0.44707341269841266
0 0.7555059523809523 0.4466765873015873 0.7532474715549935 0.4438684826887022 0.7524178255372944 0.44008898416362846 0.7544458491361145 0.43695476587454285 0.7577644332069109 0.4359407540751329 0.762004846186262 0.4372313145471093 0.7632954066582384 0.44128736174474936 0.7627480158730159 0.444593253968254 0.7585813492063492 0.4467757936507937
0 0.7691964285714286 0.44657738095238103 0.7669379477454699 0.44376927633949587 0.7661083017277707 0.4399897778144221 0.7681363253265907 0.4368555595253365 0.7714549093973873 0.43584154772592654 0.7756953223767382 0.43713210819790294 0.7769858828487147 0.44118815539554307 0.7764384920634921 0.4444940476190477 0.7722718253968255 0.4466765873015873
0 0.7691964285714286 0.44657738095238103 0.7669379477454699 0.44376927633949587 0.7661083017277707 0.4399897778144221 0.7681363253265907 0.4368555595253365 0.7714549093973873 0.43584154772592654 0.7756953223767382 0.43713210819790294 0.7769858828487147 0.44118815539554307 0.7764384920634921 0.4444940476190477 0.7722718253968255 0.4466765873015873
0 0.7630038126361656 0.399532498184459 0.7626407044299202 0.39667302106027597 0.7635030864197531 0.3946305374001453 0.7655455700798839 0.3931781045751634 0.7685866013071895 0.39313271604938277 0.7706290849673202 0.3947213144517066 0.771400689905592 0.3971722948438635 0.7702659767610748 0.39994099491648516 0.7681781045751633 0.40121187363834426 0.7656363471314451 0.40116648511256353
0 0.753926107480029 0.3996232752360204 0.7535629992737836 0.3967637981118374 0.7544253812636166 0.3947213144517067 0.7564678649237473 0.3932688816267248 0.759508896151053 0.3932234931009441 0.7615513798111836 0.394812091503268 0.7623229847494554 0.3972630718954249 0.7611882716049382 0.40003177196804657 0.7591003994190269 0.40130265068990567 0.7565586419753086 0.40125726216412494
0 0.7305154545590669 0.41186554327725755 0.7301523463528214 0.4090060661530745 0.7310147283426545 0.40696358249294384 0.7330572120027852 0.4055111496679619 0.7360982432300909 0.40546576114218125 0.7381407268902215 0.40705435954450514 0.7389123318284933 0.40950533993666205 0.7377776186839761 0.4122740400092837 0.7356897464980647 0.4135449187311428 0.7331479890543465 0.41349953020536206
0 0.7208505061054586 0.41197293159340875 0.7204873978992132 0.40911345446922565 0.7213497798890461 0.407070970809095 0.723392263549177 0.4056185379841131 0.7264332947764826 0.40557314945833245 0.7284757784366133 0.40716174786065634 0.729247383374885 0.4096127282528132 0.7281126702303679 0.4123814283254349 0.7260247980444564 0.413652307047294 0.7234830406007382 0.41360691852151327
0 0.7208505061054586 0.41197293159340875 0.7204873978992132 0.40911345446922565 0.7213497798890461 0.407070970809095 0.723392263549177 0.4056185379841131 0.7264332947764826 0.40557314945833245 0.7284757784366133 0.40716174786065634 0.729247383374885 0.4096127282528132 0.7281126702303679 0.4123814283254349 0.7260247980444564 0.413652307047294 0.7234830406007382 0.41360691852151327
0 0.6166716388225935 0.437972354813047 0.6144838902147972 0.4363812649164679 0.6127436356404137 0.4333482498011138 0.6129922434367543 0.42976829753381074 0.6151799920445505 0.4266855608591887 0.6194560461416071 0.42584029435163095 0.622986276849642 0.42767999204455065 0.6241795942720764 0.4299174622116151 0.6242790373906126 0.43319908512330957 0.622936555290374 0.43623210023866366 0.6207488066825776 0.437425417661098
0 0.6310411694510739 0.4401103818615752 0.6288534208432776 0.4385192919649961 0.6271131662688941 0.43548627684964203 0.6273617740652346 0.4319063245823389 0.629549522673031 0.4288235879077169 0.6338255767700874 0.4279783214001591 0.6373558074781225 0.4298180190930789 0.6385491249005568 0.4320554892601433 0.6386485680190931 0.43533711217183774 0.6373060859188543 0.4383701272871918 0.635118337311058 0.4395634447096262
0 0.6458005765199161 0.4296711215932914 0.6441627358490566 0.43176755765199165 0.6437696540880503 0.4342570754716981 0.6447523584905661 0.4364845387840671 0.6471108490566038 0.4378603249475891 0.650583071278826 0.4380568658280923 0.6518278301886792 0.4364845387840671 0.6526139937106918 0.4338639937106918 0.6520243710691824 0.43124344863731656 0.6503865303983228 0.4293435534591195 0.6483556079664571 0.4285573899371069
0 0.6572654612159329 0.4298021488469602 0.6556276205450734 0.4318985849056604 0.6552345387840671 0.4343881027253669 0.6562172431865828 0.4366155660377359 0.6585757337526206 0.43799135220125784 0.6620479559748428 0.43818789308176104 0.663292714884696 0.4366155660377359 0.6640788784067085 0.43399502096436054 0.6634892557651991 0.4313744758909853 0.6618514150943396 0.42947458071278827 0.6598204926624738 0.4286884171907757
0 0.6547225560897435 0.40797776442307687 0.6533203125 0.40597455929487175 0.6530198317307693 0.4024689503205128 0.6543219150641025 0.40121694711538464 0.657627203525641 0.4010166266025641 0.6600811298076923 0.4022686298076923 0.660331530448718 0.40532351762820507 0.6589793669871795 0.40797776442307687 0.6568259214743589 0.4083283253205128
0 0.6627854567307693 0.4030198317307692 0.6609825721153846 0.4010166266025641 0.6609825721153848 0.3974609375 0.6622846554487182 0.3962089342948718 0.6655899439102565 0.39600861378205127 0.6680438701923078 0.39726061698717946 0.6682942708333335 0.4003155048076923 0.666942107371795 0.4029697516025641 0.6647886618589745 0.4033203125
0 0.6628856169871794 0.4121344150641025 0.6614833733974358 0.4101312099358973 0.6611828926282051 0.4066256009615384 0.6624849759615384 0.40537359775641024 0.6657902644230768 0.4051732772435897 0.6682441907051281 0.40642528044871784 0.6684945913461537 0.40948016826923067 0.6671424278846153 0.4121344150641025 0.6649889823717947 0.4124849759615384
0 0.6147473753280841 0.36811023622047245 0.6129429133858267 0.3664698162729659 0.6126148293963255 0.3635990813648294 0.6136811023622047 0.3606463254593176 0.6158956692913385 0.358759842519685 0.6201607611548557 0.3585958005249344 0.6222112860892389 0.3606463254593176 0.6240977690288714 0.364255249343832 0.6225393700787402 0.3676181102362205 0.6190944881889764 0.36876640419947504
0 0.6277066929133859 0.36827427821522307 0.6259022309711286 0.3666338582677165 0.6255741469816274 0.36376312335958 0.6266404199475065 0.3608103674540682 0.6288549868766404 0.35892388451443563 0.6331200787401575 0.358759842519685 0.6351706036745407 0.3608103674540682 0.6370570866141733 0.36441929133858264 0.6354986876640419 0.3677821522309711 0.6320538057742783 0.36893044619422566
0 0.6365870644830289 0.3808494670609666 0.6351848208932854 0.3788462619327615 0.6348843401240546 0.3753406529584025 0.636186423457388 0.3740886497532744 0.6394917119189264 0.37388832924045384 0.6419456382009776 0.37514033244558204 0.6421960388420034 0.3781952202660948 0.6408438753804648 0.3808494670609666 0.6386904298676443 0.3812000279584025
0 0.6270942000589719 0.3807857565614764 0.6256919564692283 0.3787825514332712 0.6253914756999975 0.3752769424589123 0.6266935590333309 0.3740249392537841 0.6299988474948693 0.3738246187409636 0.6324527737769206 0.37507662194609176 0.6327031744179462 0.3781315097666046 0.6313510109564078 0.3807857565614764 0.6291975654435873 0.3811363174589123
0 0.618429572128289 0.38059462506300545 0.6170273285385455 0.37859141993480033 0.6167268477693146 0.3750858109604414 0.618028931102648 0.3738338077553132 0.6213342195641864 0.3736334872424927 0.6237881458462377 0.3748854904476209 0.6240385464872634 0.37794037826813365 0.6226863830257249 0.38059462506300545 0.6205329375129044 0.3809451859604414
0 0.6497579225352113 0.35024207746478875 0.6467502934272301 0.3468676643192488 0.6469703638497654 0.342906396713615 0.6481440727699531 0.34114583333333326 0.6522520539906105 0.33989876760563376 0.6551129694835682 0.34136590375586856 0.6565067488262912 0.34510710093896707 0.6560666079812207 0.34884829812206564 0.6537191901408451 0.35031543427230044
0 0.6147473753280841 0.36811023622047245 0.6129429133858267 0.3664698162729659 0.6126148293963255 0.3635990813648294 0.6136811023622047 0.3606463254593176 0.6158956692913385 0.358759842519685 0.6201607611548557 0.3585958005249344 0.6222112860892389 0.3606463254593176 0.6240977690288714 0.364255249343832 0.6225393700787402 0.3676181102362205 0.6190944881889764 0.36876640419947504
0 0.6061967518636848 0.3398229499467519 0.6040668264110756 0.3390242279020234 0.6032681043663473 0.3371605431309904 0.6034012247071353 0.3346978168264111 0.6051317891373802 0.3318357294994675 0.6094582002129926 0.33176916932907347 0.6122537273695421 0.3347643769968051 0.6117878061767837 0.33755990415335463 0.6101238019169329 0.33995607028753994
0 0.6061967518636848 0.3398229499467519 0.6040668264110756 0.3390242279020234 0.6032681043663473 0.3371605431309904 0.6034012247071353 0.3346978168264111 0.6051317891373802 0.3318357294994675 0.6094582002129926 0.33176916932907347 0.6122537273695421 0.3347643769968051 0.6117878061767837 0.33755990415335463 0.6101238019169329 0.33995607028753994
0 0.6200967100506145 0.3265319956616052 0.6190573029645696 0.32544739696312364 0.6188765365148228 0.3228262834417932 0.6202322848879247 0.3211541937816341 0.6224918655097613 0.3204311279826464 0.6249774041937816 0.3214705350686912 0.6257908532176427 0.3240012653651482 0.6246158712942876 0.3262608459869848 0.6224014822848879 0.3273002530730296
0 0.6121126781144868 0.31530445075142555 0.6110732710284419 0.314219852052944 0.6108925045786949 0.3115987385316136 0.612248252951797 0.3099266488714545 0.6145078335736336 0.30920358307246676 0.6169933722576538 0.3102429901585116 0.617806821281515 0.3127737204549686 0.6166318393581599 0.31503330107680516 0.6144174503487602 0.31607270816285
0 0.6200343348011135 0.3117490615298687 0.6189949277150687 0.3106644628313871 0.6188141612653217 0.3080433493100567 0.6201699096384238 0.30637125964989764 0.6224294902602604 0.3056481938509099 0.6249150289442805 0.30668760093695474 0.6257284779681418 0.30921833123341175 0.6245534960447867 0.31147791185524826 0.6223391070353869 0.31251731894129314
0 0.6120503028649856 0.30604186605534683 0.6110108957789409 0.3049572673568653 0.6108301293291939 0.30233615383553486 0.6121858777022959 0.3006640641753758 0.6144454583241324 0.29994099837638805 0.6169309970081527 0.3009804054624329 0.617744446032014 0.3035111357588899 0.6165694641086589 0.30577071638072645 0.614355075099259 0.3068101234667713
0 0.6200967100506145 0.302268023605717 0.6190573029645696 0.3011834249072354 0.6188765365148228 0.298562311385905 0.6202322848879247 0.2968902217257459 0.6224918655097613 0.2961671559267582 0.6249774041937816 0.297206563012803 0.6257908532176427 0.29973729330926 0.6246158712942876 0.30199687393109653 0.6224014822848879 0.3030362810171414
0 0.6366627725856698 0.31801012461059197 0.6353777258566978 0.3169197819314642 0.6350272585669782 0.3136876947040499 0.6364680685358256 0.3117017133956387 0.6392328660436137 0.31096183800623056 0.6419587227414331 0.31209112149532714 0.6430490654205607 0.3145054517133957 0.6417640186915888 0.31762071651090346 0.6392718068535826 0.31875000000000003
0 0.6107007575757575 0.18598484848484848 0.6089962121212121 0.18323863636363633 0.6093749999999999 0.17916666666666664 0.6127092050209204 0.176647489539749 0.6160216178521617 0.1769089958158996 0.6183751743375173 0.17834728033472805 0.6191596931659692 0.1811802649930265 0.6185059274755927 0.18453626220362623 0.6158908647140864 0.1862360529986053 0.6127963737796374 0.18671548117154813
0 0.5751021798365122 0.19629881925522252 0.5731721162579473 0.19470935513169846 0.5732288828337875 0.19255222524977292 0.5741939146230699 0.19084922797456857 0.5767484105358764 0.19028156221616713 0.5791326067211626 0.19175749318801089 0.5795299727520437 0.19459582198001818 0.5777702089009991 0.19658265213442327
0 0.5796435059037239 0.1881244323342416 0.5770322434150772 0.1857402361489555 0.5770322434150772 0.18233424159854675 0.5794732061762035 0.17977974568574023 0.5834468664850136 0.18006357856494098 0.5858310626702997 0.1826180744777475 0.5852633969118982 0.18715940054495914 0.5827089009990918 0.18806766575840145
0 0.7653119307832422 0.2725409836065574 0.7642304189435337 0.27054872495446264 0.7643442622950819 0.2684426229508197 0.7654826958105646 0.26667805100182146 0.7682149362477231 0.2651411657559199 0.7716302367941712 0.2659380692167577 0.7739640255009108 0.26872723132969034 0.7734517304189436 0.2718579234972678 0.7713456284153004 0.2737932604735883 0.7687841530054644 0.27407786885245905
0 0.749889770723104 0.26603835978835977 0.7487323633156966 0.26466049382716045 0.7490079365079364 0.26333774250440917 0.7506613756613756 0.26190476190476186 0.7536926807760141 0.2623456790123457 0.7544091710758377 0.2639991181657848 0.7541335978835979 0.26625881834215165 0.751818783068783 0.26719576719576715
0 0.7401344797178131 0.25622795414462074 0.7389770723104057 0.2548500881834215 0.7392526455026455 0.25352733686067014 0.7409060846560847 0.2520943562610229 0.7439373897707231 0.25253527336860665 0.7446538800705468 0.25418871252204583 0.744378306878307 0.2564484126984127 0.7420634920634921 0.2573853615520282
0 0.767857142857143 0.2573853615520282 0.7666997354497356 0.2560074955908289 0.7669753086419754 0.2546847442680776 0.7686287477954146 0.2532517636684303 0.771660052910053 0.2536926807760141 0.7723765432098766 0.2553461199294533 0.7721009700176368 0.25760582010582006 0.7697861552028219 0.2585427689594356
0 0.7385912698412698 0.26603835978835977 0.7379298941798942 0.26455026455026454 0.738260582010582 0.26366843033509696 0.7389770723104057 0.26256613756613756 0.7411265432098766 0.26190476190476186 0.7424492945326279 0.263558201058201 0.7427799823633157 0.26543209876543206 0.7407958553791887 0.2669753086419753
0 0.7736367319700653 0.24487284903951567 0.7724793245626579 0.24349498307831638 0.7727548977548977 0.24217223175556507 0.7744083369083369 0.24073925115591777 0.7774396420229753 0.24118016826350158 0.778156132322799 0.24283360741694074 0.7778805591305592 0.24509330759330755 0.7755657443157443 0.24603025644692308
0 0.7635357218690552 0.2448027031360364 0.7623783144616477 0.24342483717483712 0.7626538876538875 0.2421020858520858 0.7643073268073267 0.2406691052524385 0.7673386319219652 0.2411100223600223 0.7680551222217888 0.24276346151346145 0.767779549029549 0.2450231616898283 0.7654647342147342 0.24596011054344383
0 0.7532242740576073 0.24515343265343256 0.7520668666501998 0.2437755666922333 0.7523424398424396 0.242452815369482 0.7539958789958788 0.24101983476983468 0.7570271841105174 0.24146075187741847 0.757743674410341 0.24311419103085763 0.7574681012181012 0.24537389120722447 0.7551532864032863 0.24631084006084
0 0.7432635557635556 0.24543401626734954 0.7421061483561482 0.24405615030615024 0.742381721548388 0.24273339898339893 0.7440351607018272 0.24130041838375163 0.7470664658164656 0.24174133549133545 0.7477829561162893 0.2433947746447746 0.7475073829240495 0.24565447482114142 0.7451925681092346 0.24659142367475695
0 0.7824112021857924 0.11506147540983609 0.7811133879781421 0.11260245901639351 0.7809767759562841 0.10734289617486345 0.7839822404371585 0.1039959016393443 0.788080601092896 0.10167349726775961 0.793681693989071 0.10235655737704923 0.7972336065573771 0.1050887978142077 0.7982581967213115 0.1088456284153006 0.7979166666666666 0.11301229508196727 0.7952527322404371 0.11765710382513665 0.7896516393442623 0.11875000000000005 0.7858265027322404 0.11799863387978145
0 0.7629439890710382 0.12257513661202192 0.7600068306010929 0.12004781420765033 0.7596653005464481 0.11663251366120221 0.7611680327868852 0.11478825136612025 0.7642418032786885 0.1140368852459017 0.7673155737704918 0.1147199453551913 0.7684084699453552 0.11799863387978145 0.7673155737704918 0.12148224043715852 0.765061475409836 0.12264344262295088
0 0.7629439890710382 0.11294398907103831 0.7600068306010929 0.11041666666666672 0.7596653005464481 0.1070013661202186 0.7611680327868852 0.10515710382513666 0.7642418032786885 0.1044057377049181 0.7673155737704918 0.10508879781420769 0.7684084699453552 0.10836748633879784 0.7673155737704918 0.11185109289617491 0.765061475409836 0.11301229508196727
0 0.748881646216769 0.12170884458077713 0.7481147750511248 0.11998338445807775 0.7484343047034765 0.11813011247443768 0.7500958588957055 0.11653246421267899 0.7527160020449898 0.11659637014314934 0.7544414621676891 0.11896088957055218 0.7538663087934561 0.12164493865030679 0.7517574130879345 0.12273133946830271
0 0.7487538343558283 0.11474309815950923 0.7479869631901841 0.11301763803680984 0.7483064928425358 0.11116436605316977 0.7499680470347648 0.10956671779141108 0.7525881901840491 0.10963062372188143 0.7543136503067485 0.11199514314928427 0.7537384969325154 0.11467919222903887 0.7516296012269938 0.11576559304703479
0 0.7205467612809315 0.1101028020378457 0.718818231441048 0.10669122998544395 0.7188637190684133 0.10300673216885008 0.7213200509461426 0.09927674672489084 0.7254139374090247 0.09754821688500727 0.729780749636099 0.09836699417758368 0.7323280567685589 0.10109625181950509 0.7336017103347888 0.1052811135371179 0.731964155749636 0.10951146288209604 0.7282796579330422 0.1117858442503639 0.7240947962154294 0.11201328238719066
0 0.8049726277372262 0.10705596107055967 0.8041362530413625 0.10416666666666674 0.8052767639902676 0.1003649635036497 0.8092305352798053 0.09892031630170323 0.8133363746958637 0.09975669099756698 0.8143248175182481 0.10333029197080298 0.8126520681265206 0.10781630170316307 0.8087743309002432 0.10926094890510955
0 0.8050486618004864 0.08835158150851588 0.8042122871046227 0.08546228710462295 0.8053527980535279 0.08166058394160591 0.8093065693430656 0.08021593673965943 0.8134124087591239 0.08105231143552319 0.8144008515815083 0.08462591240875919 0.8127281021897809 0.08911192214111928 0.8088503649635034 0.09055656934306576
0 0.8213458994708995 0.0646494708994709 0.820353835978836 0.06258267195767195 0.8216765873015872 0.05977182539682539 0.8245701058201059 0.059027777777777776 0.8272156084656085 0.06150793650793651 0.8254794973544973 0.06522817460317461 0.8236607142857143 0.06572420634920634
