0 0.45111045597484273 0.8683667452830188 0.44806407232704404 0.8647307389937108 0.4474744496855346 0.8586379716981132 0.4490467767295597 0.8548054245283019 0.4522897012578616 0.8516607704402516 0.45838246855345915 0.8499901729559748 0.4644752358490566 0.8528400157232703 0.4669319968553459 0.8594241352201258 0.46496658805031443 0.8665978773584906 0.4591686320754717 0.8698408018867925 0.45533608490566035 0.8698408018867925
0 0.5093525985663082 0.8811043906810035 0.505903723887375 0.8771003633060854 0.505846957311535 0.873864668483197 0.5075499545867393 0.8692098092643052 0.5123183469573115 0.8669391462306993 0.5169164396003633 0.8673365122615803 0.5206630336058129 0.8709695731153497 0.5207198001816531 0.8772138964577656 0.5169732061762035 0.8816416893732969
0 0.533208446866485 0.8819822888283378 0.5323569482288828 0.8784627611262488 0.5330949137148047 0.8739214350590373 0.5372388737511353 0.8706857402361489 0.5415531335149864 0.8701748410535877 0.5461512261580381 0.872672570390554 0.5475703905540418 0.8782356948228882 0.5459809264305177 0.8816984559491372 0.5424613987284287 0.884763851044505 0.538317438692098 0.884763851044505
0 0.520883655394525 0.8167773752012883 0.5190720611916264 0.8139593397745574 0.5189714170692432 0.807518115942029 0.5238023349436393 0.8039955716586152 0.5303442028985508 0.8044987922705316 0.5334641706924316 0.808323268921095 0.5328603059581322 0.8139593397745574 0.5286332528180354 0.8182870370370371
0 0.5433272946859904 0.8145632045088567 0.541616344605475 0.8112419484702094 0.5439311594202899 0.8047000805152978 0.5487620772946861 0.8019826892109502 0.5550020128824477 0.8022846215781 0.5594303542673109 0.807518115942029 0.5591284219001611 0.8140599838969403 0.5550020128824477 0.8185889694041868 0.5489633655394526 0.8192934782608696
0 0.5728160225442834 0.8113425925925927 0.5701992753623188 0.8094303542673109 0.5694947665056361 0.8062097423510468 0.5717089371980677 0.8034923510466989 0.5764392109500805 0.8024859098228665 0.5795591787439613 0.8056058776167473 0.5785527375201288 0.8100342190016104 0.5751308373590983 0.8119464573268922
0 0.2640887290167866 0.6638189448441247 0.2610911270983214 0.6594724220623501 0.2610911270983214 0.6524280575539568 0.26603717026378904 0.6465827338129496 0.2750299760191847 0.6459832134292567 0.28132494004796166 0.6527278177458035 0.27907673860911275 0.6623201438848921 0.27203237410071945 0.6660671462829737
0 0.30695443645083936 0.6596223021582734 0.3030575539568346 0.6548261390887291 0.3017086330935252 0.6476318944844125 0.3057553956834532 0.6422362110311751 0.3145983213429257 0.639838129496403 0.32089328537170264 0.6443345323741008 0.32254196642685856 0.6537769784172662 0.3165467625899281 0.6603717026378898
0 0.3343824940047962 0.657673860911271 0.3286870503597123 0.6519784172661871 0.3291366906474821 0.6461330935251799 0.33303357314148685 0.6402877697841728 0.3435251798561152 0.6392386091127099 0.3478717026378897 0.6464328537170264 0.34577338129496404 0.6557254196642687 0.33962829736211037 0.6585731414868106
0 0.41397849462365593 0.6586021505376344 0.40759408602150543 0.6547379032258064 0.4060819892473118 0.649361559139785 0.40793010752688175 0.642641129032258 0.41347446236559143 0.6381048387096774 0.42187500000000006 0.6382728494623655 0.42691532258064513 0.6454973118279569 0.42674731182795694 0.6525537634408601 0.4205309139784947 0.6577620967741935
0 0.4366599462365591 0.6633064516129031 0.43329973118279563 0.6589381720430106 0.432627688172043 0.652385752688172 0.43447580645161293 0.6476814516129031 0.4418682795698925 0.6438172043010753 0.450268817204301 0.6461693548387096 0.453125 0.6554099462365591 0.45043682795698925 0.6616263440860215 0.4435483870967742 0.664146505376344
0 0.3443672839506173 0.6161265432098765 0.34197530864197534 0.6133487654320987 0.34128086419753084 0.6104938271604937 0.3435185185185185 0.6074845679012345 0.3485339506172839 0.6063271604938271 0.35162037037037036 0.6094907407407407 0.351929012345679 0.6137345679012345 0.35 0.6162037037037036
0 0.36454639479905443 0.5980718085106383 0.3615913120567376 0.5950428486997636 0.36136968085106386 0.591053486997636 0.3638076241134752 0.5866947399527188 0.3683880023640662 0.5847000591016549 0.37333776595744683 0.5865469858156029 0.3756279550827423 0.5912012411347518 0.3744459219858156 0.5965942671394799 0.3715647163120568 0.5986628250591017 0.36831412529550833 0.5991799645390072
0 0.3913265306122448 0.5979591836734693 0.3887755102040816 0.5954931972789116 0.38826530612244897 0.5914965986394557 0.3907312925170068 0.5871598639455782 0.3954081632653061 0.5850340136054422 0.4016156462585034 0.586734693877551 0.4035714285714286 0.5914965986394557 0.4024659863945578 0.595748299319728 0.4001700680272108 0.5985544217687074 0.3965986394557823 0.5997448979591836
0 0.40922142094017094 0.5818309294871795 0.40601629273504275 0.5786258012820512 0.4056824252136752 0.5750200320512819 0.40855368589743585 0.5708133012820512 0.41442975427350426 0.5707465277777777 0.417835202991453 0.5750200320512819 0.41696714743589747 0.5796941773504273 0.41396233974358976 0.5822315705128205
0 0.3927622841965472 0.5629150066401063 0.3918492695883135 0.5605909694555113 0.3918492695883135 0.5566069057104914 0.39492031872509964 0.5539508632138115 0.4003984063745021 0.5532038512616202 0.4031374501992032 0.5569389110225764 0.4031374501992032 0.5607569721115538 0.4008964143426295 0.5639940239043825 0.3985723771580346 0.5653220451527226
0 0.42401485788113696 0.5436854005167959 0.42231912144702843 0.541828165374677 0.421673126614987 0.5390019379844961 0.4228036175710594 0.5358527131782945 0.42603359173126615 0.5339954780361758 0.43112080103359174 0.5356912144702842 0.4316860465116279 0.5402939276485789 0.4293443152454781 0.5433624031007752
0 0.4079457364341085 0.5338339793281653 0.40374677002583975 0.5308462532299741 0.4031815245478036 0.5247900516795866 0.4056847545219638 0.5214793281653747 0.40956072351421186 0.5193798449612403 0.41537467700258396 0.5210755813953489 0.4181201550387597 0.5255975452196383 0.41650516795865633 0.531734496124031 0.4135981912144703 0.5338339793281653
0 0.43753349410503745 0.5272976956055735 0.43552384780278675 0.5251540728831725 0.43552384780278675 0.5216706859592712 0.43760048231511256 0.51858922829582 0.4422896570203644 0.51858922829582 0.4451701500535906 0.5212687566988211 0.44443327974276525 0.5256229903536977 0.4413518220793141 0.5276996248660236
0 0.42025053590568057 0.5150388531618436 0.4157623258306538 0.5120913719185423 0.4145565380493033 0.5075361736334406 0.41616425509110394 0.5031819399785639 0.41991559485530544 0.5007033762057878 0.4265474276527332 0.5014402465166131 0.42942792068595925 0.5055935155412649 0.4298298499464094 0.5101487138263665 0.42701634512325826 0.5143689710610934
0 0.4446342443729903 0.5176513933547695 0.44061495176848875 0.5141680064308682 0.441083869239014 0.5076701500535906 0.44490219721329044 0.503449892818864 0.4491894426580922 0.5022441050375134 0.4544145230439443 0.503918810289389 0.4575629689174705 0.5084740085744909 0.45709405144694526 0.513699088960343 0.45334271168274387 0.5177183815648446 0.4472467845659164 0.5189911575562701
0 0.45722802786709543 0.5030479635584136 0.45428054662379413 0.5003684351554127 0.45300777063236863 0.4946744372990353 0.45548633440514474 0.49038719185423363 0.45930466237942125 0.4879086280814577 0.46540058949624874 0.48837754555198293 0.46948687031082537 0.49346864951768493 0.46895096463022506 0.4990286709539121 0.46667336548767424 0.5031149517684887 0.461381296891747 0.5039857984994641
0 0.4336450131233596 0.4948326771653544 0.43085629921259844 0.4912237532808399 0.4309383202099738 0.4863024934383202 0.4340551181102362 0.4826115485564305 0.43963254593175854 0.48113517060367456 0.4450459317585302 0.4842519685039371 0.44594816272965887 0.48974737532808404 0.44291338582677164 0.4949146981627297 0.4373359580052494 0.49630905511811024
0 0.38541666666666663 0.5150193798449613 0.3816214470284237 0.5131621447028424 0.38016795865633074 0.5092054263565892 0.38170219638242886 0.5056524547803618 0.3850936692506459 0.5034722222222223 0.3902616279069767 0.5041989664082688 0.3934916020671835 0.5080749354005168 0.3920381136950904 0.5130813953488372 0.38864664082687334 0.5152616279069768
0 0.4595102163461538 0.46441806891025633 0.45685596955128205 0.46306590544871795 0.4556540464743589 0.45941005608974356 0.4571564503205128 0.45620492788461536 0.4596103766025641 0.4544020432692308 0.46266526442307687 0.45390124198717946 0.46587039262820507 0.45585436698717946 0.4673227163461538 0.4586087740384615 0.46637119391025633 0.4630158253205128 0.4631660657051282 0.46461838942307687
0 0.4162087912087912 0.47344322344322337 0.4126984126984127 0.47084859584859584 0.4113247863247863 0.46764346764346765 0.41193528693528697 0.463064713064713 0.41475885225885223 0.46039377289377287 0.4197954822954823 0.4590964590964592 0.42460317460317465 0.4613858363858363 0.4268925518925518 0.46619352869352876 0.4255189255189255 0.4703144078144078 0.422008547008547 0.47367216117216115
0 0.40707113363363373 0.4607028903903905 0.4053819444444445 0.45910754504504514 0.40449042792792805 0.45629222972972977 0.40603885135135137 0.45319538288288297 0.4091356981981983 0.45216310060060066 0.4118102477477478 0.453148460960961 0.4133117492492493 0.4549784159159159 0.41340559309309316 0.4576529654654655 0.4121856231231231 0.45967060810810817 0.4103087462462463 0.4608436561561562
0 0.38163377192982456 0.4529605263157895 0.3774671052631579 0.4502741228070175 0.3765350877192983 0.4456140350877193 0.3786184210526316 0.4419407894736842 0.3820723684210526 0.4404057017543859 0.3856907894736842 0.44089912280701754 0.38837719298245615 0.44364035087719295 0.38919956140350875 0.44780701754385965 0.387390350877193 0.45142543859649126
0 0.39035087719298245 0.44418859649122805 0.3873355263157895 0.44205043859649124 0.3861842105263158 0.4388157894736842 0.38728070175438595 0.43475877192982454 0.390625 0.4328947368421053 0.3955043859649122 0.4332236842105263 0.39791666666666664 0.4365131578947368 0.39731359649122805 0.4417763157894737 0.3946271929824562 0.44364035087719295
0 0.3793498168498168 0.43292124542124544 0.3768887362637362 0.4305173992673993 0.37671703296703296 0.4275984432234432 0.37803342490842484 0.4255952380952381 0.3805517399267399 0.4241643772893773 0.38392857142857145 0.42542353479853473 0.38553113553113555 0.42839972527472525 0.3843292124542124 0.43206272893772896 0.3810096153846153 0.43309294871794873
0 0.40990338164251205 0.43067632850241544 0.40585748792270526 0.42892512077294676 0.4047705314009662 0.4257246376811594 0.40585748792270526 0.42155797101449277 0.40869565217391307 0.41926328502415455 0.4135869565217391 0.41944444444444445 0.41702898550724643 0.4229468599033816 0.41684782608695653 0.42675120772946856 0.4141908212560386 0.43001207729468593
0 0.39722222222222225 0.42856280193236707 0.3927536231884058 0.42578502415458935 0.39190821256038644 0.42161835748792265 0.3943236714975845 0.4178140096618358 0.3991545893719807 0.41648550724637684 0.40326086956521734 0.41884057971014493 0.40428743961352653 0.4232487922705314 0.4026570048309179 0.42765700483091784
0 0.2778668091168091 0.3881766381766382 0.2764423076923077 0.38506054131054135 0.27706552706552706 0.38185541310541316 0.2797364672364672 0.37989672364672367 0.28409900284900286 0.3803418803418803 0.2863247863247863 0.3845263532763533 0.28472222222222227 0.3882656695156695 0.2811609686609687 0.3897792022792023
0 0.2684294871794872 0.4082977207977208 0.2658475783475784 0.40625000000000006 0.2655804843304843 0.40277777777777773 0.2668269230769231 0.400195868945869 0.271011396011396 0.3988603988603989 0.2742165242165242 0.4015313390313391 0.2744836182336183 0.40500356125356124 0.27314814814814814 0.40811965811965817
0 0.21623296158612143 0.38731412639405205 0.21468401486988847 0.38607496902106564 0.21398698884758366 0.3834417596034697 0.2149163568773234 0.38135068153655516 0.21685254027261464 0.38003407682775714 0.21956319702602228 0.38034386617100374 0.22196406443618338 0.3829770755885997 0.22072490706319703 0.38677199504337056
0 0.230638166047088 0.3869268897149938 0.22908921933085505 0.38483581164807934 0.22908921933085505 0.3824349442379182 0.2303283767038414 0.3805762081784387 0.2328841387856258 0.3799566294919455 0.23543990086741015 0.38104089219330856 0.23636926889714996 0.3830545229244114 0.23590458488228006 0.3853779429987609 0.23412329615861216 0.3868494423791821
0 0.2498451053283767 0.3891728624535316 0.247366790582404 0.3859200743494424 0.2476765799256506 0.38351920693928127 0.24876084262701365 0.38104089219330856 0.2523234200743495 0.3802664188351921 0.2554213135068154 0.38135068153655516 0.25681536555142503 0.3840613382899628 0.2554213135068154 0.38839838909541513 0.25185873605947956 0.3894826517967782
0 0.23906594922737306 0.3652386865342164 0.23596164459161145 0.363307119205298 0.23547875275938188 0.3595819536423841 0.23623758278145696 0.3563396799116998 0.23934188741721854 0.35427014348785874 0.24499862030905079 0.35564983443708603 0.2464472958057395 0.3597889072847682 0.24513658940397348 0.3632381346578366 0.24258416114790285 0.3653076710816777
0 0.25210402869757176 0.36551462472406177 0.2502414459161148 0.363307119205298 0.25031043046357615 0.35985789183222955 0.251966059602649 0.35744343267108164 0.2567259933774834 0.3568915562913907 0.2591404525386313 0.3602028145695364 0.258519591611479 0.36372102649006627 0.25444950331125826 0.3661354856512142
0 0.26321054083885204 0.3656525938189846 0.26114100441501104 0.3626172737306843 0.261692880794702 0.35951296909492275 0.2642453090507726 0.35696054083885204 0.2686603200883002 0.3577883554083885 0.27072985651214126 0.36075469094922735 0.2703849337748344 0.3642039183222958 0.26762555187637965 0.36592853200882997
0 0.2852733686067019 0.35008818342151676 0.283123897707231 0.3486552028218695 0.28246252204585537 0.34551366843033504 0.2838955026455026 0.3428681657848324 0.2864858906525573 0.3414351851851851 0.29056437389770723 0.34259259259259256 0.2919973544973545 0.3469466490299823 0.28995811287477946 0.34992283950617276
0 0.2699918122270742 0.3429994541484716 0.2677174308588064 0.34149836244541487 0.26744450509461426 0.3389055676855895 0.2691730349344978 0.3363582605531295 0.2724026564774381 0.3362217976710335 0.27458606259097523 0.3383597161572052 0.27413118631732164 0.34158933770014555 0.27217521834061137 0.3429994541484716
0 0.276087154294032 0.3356759461426492 0.2738582605531295 0.3337654657933042 0.2738582605531295 0.33067230713245993 0.2755413027656477 0.32880731441048033 0.2777247088791848 0.3283069505094614 0.28077237991266374 0.32994450509461426 0.28099981804949054 0.3332196142649199 0.2797716521106259 0.33517558224163024
0 0.031077538631346577 0.4048358167770419 0.030318708609271532 0.4035940949227373 0.030594646799116998 0.4012486203090508 0.031905353200883 0.400351821192053 0.03418184326710816 0.400351821192053 0.03535458057395143 0.40180049668874174 0.03535458057395143 0.40428394039735094 0.03356098233995585 0.4053876931567329
0 0.03659630242825608 0.4027662803532009 0.03576848785871965 0.40180049668874174 0.03569950331125828 0.4000758830022075 0.03680325607064017 0.39869619205298007 0.03887279249448124 0.3981443156732892 0.04032146799116997 0.3989721302428256 0.040942328918322286 0.40117963576158944 0.03921771523178808 0.4035940949227373
0 0.041908112582781445 0.40104166666666663 0.04101131346578366 0.3993170529801325 0.041494205298013245 0.3973165011037527 0.042459988962472404 0.3964886865342164 0.044943432671081675 0.39614376379690946 0.046047185430463565 0.3977304083885209 0.04653007726269317 0.3997309602649007 0.045909216335540834 0.401110651214128
0 0.04827080142930067 0.3989599285349668 0.047249872383869324 0.3974923430321593 0.047186064318529855 0.3958652373660031 0.04836651352730984 0.3944295558958652 0.05028075548749361 0.39407861153649826 0.05206738131699846 0.3954185809086268 0.0522269014803471 0.3974285349668198 0.05120597243491576 0.3991194486983155
0 0.053854007146503305 0.397045686574783 0.05299259826442063 0.3959290454313425 0.05270546197039307 0.39449336396120466 0.053184022460439004 0.3932172026544155 0.05449208779989791 0.39226008167432364 0.05647013782542113 0.39229198570699336 0.05765058703420112 0.39398289943848896 0.05777820316488004 0.39570571720265446 0.056821082184788145 0.39675855028075546 0.055544920877998984 0.39726901480347115
0 0.059851965288412454 0.394812404287902 0.058926748340990306 0.39375957120980093 0.05883103624298111 0.39206865747830527 0.05908626850433895 0.390920112302195 0.06039433384379786 0.390090607452782 0.062212863705972433 0.3900267993874426 0.06355283307810107 0.39130296069423176 0.06374425727411943 0.3933448187850944 0.06278713629402756 0.39487621235324144 0.06116003062787136 0.39525906074527817
0 0.06551204819277114 0.39311412315930394 0.06442436412315936 0.39194277108433734 0.06425702811244988 0.39056224899598396 0.06463353413654624 0.38922356091030785 0.06580488621151279 0.38842871485943775 0.06714357429718881 0.38813587684069617 0.06873326639892913 0.3890143908969211 0.069277108433735 0.39039491298527446 0.06902610441767075 0.3921519410977242 0.06806392235609109 0.39311412315930394
0 0.07099230254350743 0.3907295850066934 0.07003012048192779 0.3890980589022758 0.07003012048192779 0.3875502008032129 0.07161981258366806 0.38600234270414996 0.07392068273092377 0.38612784471218203 0.0749246987951808 0.387341030789826 0.07559404283801881 0.3896419009370816 0.07329317269076312 0.3911479250334672
0 0.07663989290495321 0.3890143908969211 0.07563587684069618 0.38738286479250333 0.07567771084337355 0.3857513386880857 0.07676539491298533 0.3843708165997323 0.07843875502008038 0.38395247657295856 0.08032128514056232 0.38474732262382866 0.08094879518072295 0.387675702811245 0.07931726907630528 0.38934906291834004
0 0.08249665327978586 0.3869226907630523 0.08170180722891573 0.385667670682731 0.0815763052208836 0.3835341365461848 0.08295682730923701 0.3820699464524766 0.08475568942436419 0.3819862784471218 0.08617804551539499 0.38282295850066933 0.08680555555555564 0.3846218206157966 0.0861362115127176 0.3865461847389558 0.08488119143239631 0.38725736278447126
0 0.08843708165997329 0.38495649263721554 0.08743306559571624 0.38399431057563593 0.087182061579652 0.38232095046854087 0.08764223560910313 0.38089859437751 0.08893908969210182 0.3800200803212852 0.09119812583668012 0.3802292503346721 0.09211847389558238 0.38144243641231595 0.09224397590361452 0.3837433065595717 0.09086345381526112 0.38520749665327986
0 0.09395917001338694 0.38273929049531463 0.09316432396251678 0.38131693440428377 0.0933316599732263 0.3791415662650603 0.09450301204819284 0.3781793842034807 0.09638554216867477 0.37792838018741637 0.09764056224899603 0.3786813922356091 0.0982262382864793 0.38043842034805897 0.09751506024096392 0.38240461847389556 0.09592536813922362 0.3830321285140562
0 0.09927208835341371 0.3806894243641231 0.0986027443105757 0.3789742302543508 0.0991047523427042 0.37688253012048195 0.10090361445783139 0.3759203480589023 0.10278614457831332 0.3765060240963856 0.10374832663989296 0.37813755020080325 0.1033299866131192 0.3801455823293173 0.1019494645247658 0.3811077643908969
0 0.10554718875502016 0.3786813922356091 0.10429216867469887 0.37709170013386883 0.10466867469879523 0.3752510040160643 0.10659303882195456 0.3734939759036145 0.109312248995984 0.3745398259705489 0.10993975903614464 0.37742637215528785 0.10801539491298531 0.37909973226238286
0 0.11408622559652926 0.3631823933477947 0.11322758496023136 0.361781453362256 0.11304681851048443 0.35961225596529284 0.11408622559652926 0.3583468908170643 0.11611984815618219 0.3575786334056399 0.11810827910339838 0.358572848879248 0.11883134490238613 0.36101319595083153 0.11792751265365145 0.36300162689804777 0.11557754880694143 0.3634987346348518
0 0.11431218365871293 0.35617769342010125 0.11309201012292117 0.3549123282718727 0.11250451916124367 0.35305947216196676 0.11336315979754157 0.351161424439624 0.11508044107013736 0.35025759219088937 0.11765636297903109 0.351161424439624 0.1186505784526392 0.35337581344902386 0.11815347071583512 0.35504790310918294 0.11621023138105566 0.3563132682574114
0 0.10825650759219087 0.3586632321041215 0.1064036514822849 0.3576690166305133 0.10595173535791758 0.35568058568329713 0.10653922631959506 0.3540988792480116 0.1081661243673174 0.3529690889370933 0.11065166305133767 0.35314985538684024 0.11196221981200286 0.356042118582791 0.11074204627621115 0.3582565075921909
0 0.10992859725234994 0.3656679320318149 0.10821131597975414 0.365984273318872 0.10653922631959506 0.36467371655820674 0.10622288503253795 0.36264009399855385 0.10676518438177875 0.36096800433839477 0.10875361532899494 0.35992859725234994 0.11074204627621115 0.36065166305133767 0.1121429862617498 0.3623237527114967 0.1118266449746927 0.3642669920462762
0 0.1004439890710383 0.36055327868852466 0.0995560109289618 0.3595286885245902 0.09941939890710388 0.3582308743169399 0.09976092896174868 0.3565915300546449 0.10092213114754103 0.3556693989071038 0.1024248633879782 0.35525956284153004 0.1038251366120219 0.35570355191256836 0.1047131147540984 0.3567622950819673 0.10519125683060114 0.35870901639344266 0.10447404371584704 0.359870218579235 0.10355191256830606 0.3608265027322405 0.10218579234972683 0.36113387978142075
0 0.10058060109289621 0.36786202185792355 0.09976092896174868 0.3665300546448088 0.09952185792349733 0.36468579234972687 0.10040983606557381 0.36328551912568313 0.10204918032786892 0.362568306010929 0.10389344262295086 0.3630806010928962 0.1049180327868853 0.36407103825136616 0.10502049180327874 0.36557377049180334 0.10454234972677601 0.36717896174863396 0.10303961748633884 0.3681352459016394
0 0.09420034461152883 0.36331062030075184 0.09279057017543858 0.36166588345864664 0.09271224937343357 0.35939458020050125 0.09447446741854636 0.35786732456140347 0.09654996867167918 0.35786732456140347 0.09807722431077695 0.3592379385964912 0.098390507518797 0.3609218358395989 0.09788142230576441 0.3623707706766917 0.09627584586466166 0.3635847431077694
0 0.0941220238095238 0.3704769736842105 0.09290805137844613 0.36855811403508765 0.09294721177944863 0.36687421679197996 0.09404370300751878 0.36522947994987465 0.09654996867167918 0.3648378759398496 0.09819470551378447 0.36605184837092725 0.09870379072681702 0.3677749060150376 0.09819470551378447 0.3696154448621554 0.09654996867167918 0.370437813283208
0 0.08753461732124873 0.36535435548841894 0.08655903826787513 0.364347306143001 0.08621286505538772 0.3628682024169184 0.08646462739174218 0.36151497985901304 0.08766049848942598 0.3603191087613293 0.08920254279959719 0.35997293554884185 0.09074458710976838 0.36069675226586106 0.09168869587109768 0.36211291540785495 0.0914054632426989 0.36412701409869086 0.09030400302114804 0.36535435548841894 0.0889507804632427 0.36566905840886205
0 0.08740873615307149 0.37252958207452164 0.08643315709969789 0.37101900805639476 0.08633874622356497 0.3692252014098691 0.0870940332326284 0.36777756797583083 0.0883528449144008 0.36705375125881173 0.09017812185297079 0.36727404330312186 0.09159428499496476 0.3682810926485398 0.09184604733131922 0.369823136958711 0.09178310674723063 0.37161694360523667 0.09046135448136958 0.37259252265861026 0.08891931017119838 0.37284428499496475
0 0.08092496867167918 0.3679707080200501 0.07982847744360903 0.36687421679197996 0.07939771303258146 0.36519031954887216 0.0797893170426065 0.3635847431077694 0.08143405388471178 0.36229244987468673 0.0834312343358396 0.36244909147869675 0.0846843671679198 0.36370222431077687 0.08523261278195489 0.3654644423558897 0.08394031954887218 0.36734414160401 0.08253054511278196 0.3682056704260651
0 0.0810424498746867 0.37498041979949875 0.07994595864661655 0.374001409774436 0.07955435463659147 0.3720433897243108 0.08018092105263158 0.370516134085213 0.08147321428571429 0.3696154448621554 0.0833920739348371 0.36957628446115287 0.08488016917293233 0.37063361528822053 0.08515429197994988 0.37227835213032584 0.08488016917293233 0.37392308897243104 0.08354871553884712 0.37501958020050125
0 0.07536419172932331 0.37059445488721804 0.07332785087719298 0.3694979636591479 0.07274044486215539 0.3677749060150376 0.0728579260651629 0.36605184837092725 0.07493342731829573 0.3644854323308271 0.07669564536340853 0.3647595551378446 0.07790961779448623 0.3661301691729323 0.07818374060150375 0.36855811403508765 0.07732221177944863 0.3698504072681704
0 0.0745251225490196 0.3775275735294118 0.07309538398692811 0.37640420751633985 0.07289113562091504 0.37466809640522875 0.07365706699346404 0.37252348856209155 0.07575061274509805 0.37165543300653603 0.0778952205882353 0.37237030228758167 0.07861008986928103 0.37441278594771243 0.07825265522875817 0.3761488970588236 0.07656760620915032 0.37742544934640526
0 0.06849979575163398 0.3798253676470588 0.0668658088235294 0.37900837418300654 0.06604881535947711 0.3773233251633987 0.06691687091503266 0.3751276552287582 0.06890829248366014 0.3741574754901961 0.07115502450980392 0.3752297794117647 0.07212520424836599 0.3769658905228759 0.07115502450980392 0.37957005718954256
0 0.0684386235233693 0.3728813559322034 0.06699409347714431 0.37204673857216225 0.066223677452491 0.3705059065228557 0.06638418079096046 0.3687403697996919 0.06741140215716487 0.36742424242424243 0.06965844889573702 0.36694273240883407 0.07164869029275808 0.36893297380585516 0.07155238828967643 0.3706664098613251 0.07052516692347202 0.3722393425783256
0 0.061030982905982904 0.3819253663003663 0.05984813797313797 0.38104777167277165 0.05977182539682539 0.3792162698412698 0.060306013431013446 0.377651862026862 0.062023046398046386 0.3766597985347985 0.06370192307692307 0.37696504884004883 0.06496108058608059 0.3784149877899878 0.06511370573870573 0.3800175518925519 0.06480845543345544 0.38142933455433453 0.062328296703296704 0.3825740231990232
0 0.0613743894993895 0.3751717032967033 0.05980998168498169 0.373950702075702 0.059466575091575095 0.37185210622710624 0.05996260683760685 0.37047847985347987 0.061679639804639814 0.3695245726495726 0.06408348595848595 0.36994429181929184 0.06488476800976802 0.3714705433455433 0.06499923687423688 0.3732257326007326 0.06358745421245422 0.3749046092796093
0 0.0567108812949641 0.37719199640287776 0.05420038968824946 0.3774917565947243 0.0528514688249401 0.37558078537170264 0.05288893884892094 0.3731452338129497 0.05427532973621108 0.37209607314148685 0.05569919064748207 0.37157149280575547 0.05734787170263794 0.37235836330935257 0.05832209232613916 0.37363234412470026 0.05854691247002403 0.3754309052757794 0.05790992206235019 0.37625524580335734
0 0.05458829365079364 0.384499007936508 0.05319940476190476 0.3834573412698413 0.05290178571428571 0.3815228174603174 0.05379464285714286 0.37978670634920636 0.05587797619047619 0.37894345238095234 0.05761408730158731 0.37963789682539684 0.05885416666666665 0.38162202380952387 0.05835813492063493 0.38395337301587307 0.05622519841269841 0.3849454365079365
0 0.048586309523809525 0.37968749999999996 0.04699900793650794 0.3794890873015873 0.04610615079365079 0.3775049603174603 0.04620535714285714 0.37571924603174606 0.04759424603174602 0.3745287698412698 0.050223214285714295 0.3741319444444444 0.051413690476190474 0.3756696428571428 0.051413690476190474 0.37814980158730155 0.04997519841269841 0.37924107142857144
0 0.048115079365079354 0.38695987654320985 0.046737213403880075 0.3861882716049383 0.04613095238095237 0.3840939153439153 0.046737213403880075 0.3823302469135802 0.04872134038800706 0.3814484126984127 0.05114638447971782 0.3819444444444444 0.0521384479717813 0.3838183421516755 0.05131172839506172 0.3861882716049383 0.049107142857142856 0.3868496472663139
0 0.04154624277456654 0.38945086705202314 0.04022157996146441 0.38868818240205527 0.039659601798330196 0.3869621066152858 0.03986030828516385 0.38515574823378296 0.04118497109826595 0.3841522157996147 0.04335260115606944 0.38375080282594737 0.04507867694283885 0.3852360308285165 0.04539980732177271 0.3874036608863199 0.04399486191393712 0.38896917148362237
0 0.04196475887652358 0.38225357710651825 0.04014308426073132 0.3816573926868044 0.03934817170111286 0.37963698993110756 0.03991123476417593 0.37745098039215685 0.04156730259671435 0.3765898251192369 0.04385267620561738 0.3767885532591415 0.04517753047164811 0.3784446210916799 0.04487943826179121 0.3805643879173291 0.04405140434552198 0.3816573926868044
0 0.03519248608534324 0.38236317254174396 0.034110235003092154 0.38193800247371673 0.033298546691403835 0.38070114409400124 0.033298546691403835 0.3791164192949907 0.033994279529993815 0.3782660791589363 0.03577226345083488 0.3776476499690785 0.037318336425479284 0.3783820346320347 0.03770485466914039 0.3795415893630179 0.03766620284477429 0.38085575139146566 0.03708642547928261 0.38182204700061845
0 0.03005179344465058 0.38348407544836116 0.028969542362399518 0.38309755720470007 0.027848639455782306 0.3822858688930118 0.027423469387755094 0.3809330550401979 0.028003246753246766 0.37973484848484845 0.028892238713667286 0.378845856524428 0.030670222634508353 0.3786525974025974 0.031791125541125544 0.3796575448361163 0.03202303648732221 0.3813968769325912 0.03148191094619667 0.3829042980828695
0 0.0243313234384663 0.38410250463821893 0.022901205936920223 0.38414115646258506 0.022128169449598025 0.382711038961039 0.02201221397649969 0.38159013605442177 0.022669294990723565 0.38008271490414347 0.024254019789734068 0.3795415893630179 0.025954700061842927 0.380275974025974 0.026457173778602343 0.38209260977118115 0.025954700061842927 0.3834067717996289
0 0.0369203629032258 0.39070900537634407 0.03519825268817204 0.3903309811827957 0.03461021505376345 0.38894489247311836 0.03507224462365591 0.3874747983870968 0.03671034946236559 0.3868867607526882 0.037802419354838704 0.3873907930107527 0.0384744623655914 0.38911290322580644
0 0.035949074074074085 0.39520833333333333 0.03497685185185184 0.3944212962962963 0.034652777777777775 0.3928935185185185 0.03539351851851851 0.3917361111111111 0.036412037037037034 0.39113425925925926 0.03784722222222223 0.3915509259259259 0.03844907407407408 0.39266203703703706 0.03858796296296296 0.3942361111111111 0.03756944444444444 0.3950231481481481
0 0.03172063253012054 0.397433483935743 0.03096762048192776 0.3963039658634539 0.031030371485943828 0.39435868473895586 0.03222264056224905 0.39354292168674704 0.03372866465863459 0.3937939257028113 0.03498368473895588 0.3953627008032129 0.03391691767068277 0.397433483935743
0 0.03244535519125684 0.39253187613843354 0.031079234972677602 0.3915642076502732 0.030623861566484507 0.39002732240437166 0.030965391621129327 0.38866120218579236 0.03295765027322406 0.3883196721311475 0.03443761384335154 0.3896857923497268 0.03392531876138435 0.3916211293260473
0 0.029030054644808748 0.3993624772313297 0.026753187613843345 0.3985655737704918 0.025557832422586534 0.39680100182149364 0.02589936247723133 0.3950364298724955 0.02686703096539162 0.3945241347905283 0.0288023679417122 0.39423952641165755 0.03011156648451731 0.3950364298724955 0.03073770491803278 0.397370218579235
0 0.027000255623721933 0.3938522494887526 0.026361196319018454 0.3934049079754602 0.025913854805726035 0.3921587423312884 0.02584994887525569 0.3911042944785277 0.02696830265848676 0.39020961145194283 0.028533997955010274 0.39011375255623726 0.029460633946830312 0.39123210633946837 0.0296203987730062 0.39276584867075665 0.028661809815950966 0.3935007668711657
0 0.1365371845949536 0.39682934926958835 0.13247011952191243 0.3935922974767597 0.13172310756972117 0.39043824701195223 0.13305112881806114 0.3869521912350598 0.13686918990703856 0.3854581673306774 0.14101925630810097 0.38653718459495356 0.14267928286852596 0.3918492695883135 0.14093625498007975 0.3953353253652059 0.13778220451527232 0.3969123505976096
0 0.1439243027888447 0.3945053120849934 0.14334329349269592 0.39267928286852594 0.1427622841965472 0.3901892430278885 0.14425630810092965 0.38670318725099606 0.1484063745019921 0.38587317397078363 0.15139442231075703 0.38703519256308105 0.15263944223107576 0.38911022576361226 0.15222443559096951 0.3935922974767597 0.1501494023904383 0.3958333333333334 0.1465803452855246 0.3959163346613547
0 0.16405259822560206 0.37349493029150826 0.16238910012674274 0.37151457541191385 0.16191381495564006 0.3691381495564005 0.1624683143219265 0.3673954372623574 0.1642902408111534 0.36533586818757924 0.16825095057034223 0.3655735107731306 0.17054816223067173 0.3683460076045627 0.16896387832699622 0.3727820025348543 0.16611216730038023 0.3736533586818758
0 0.15578497023809523 0.3521515376984127 0.154296875 0.3509114583333333 0.15442088293650794 0.34855530753968256 0.1560329861111111 0.3470672123015873 0.1580171130952381 0.3468191964285714 0.15950520833333334 0.34781125992063494 0.16006324404761904 0.349547371031746 0.15987723214285712 0.35159350198412703 0.15851314484126983 0.3523995535714286
0 0.1624813988095238 0.3542596726190476 0.16161334325396823 0.3527095734126984 0.16124131944444442 0.3503534226190476 0.1626674107142857 0.34905133928571425 0.16533358134920634 0.3488653273809524 0.1665736607142857 0.35053943452380953 0.16644965277777776 0.35326760912698413 0.16477554563492064 0.35456969246031744
0 0.16824776785714288 0.353577628968254 0.1671937003968254 0.35177951388888884 0.16762772817460317 0.35022941468253965 0.16849578373015872 0.34892733134920634 0.17122395833333334 0.3487413194444445 0.17258804563492064 0.3509734623015873 0.17190600198412695 0.3531436011904762 0.169921875 0.35419766865079366
0 0.15516493055555552 0.34477306547619047 0.15423487103174605 0.34353298611111116 0.15423487103174605 0.3414868551587302 0.15535094246031747 0.33999875992063494 0.15826512896825395 0.3396267361111111 0.1597532242063492 0.3419828869047619 0.15931919642857142 0.34464905753968256 0.15764508928571425 0.3453311011904762
0 0.16353546626984128 0.3481212797619047 0.1622953869047619 0.34768725198412703 0.16117931547619047 0.345641121031746 0.16198536706349206 0.34359499007936506 0.16353546626984128 0.3427889384920635 0.16570560515873017 0.3434089781746032 0.16651165674603172 0.3461371527777778 0.16545758928571425 0.34781125992063494
0 0.1687437996031746 0.3481832837301587 0.16744171626984128 0.3470672123015873 0.16700768849206352 0.3455171130952381 0.16750372023809523 0.3441530257936508 0.16818576388888887 0.3431609623015873 0.16948784722222218 0.34272693452380953 0.1716579861111111 0.3434089781746032 0.17240203373015872 0.3453931051587301 0.17140997023809523 0.34743923611111116
0 0.17488219246031747 0.34768725198412703 0.17370411706349206 0.3460751488095238 0.17351810515873017 0.3432229662698413 0.17544022817460317 0.3414868551587302 0.17885044642857142 0.3416108630952381 0.18015252976190477 0.3442770337301587 0.17841641865079363 0.34743923611111116
0 0.17513020833333334 0.3404327876984127 0.17370411706349206 0.33900669642857145 0.17351810515873017 0.33696056547619047 0.17432415674603172 0.33503844246031744 0.1765562996031746 0.33448040674603174 0.17897445436507936 0.3354104662698413 0.17971850198412695 0.33782862103174605 0.17934647817460317 0.33950272817460314 0.17730034722222218 0.34086681547619047
0 0.16868179563492064 0.341796875 0.1675657242063492 0.34136284722222227 0.16713169642857142 0.33968874007936506 0.1675657242063492 0.33832465277777773 0.16799975198412695 0.3372705853174603 0.1697358630952381 0.33677455357142855 0.1716579861111111 0.33764260912698413 0.17240203373015872 0.33968874007936506 0.17159598214285712 0.3414868551587302
0 0.16471354166666666 0.34229290674603174 0.16186135912698413 0.34173487103174605 0.16080729166666666 0.33981274801587297 0.16161334325396823 0.3377666170634921 0.164031498015873 0.33665054563492064 0.1662016369047619 0.3380146329365079 0.1662016369047619 0.3402467757936508
0 0.17463417658730157 0.333984375 0.1732080853174603 0.3322482638888889 0.1732080853174603 0.3299541170634921 0.17451016865079363 0.328156001984127 0.17686631944444442 0.3275359623015873 0.17916046626984128 0.3290860615079365 0.17903645833333334 0.33237227182539686 0.17674231150793648 0.3342943948412698
0 0.1697358630952381 0.335968501984127 0.167937748015873 0.335844494047619 0.16669766865079363 0.3343563988095238 0.16682167658730157 0.33286830357142855 0.16812375992063489 0.3314422123015873 0.1697358630952381 0.33069816468253965 0.17122395833333334 0.3312562003968254 0.17215401785714288 0.3338603670634921
0 0.16442466887417215 0.3363341611479028 0.16166528697571744 0.3358512693156733 0.16069950331125823 0.33391970198675497 0.16097544150110377 0.3326779801324503 0.1623551324503311 0.3310913355408388 0.16421771523178805 0.3310913355408388 0.16539045253863133 0.3319881346578366 0.1661492825607064 0.33309188741721857 0.16573537527593818 0.33536837748344367
0 0.1676669426048565 0.33040149006622516 0.16628725165562913 0.32798703090507725 0.16683912803532006 0.32605546357615894 0.16863272626931566 0.3247447571743929 0.1711851545253863 0.3254346026490066 0.1720819536423841 0.3272282008830022 0.1709782008830022 0.33012555187637965
0 0.16421771523178805 0.3303325055187638 0.16138934878587194 0.3295046909492274 0.16049254966887416 0.3272282008830022 0.16159630242825604 0.3254346026490066 0.163458885209713 0.32488272626931564 0.16545943708609273 0.32571054083885204 0.16621826710816776 0.3276421081677704
0 0.15849199779249445 0.3359202538631347 0.1558016004415011 0.33557533112582777 0.15552566225165562 0.3335057947019867 0.15656043046357615 0.3319881346578366 0.15897488962472403 0.3324710264900662 0.15966473509933773 0.3342646247240618
0 0.15255932671081676 0.33688603752759383 0.1507657284768212 0.33557533112582777 0.15035182119205298 0.33329884105960267 0.15228338852097129 0.33233305739514346 0.15462886313465782 0.33343681015452536 0.15449089403973507 0.3354373620309051
0 0.14628173289183224 0.33971440397350994 0.1434533664459161 0.3384726821192053 0.1425565673289183 0.3361272075055187 0.14379828918322293 0.3340576710816777 0.14607477924944812 0.33343681015452536 0.14842025386313465 0.3349544701986755 0.14862720750551878 0.3376448675496689
0 0.1452469646799117 0.33171219646799116 0.14366032008830024 0.3310913355408388 0.14290149006622513 0.32867687637969095 0.14372930463576158 0.32667632450331124 0.14628173289183224 0.325503587196468 0.14862720750551878 0.3273661699779249 0.14821330022075055 0.32971164459161145 0.14704056291390727 0.3315742273730684
0 0.1506967439293598 0.33081539735099336 0.14996475563909772 0.3292019110275689 0.1508654448621554 0.3268914473684211 0.15254934210526316 0.3265390037593985 0.1541549185463659 0.3274788533834586 0.15431156015037592 0.32943687343358397 0.1530975877192982 0.33061168546365916
0 0.1558388157894737 0.3301809210526315 0.15513392857142858 0.32818374060150374 0.15638706140350878 0.326656484962406 0.15865836466165414 0.3266173245614035 0.15979401629072684 0.3282229010025063 0.15865836466165414 0.33033756265664155 0.15630874060150377 0.3303767230576441
0 0.11443014705882358 0.32605698529411775 0.11228553921568633 0.3244485294117648 0.11098345588235299 0.32161458333333337 0.11151960784313734 0.3184742647058824 0.1138174019607844 0.31617647058823534 0.1184129901960785 0.31564031862745107 0.12117034313725497 0.3175551470588236 0.121936274509804 0.3214613970588236 0.11948529411764715 0.3249080882352942 0.11665134803921574 0.3263633578431373
0 0.11982742181540809 0.3317839435545385 0.11844488939740656 0.3302583905415713 0.11873093058733791 0.3282084286803966 0.11987509534706334 0.32653985507246375 0.1221157513348589 0.3259677726926011 0.12469012204424104 0.327445652173913 0.12469012204424104 0.3294956140350877 0.12421338672768878 0.33145022883295194 0.12192505720823799 0.3323560259344012
0 0.11591819221967962 0.33740942028985504 0.11348684210526315 0.3353117848970252 0.11343916857360796 0.3330234553775744 0.11496472158657516 0.3314025553012967 0.11763443935926773 0.33111651411136533 0.11992276887871853 0.3333094965675057 0.11939836003051107 0.33612223493516397 0.1170146834477498 0.3374570938215103
0 0.0988033234126984 0.33590649801587297 0.09657118055555557 0.33621651785714285 0.09458705357142858 0.33441840277777773 0.09483506944444443 0.33274429563492064 0.09582713293650795 0.3308221726190476 0.09836929563492064 0.33069816468253965 0.10047743055555557 0.33237227182539686 0.09991939484126984 0.33503844246031744
0 0.09342228464419473 0.3294709737827715 0.09131554307116103 0.328628277153558 0.09051966292134829 0.32703651685393254 0.09140917602996253 0.3252106741573033 0.09346910112359548 0.3246020599250936 0.09459269662921348 0.3254915730337078 0.0951076779026217 0.32684925093632955 0.09463951310861422 0.32816011235955056
0 0.628234649122807 0.8863486842105263 0.6258223684210527 0.8834978070175438 0.6246162280701755 0.878782894736842 0.6272478070175438 0.8751644736842104 0.6316337719298246 0.8727521929824561 0.6382127192982455 0.8742872807017543 0.6405153508771929 0.8808662280701753 0.6377741228070175 0.8861293859649121 0.6333881578947368 0.8881030701754385
0 0.6577302631578947 0.8827302631578946 0.6552083333333333 0.878563596491228 0.6555372807017543 0.8733004385964911 0.659375 0.8685855263157894 0.6670504385964913 0.8685855263157894 0.6714364035087719 0.8742872807017543 0.6694627192982455 0.8813048245614032 0.6650767543859648 0.8844846491228069
0 0.6886207805907173 0.8782304852320675 0.6869066455696202 0.8745385021097045 0.6870385021097046 0.8692642405063291 0.6925764767932489 0.8651766877637129 0.6995648734177214 0.8675501054852319 0.7016745780590717 0.8734836497890295 0.6977188818565401 0.8792853375527426
0 0.7241060874704491 0.8737071513002366 0.7228501773049646 0.8692006501182035 0.7239583333333334 0.8652112884160756 0.728095449172577 0.8621823286052009 0.7337839834515366 0.8624039598108749 0.7370345744680852 0.865876182033097 0.7378472222222223 0.8697916666666669 0.7349660165484634 0.8747414302600474 0.7311982860520095 0.8759234633569741
0 0.7283528645833334 0.93896484375 0.7266167534722223 0.9351671006944445 0.72705078125 0.9295247395833334 0.7306315104166666 0.924533420138889 0.7410481770833334 0.9234483506944445 0.7471245659722223 0.92919921875 0.74658203125 0.9384223090277779 0.7418077256944445 0.9425455729166666 0.732150607638889 0.9420030381944445
0 0.7637261284722223 0.9361436631944445 0.7617730034722223 0.9308268229166666 0.7627495659722223 0.92431640625 0.7668728298611112 0.92041015625 0.774142795138889 0.919650607638889 0.78076171875 0.9231228298611113 0.7826063368055556 0.9286566840277779 0.7814127604166666 0.9337565104166666 0.777072482638889 0.938205295138889 0.7704535590277779 0.9398328993055556
0 0.8065025252525253 0.9595328282828282 0.7993055555555555 0.9576388888888888 0.7948863636363637 0.9519570707070706 0.7960227272727272 0.9451388888888888 0.7999368686868686 0.94135101010101 0.8073863636363636 0.9400883838383838 0.8130681818181817 0.9433712121212121 0.8149621212121212 0.9482954545454544 0.8142045454545456 0.9552398989898989
0 0.8360131396957123 0.9504668049792531 0.8342842323651452 0.946576763485477 0.8361860304287689 0.9392289073305671 0.8404218533886584 0.9366355463347164 0.8486341632088519 0.9361168741355463 0.8539073305670815 0.9405255878284923 0.8546853388658368 0.9455394190871368 0.852524204702628 0.9506396957123097 0.8473374827109267 0.9547026279391423 0.8408540802213001 0.954616182572614
0 0.8653273809523809 0.9250801282051282 0.8629235347985349 0.9217605311355311 0.862809065934066 0.9154647435897436 0.8652129120879121 0.9115728021978022 0.8712797619047619 0.9089400183150184 0.8787202380952381 0.9104281135531136 0.8827266483516483 0.9166094322344324 0.8814674908424909 0.9226762820512822 0.8767742673992673 0.9279418498168498 0.8699061355311356 0.9279418498168498
0 0.8853594322344324 0.9432806776556777 0.8846726190476191 0.9397321428571428 0.8861607142857143 0.9346955128205129 0.8916552197802198 0.9306891025641025 0.8984088827838829 0.931146978021978 0.903331043956044 0.9342376373626373 0.9048191391941391 0.9388163919413919 0.9029876373626373 0.9453411172161171 0.8969207875457876 0.9493475274725275 0.8905105311355311 0.948889652014652 0.8869619963369964 0.9464858058608059
0 0.907451923076923 0.9237065018315019 0.9020718864468864 0.917639652014652 0.9023008241758242 0.9127174908424909 0.9048191391941391 0.9069940476190476 0.9107715201465201 0.9044757326007327 0.9191277472527473 0.9066506410256411 0.9222184065934065 0.9127174908424909 0.9195856227106227 0.920157967032967 0.9152358058608059 0.9239354395604396
0 0.9302199504337051 0.9448574969021066 0.9263475836431228 0.9408302354399009 0.9244114002478314 0.9353314745972738 0.9265799256505576 0.9296003717472119 0.931536555142503 0.9252633209417597 0.9402881040892194 0.9257280049566295 0.9453996282527881 0.9318463444857497 0.9448574969021066 0.9398234200743495 0.9404429987608427 0.944315365551425 0.9337825278810408 0.9459417596034696
0 0.9464631782945736 0.9167474160206719 0.9443636950904394 0.9117409560723515 0.945171188630491 0.90625 0.9479974160206719 0.9021317829457365 0.9539728682170543 0.900032299741602 0.9612403100775194 0.9018087855297158 0.9649547803617571 0.9063307493540053 0.9649547803617571 0.9129521963824291 0.9621285529715762 0.9178779069767442 0.9556686046511628 0.9203003875968992 0.9497739018087856 0.9195736434108528
0 0.7795681423611113 0.8689778645833334 0.777072482638889 0.8644205729166666 0.7777235243055556 0.8596462673611113 0.7823893229166666 0.8545464409722223 0.7899848090277779 0.8546549479166666 0.7947591145833334 0.8584526909722223 0.7957356770833334 0.8636610243055556 0.7935655381944445 0.86865234375 0.7886827256944445 0.871799045138889 0.7822808159722223 0.8713650173611113
0 0.8077799479166666 0.86669921875 0.8050672743055556 0.8602973090277779 0.8062608506944445 0.8558485243055556 0.8113606770833334 0.851291232638889 0.8185221354166666 0.8519422743055556 0.82373046875 0.8562825520833334 0.8235134548611113 0.8609483506944445 0.821017795138889 0.8664822048611113 0.8158094618055556 0.868869357638889 0.8101671006944445 0.8684353298611113
0 0.8385416666666665 0.860251168224299 0.8385416666666665 0.8541179906542056 0.841267523364486 0.8498345015576324 0.8473033489096573 0.8475954049844237 0.8543126947040497 0.850223909657321 0.8567464953271027 0.8544100467289718 0.856259735202492 0.8596670560747662 0.8531444704049843 0.8633664330218067 0.8485689252336449 0.8650214174454828 0.8424357476635514 0.8646320093457943
0 0.8673578660436135 0.8584988317757009 0.8661896417445483 0.8536312305295949 0.8680393302180686 0.8483742211838006 0.8722254672897194 0.8452589563862928 0.8778718847352025 0.8454536604361371 0.8828368380062305 0.8490556853582555 0.8842971183800622 0.8526577102803737 0.8842971183800622 0.8574279595015575 0.8795268691588783 0.8619061526479751 0.8748539719626168 0.8624902647975078
0 0.8948014937106916 0.8552967767295596 0.8937205188679245 0.8504815251572327 0.8957841981132075 0.8449783805031447 0.9015821540880502 0.8413423742138365 0.9105247641509432 0.8444870283018867 0.9128832547169812 0.8503832547169811 0.9092472484276728 0.8572621855345911 0.9039406446540879 0.8597189465408803 0.897749606918239 0.8588345125786164
0 0.9257566823899371 0.8513659591194969 0.9246757075471699 0.8468455188679246 0.9272307389937108 0.8425216194968553 0.9331269654088051 0.8412441037735848 0.9374508647798742 0.8446835691823898 0.9385318396226413 0.8473368710691823 0.9367629716981132 0.8514642295597484 0.9329304245283019 0.8540192610062892 0.9274272798742137 0.8536261792452831
0 0.9632959905660375 0.8499901729559748 0.9589720911949685 0.8478282232704403 0.9576945754716981 0.8438974056603773 0.9592669025157231 0.8405562106918238 0.9629029088050315 0.8383942610062893 0.9684060534591193 0.8391804245283018 0.9708628144654089 0.8427181603773584 0.9709610849056601 0.8464524371069182 0.966931996855346 0.8497936320754718
0 0.9876670597484277 0.8450766509433961 0.9860947327044024 0.8427181603773584 0.9870774371069183 0.8388856132075471 0.9895341981132075 0.8358392295597484 0.9943494496855347 0.8353478773584905 0.9989681603773582 0.8384925314465408 0.9989681603773582 0.8426198899371069 0.9943494496855347 0.8468455188679246 0.9903203616352202 0.8470420597484276
0 0.647366116116116 0.8147209709709708 0.6435497997997998 0.8140953453453452 0.6401714214214214 0.8107169669669669 0.6393581081081081 0.8058996496496497 0.6409847347347347 0.8023961461461462 0.64380005005005 0.8003941441441441 0.6508070570570571 0.7998936436436437 0.6551238738738738 0.8029592092092092 0.6554992492492493 0.8079016516516517 0.6543731231231231 0.8115928428428428
0 0.8440265486725662 0.7388458702064896 0.8408001474926253 0.7362647492625368 0.8398783185840708 0.7311946902654867 0.8418141592920353 0.7254793510324484 0.8458702064896755 0.7228060471976401 0.8541666666666666 0.7240966076696165 0.857853982300885 0.7287979351032449 0.8576696165191741 0.735066371681416 0.8530604719764012 0.7393067846607669 0.84679203539823 0.7404129793510325
0 0.8472529498525073 0.7145095870206489 0.8427359882005899 0.7124815634218289 0.8394174041297935 0.7075036873156342 0.8400626843657817 0.7027101769911503 0.8436578171091446 0.6978244837758112 0.8511246312684364 0.6965339233038348 0.8559181415929205 0.6992994100294985 0.858038348082596 0.7051991150442477 0.8564712389380531 0.7105457227138643 0.852046460176991 0.7134955752212389
0 0.8196902654867256 0.7379240412979351 0.814712389380531 0.7402286135693215 0.8066002949852507 0.7383849557522124 0.8043879056047197 0.7334070796460176 0.8050331858407079 0.7283370206489675 0.8089048672566371 0.724004424778761 0.8160029498525073 0.723174778761062 0.8214417404129793 0.7259402654867256 0.8224557522123893 0.7306415929203539 0.8219026548672566 0.7358038348082596
0 0.8167907361455748 0.7137613730355665 0.8110525227460712 0.7143300248138957 0.8060380479735317 0.7121071133167907 0.8044871794871794 0.7078163771712158 0.8045388751033913 0.7036807278742763 0.806193134822167 0.7002171215880892 0.8090880893300247 0.697839123242349 0.8139474772539288 0.6971670802315963 0.8200475599669147 0.6991832092638544 0.8223221670802314 0.7038358147229115 0.8219602977667493 0.7086435070306037
0 0.7876344086021504 0.7070926385442514 0.7821029776674938 0.7073511166253101 0.7776571546732837 0.7046112489660876 0.7757444168734492 0.6993899917287013 0.7772435897435896 0.6946339950372208 0.7807071960297767 0.6912220843672455 0.7883064516129032 0.6900330851943755 0.7928556658395367 0.6933416046319272 0.7943548387096775 0.6981492969396195 0.7925971877584781 0.7030603804797353
0 0.6483373397435896 0.7674612713675213 0.6500734508547008 0.7720686431623932 0.6474692841880342 0.7778111645299145 0.6410590277777777 0.7794805021367521 0.6356503739316238 0.7771434294871794 0.6337807158119657 0.7728699252136751 0.6351829594017093 0.7677283653846153 0.6395900106837605 0.7650574252136751 0.645198985042735 0.7653245192307692
0 0.7157407407407407 0.8017361111111111 0.717361111111111 0.8059027777777779 0.7161458333333333 0.8107060185185184 0.7116898148148147 0.8138310185185184 0.7054398148148148 0.8145254629629629 0.7008101851851851 0.8121527777777778 0.6993055555555555 0.8074074074074074 0.7000578703703703 0.802372685185185 0.7049189814814815 0.7986111111111112 0.7104166666666666 0.7982638888888889 0.7133680555555555 0.7987268518518517
0 0.6885512232415902 0.8050777268093782 0.6889334862385321 0.8096648827726809 0.6861302242609583 0.8144431702344546 0.6775930173292558 0.8164819062181448 0.6731969928644239 0.8134875127421 0.6712219673802243 0.8097285932721712 0.6723050458715596 0.8038035168195719 0.6769559123343527 0.8004268603465852 0.6830084097859327 0.7996623343527013 0.6872133027522935 0.8020833333333334
0 0.8462661030595813 0.6774859098228664 0.8419384057971016 0.6779891304347827 0.8395229468599035 0.6758756038647343 0.8391203703703703 0.6728562801932367 0.8402274557165863 0.670541465378422 0.8433474235104671 0.6689311594202899 0.8463667471819646 0.6695350241545893 0.8486815619967794 0.6704408212560387 0.8494867149758455 0.6728562801932367
0 0.8592669432918395 0.619899723374827 0.8558091286307052 0.6198132780082988 0.8531293222683264 0.6171334716459197 0.8532157676348546 0.6141078838174274 0.8558955739972337 0.6113416320885201 0.8600449515905947 0.6120331950207469 0.8622060857538035 0.6147994467496543 0.8609094052558782 0.6194674965421854
0 0.8521784232365145 0.6075380359612724 0.8501037344398339 0.6063278008298755 0.8489799446749654 0.60399377593361 0.8498443983402488 0.6018326417704012 0.8522648686030427 0.6005359612724758 0.8551175656984784 0.6019190871369294 0.8551175656984784 0.605204011065007
0 0.8690352697095436 0.6090940525587828 0.8664419087136929 0.606932918395574 0.8659232365145229 0.6047717842323651 0.8676521438450898 0.6022648686030428 0.8719744121715075 0.6023513139695712 0.8728388658367909 0.605722683264177 0.8713692946058089 0.6085753803596128
0 0.8096275252525253 0.587594696969697 0.8068497474747474 0.5862058080808081 0.8060290404040403 0.5827335858585858 0.807354797979798 0.5797032828282828 0.8108901515151515 0.5782512626262626 0.8142361111111112 0.5785669191919192 0.8163825757575758 0.5800189393939393 0.8167613636363636 0.5829861111111111 0.8152462121212122 0.5862689393939394 0.812784090909091 0.587405303030303
0 0.8105744949494949 0.565625 0.8074179292929293 0.5648674242424243 0.8064078282828282 0.5632260101010101 0.8060290404040403 0.5608901515151515 0.8070391414141413 0.5577335858585858 0.809375 0.5562184343434343 0.8132891414141413 0.5566603535353536 0.8160669191919191 0.5581123737373738 0.8161931818181818 0.5615214646464647 0.8131628787878789 0.5647411616161616
0 0.9614915780141843 0.12317154255319149 0.9586103723404253 0.12073359929078013 0.9577238475177303 0.1166334219858156 0.9588320035460992 0.11264406028368791 0.9632646276595744 0.11009530141843972 0.970135195035461 0.11164671985815602 0.9721298758865247 0.11585771276595745 0.9710217198581559 0.12062278368794324 0.9674756205673757 0.12339317375886523
0 0.979405737704918 0.12325819672131151 0.975785519125683 0.12161885245901644 0.974214480874317 0.11827185792349733 0.9744193989071038 0.11458333333333338 0.9762636612021858 0.11123633879781428 0.9809084699453553 0.10966530054644812 0.9869193989071039 0.11164617486338803 0.9888319672131147 0.11560792349726783 0.9876024590163935 0.11977459016393449 0.985075136612022 0.12196038251366123
0 0.9118470149253731 0.15796019900497513 0.9072605721393034 0.1556281094527363 0.9051616915422886 0.1530628109452736 0.9047730099502489 0.14902052238805968 0.9061722636815921 0.14614427860696513 0.9095926616915423 0.14404539800995025 0.9143345771144279 0.14381218905472637 0.917988184079602 0.1469993781094527 0.9189210199004976 0.15166355721393032 0.9162779850746269 0.1558613184079602
0 0.9007307213930348 0.17070895522388058 0.8966106965174131 0.17179726368159204 0.8903140547263682 0.17055348258706465 0.8875155472636816 0.1655783582089552 0.8879042288557215 0.16200248756218902 0.8900808457711442 0.15819340796019896 0.8950559701492538 0.15648320895522383 0.9009639303482587 0.15819340796019896 0.9043843283582089 0.16192475124378106 0.9030628109452736 0.16899875621890545
0 0.9287157960199005 0.16962064676616914 0.923973880597015 0.16954291044776118 0.9200093283582089 0.16604477611940296 0.9200093283582089 0.1615360696517413 0.9217195273631842 0.1588930348258706 0.9256063432835822 0.15617226368159204 0.9321361940298508 0.15796019900497513 0.9340018656716418 0.16425684079601988
0 0.8994565217391304 0.18671497584541064 0.8958937198067634 0.18816425120772948 0.8915458937198069 0.18743961352657004 0.8894323671497585 0.18405797101449275 0.8896739130434783 0.18013285024154588 0.8922101449275363 0.17801932367149761 0.8952294685990337 0.17687198067632848 0.8993357487922706 0.17771739130434783 0.9016304347826087 0.1808574879227053 0.9013285024154589 0.18429951690821256
0 0.9089975845410627 0.1877415458937198 0.906159420289855 0.1857487922705314 0.905012077294686 0.18194444444444444 0.9057971014492754 0.17952898550724636 0.9078502415458938 0.17711352657004828 0.91243961352657 0.1765096618357488 0.9163647342995169 0.1783816425120773 0.9176328502415458 0.181219806763285 0.9164251207729469 0.18490338164251208 0.9136473429951691 0.18731884057971016
0 0.9274704391891893 0.18718327702702703 0.9238809121621622 0.18619791666666666 0.9220509572072073 0.18218609234234237 0.9229659346846847 0.17937077702702703 0.9252885698198198 0.17634431306306306 0.9298634572072073 0.17592201576576574 0.9342271959459458 0.17873733108108109 0.9343679617117118 0.1831714527027027 0.9321860923423424 0.18647944819819823
0 0.9296523085585587 0.20316019144144146 0.92578125 0.2028786599099099 0.9222621058558559 0.1996410472972973 0.9228955518018017 0.19492539414414414 0.9262739301801802 0.19225084459459463 0.931130349099099 0.19218046171171171 0.9349310247747746 0.1950661599099099 0.9349310247747746 0.1995706644144144
0 0.9176168355855858 0.19485501126126129 0.9177576013513514 0.1995706644144144 0.9157868806306305 0.20245636261261263 0.912619650900901 0.2036528716216216 0.9081855292792792 0.2033713400900901 0.9060740427927927 0.20062640765765768 0.9053702139639639 0.19738879504504506 0.9068482545045046 0.19408079954954957 0.910226632882883 0.19218046171171171 0.9136050112612611 0.19218046171171171
0 0.9020004145936982 0.19708747927031514 0.9021040630182421 0.19957504145936988 0.8987873134328358 0.20372097844112777 0.8928793532338308 0.20434286898839144 0.8899771973466003 0.20185530679933672 0.8894589552238805 0.1985385572139304 0.8910136815920398 0.1942889718076286 0.8953669154228855 0.19231965174129356 0.9005493366500829 0.1941853233830846
0 0.9015858208955224 0.2170916252072969 0.9017931177446102 0.22051202321724717 0.898269071310116 0.22538349917081268 0.890599087893864 0.22455431177446106 0.8871786898839137 0.22092661691542295 0.8878005804311774 0.2155368988391377 0.8920501658374792 0.21232379767827533 0.898269071310116 0.2120128524046435
0 0.919931592039801 0.2175062189054727 0.9192060530679934 0.22185945273631844 0.9168221393034824 0.22424336650082927 0.9117433665008292 0.22476160862354896 0.9078047263681592 0.22227404643449422 0.9074937810945274 0.21854270315091218 0.9088412106135987 0.21481135986733008 0.9127798507462687 0.21263474295190718 0.9173403814262023 0.2143967661691543
0 0.935789800995025 0.21740257048092876 0.93382048092869 0.22196310116086243 0.9297781923714759 0.22413971807628527 0.9254249585406302 0.22258499170812607 0.9226264510779436 0.21957918739635163 0.923662935323383 0.2143967661691543 0.9283271144278608 0.21149461028192376 0.9326803482587064 0.2120128524046435
0 0.9355568297655454 0.24187691131498468 0.9364487767584098 0.24557212028542305 0.9349834352701326 0.24901248725790012 0.931861620795107 0.2511149337410805 0.926000254841998 0.2502866972477064 0.9243437818552498 0.2481205402650357 0.9238340978593274 0.24474388379204892 0.9256817023445465 0.2411760958205912 0.9288035168195719 0.23958333333333334 0.9319890417940877 0.23939220183486237
0 0.9231969928644241 0.23760830784913353 0.9218590723751274 0.2410486748216106 0.9188646788990826 0.2434696738022426 0.9117928134556575 0.24302370030581041 0.9102637614678899 0.24009301732925584 0.9102637614678899 0.2363340978593272 0.9122387869520897 0.23327599388379203 0.9151694699286442 0.2319380733944954 0.9195017838939857 0.23302115188583078 0.9223050458715596 0.23461391437308868
0 0.902105340375587 0.2352919600938967 0.9031323356807514 0.2376393779342723 0.902105340375587 0.24064700704225353 0.8988776408450705 0.24167400234741787 0.8964568661971831 0.240793720657277 0.8955765845070424 0.23851965962441313 0.8958700117370892 0.23617224178403753 0.8967502934272301 0.23477846244131456 0.8990977112676057 0.2344116784037559
0 0.8941828051643194 0.23793280516431925 0.8938160211267607 0.23962001173708922 0.8921288145539906 0.2416006455399061 0.8885343309859155 0.2417473591549296 0.8861135563380281 0.23954665492957744 0.8865536971830986 0.23749266431924884 0.8878007629107982 0.23573210093896715 0.8902215375586855 0.23477846244131456 0.8935959507042255 0.23558538732394368
0 0.9024721244131456 0.24475498826291078 0.9031323356807514 0.2473224765258216 0.9013717723004695 0.2497432511737089 0.897337147887324 0.2500366784037559 0.8957232981220659 0.2482761150234742 0.895943368544601 0.24526848591549297 0.8978506455399061 0.24328785211267606 0.9002714201877935 0.24350792253521125
0 0.8944028755868546 0.24651555164319247 0.894256161971831 0.2483494718309859 0.8922021713615025 0.25025674882629106 0.8894146126760565 0.2503301056338028 0.8874339788732395 0.24915639671361503 0.8866270539906104 0.24658890845070422 0.8881675469483569 0.24424149061032863 0.8905883215962442 0.24394806338028172 0.893155809859155 0.24468163145539903
0 0.9033524061032864 0.25480487089201875 0.90349911971831 0.25671214788732394 0.9026188380281691 0.25869278169014087 0.8998312793427232 0.25913292253521125 0.8974105046948359 0.2590595657276995 0.8960167253521129 0.25729900234741787 0.8960900821596245 0.25495158450704225 0.8972637910798122 0.2528242370892019 0.8999046361502349 0.2524574530516432 0.9018852699530517 0.25311766431924887
0 0.8946963028169015 0.25546508215962443 0.8946963028169015 0.2573723591549296 0.8933758802816902 0.25869278169014087 0.8922755281690141 0.25927963615023475 0.8907350352112676 0.2595730633802817 0.8869938380281691 0.25795921361502344 0.8872139084507042 0.2550982981220657 0.8883876173708921 0.2532643779342723 0.8916153169014086 0.25253080985915494 0.8938160211267607 0.2534110915492958
0 0.9037925469483569 0.26309419014084506 0.9036458333333334 0.26639524647887325 0.9016651995305165 0.26815580985915494 0.8983641431924884 0.2685225938967136 0.8965302230046949 0.26639524647887325 0.8963101525821597 0.2641211854460094 0.8976305751173709 0.26206719483568075 0.9007849178403756 0.26140698356807507
0 0.8952831572769954 0.26463468309859156 0.8941828051643194 0.26749559859154926 0.8923488849765259 0.2683758802816901 0.8888277582159625 0.26815580985915494 0.8873606220657277 0.2663218896713615 0.8872872652582161 0.2639011150234742 0.8886810446009391 0.2621405516431925 0.8915419600938967 0.2615536971830986 0.8934492370892019 0.2623606220657277
0 0.8501265576323986 0.3333820093457944 0.8532418224299064 0.33416082554517135 0.8550915109034266 0.3372760903426791 0.8532418224299064 0.3399045950155763 0.8494450934579438 0.34058605919003115 0.8469139408099688 0.3399045950155763 0.8459404205607477 0.3378602024922118 0.8459404205607477 0.33552375389408096 0.8472059968847353 0.3339661214953271
0 0.8544100467289718 0.32812499999999994 0.8534365264797508 0.33172702492211836 0.8500292056074766 0.3321164330218068 0.847108644859813 0.331434968847352 0.846232476635514 0.3295852803738317 0.846329828660436 0.3266647196261682 0.8483742211838006 0.32491238317757004 0.851197429906542 0.32432827102803735 0.8534365264797508 0.32588590342679125
0 0.8488609813084111 0.315858644859813 0.8496397975077883 0.31770833333333326 0.8488609813084111 0.3209209501557632 0.8454536604361371 0.32208917445482865 0.8423383956386293 0.321602414330218 0.8408781152647975 0.3190712616822429 0.8407807632398754 0.3165401090342679 0.8437986760124611 0.31420366043613707 0.8468165887850467 0.3151771806853582
0 0.849542445482866 0.315858644859813 0.8465245327102803 0.31323014018691586 0.8465245327102803 0.31050428348909653 0.848666277258567 0.30845989096573206 0.8521709501557633 0.3087519470404984 0.853728582554517 0.3110883956386292 0.8528524143302181 0.31449571651090336
0 0.8439933800623052 0.3091413551401869 0.8417542834890966 0.3086545950155763 0.8405860591900312 0.30573403426791274 0.8410728193146418 0.30359228971962615 0.8432145638629284 0.30203465732087226 0.8469139408099688 0.3031055295950155 0.8478874610591901 0.30651285046728965 0.8468165887850467 0.3088492990654206
0 0.8464768760907504 0.2927574171029668 0.8473494764397905 0.29477530541012215 0.8464223385689355 0.2977748691099476 0.8435318499127398 0.29859293193717273 0.8408595113438044 0.29755671902268765 0.8402595986038394 0.2953206806282722 0.8406413612565444 0.2930846422338569 0.8422229493891797 0.2916666666666667 0.8453315881326353 0.2917757417102967
0 0.8535667539267014 0.28675828970331585 0.8546575043630016 0.2888852530541012 0.8529668411867365 0.2918302792321117 0.850785340314136 0.2926483420593368 0.8479493891797555 0.29221204188481675 0.8465859511343804 0.2910122164048865 0.8465314136125653 0.2889943280977313 0.8471858638743455 0.28637652705061084 0.8497491273996509 0.2854493891797556 0.8520942408376962 0.2857766143106457
0 0.8481675392670157 0.2821771378708551 0.8477857766143105 0.2840314136125654 0.8462041884816752 0.2856675392670157 0.844022687609075 0.28686736474694585 0.8416775741710296 0.2861038394415358 0.8404232111692844 0.2844131762652705 0.8405322862129143 0.2818499127399651 0.8418411867364747 0.2799956369982548 0.84418630017452 0.27928664921465973 0.8470222513089004 0.27977748691099474
0 0.8467592592592591 0.27002314814814815 0.8480902777777778 0.2715856481481481 0.8476273148148148 0.27447916666666666 0.8451967592592592 0.27644675925925927 0.8419560185185184 0.27621527777777777 0.8403935185185184 0.274537037037037 0.8399884259259258 0.27216435185185184 0.8407986111111111 0.2704861111111111 0.8431712962962963 0.26903935185185185
0 0.8485532407407407 0.2702546296296296 0.8464699074074074 0.2688078703703704 0.8461226851851851 0.26643518518518516 0.8476273148148148 0.264525462962963 0.8493634259259258 0.26342592592592595 0.8528935185185184 0.2641203703703704 0.8545138888888889 0.26556712962962964 0.8545138888888889 0.2674768518518519 0.8533564814814816 0.26961805555555557 0.850636574074074 0.2702546296296296
0 0.8539115646258504 0.20518707482993193 0.8539965986394559 0.20799319727891155 0.852125850340136 0.2103741496598639 0.8486394557823128 0.21096938775510202 0.8462585034013604 0.2095238095238095 0.8454931972789115 0.20756802721088433 0.8463435374149658 0.20501700680272103 0.8500850340136055 0.20340136054421767
0 0.8590986394557824 0.19226190476190472 0.8603741496598638 0.19566326530612244 0.8590986394557824 0.19914965986394553 0.8555272108843536 0.20051020408163264 0.8517006802721089 0.19948979591836732 0.8505102040816326 0.1966836734693877 0.8509353741496598 0.1931972789115646 0.8531462585034014 0.19175170068027209 0.8569727891156462 0.191156462585034
0 0.8494897959183673 0.19472789115646255 0.8503401360544217 0.19676870748299316 0.8480442176870749 0.19948979591836732 0.8444727891156462 0.20008503401360542 0.8414965986394558 0.1982993197278911 0.8414115646258504 0.19498299319727888 0.8441326530612245 0.1924319727891156 0.8473639455782314 0.19268707482993194
0 0.9692192192192192 0.17783408408408416 0.9706268768768769 0.18074324324324328 0.9691253753753754 0.18440315315315323 0.9664977477477478 0.18703078078078084 0.9600225225225226 0.18721846846846854 0.9584271771771772 0.18337087087087095 0.9581456456456457 0.1792417417417418 0.9596471471471472 0.17698948948948953 0.9623686186186187 0.1753941441441442 0.9668731231231231 0.1753941441441442
0 0.9859234234234234 0.1794294294294295 0.986111111111111 0.18243243243243246 0.9847034534534534 0.18552927927927934 0.9811373873873873 0.18703078078078084 0.9770082582582582 0.1863738738738739 0.9745683183183184 0.18487237237237242 0.9735360360360359 0.180930930930931 0.9752252252252251 0.17698948948948953 0.9792605105105104 0.1757695195195196 0.9835773273273274 0.17633258258258266
0 0.9996246246246246 0.17689564564564572 0.9973723723723723 0.1753941441441442 0.993993993993994 0.1753941441441442 0.991554054054054 0.17680180180180188 0.9899587087087087 0.1794294294294295 0.9903340840840842 0.1837462462462463 0.9923986486486486 0.18599849849849856 0.9957770270270271 0.18684309309309313 0.9997916666666666 0.18555840840840845
0 0.9701576576576576 0.19397522522522526 0.9710022522522522 0.1969782282282283 0.9692192192192192 0.20120120120120125 0.9650900900900901 0.20307807807807815 0.960960960960961 0.20223348348348352 0.9587087087087087 0.19923048048048056 0.9587087087087087 0.1954767267267268 0.9605855855855856 0.19294294294294298 0.964433183183183 0.19134759759759765 0.9679054054054054 0.1916291291291292
0 0.9744744744744746 0.19754129129129136 0.9752252252252251 0.19444444444444448 0.9779466966966966 0.19219219219219227 0.9818881381381381 0.1916291291291292 0.9858295795795796 0.19388138138138145 0.9865803303303302 0.1976351351351352 0.9850788288288288 0.20138888888888895 0.9805743243243243 0.20354729729729737 0.9762575075075074 0.2023273273273274
0 0.9996246246246246 0.19256756756756763 0.9975600600600601 0.19069069069069072 0.9935247747747749 0.191722972972973 0.9908033033033034 0.19406906906906912 0.9901463963963963 0.1976351351351352 0.991554054054054 0.20148273273273282 0.9946509009009009 0.20298423423423428 0.999436936936937 0.2023273273273274
0 0.9994517543859649 0.2182800751879699 0.9977286967418545 0.21851503759398497 0.9955357142857143 0.2206296992481203 0.9954573934837092 0.22352756892230574 0.9970238095238094 0.225015664160401 0.9992951127819549 0.22556390977443608
0 0.9861648606811146 0.21391253869969043 0.9864228586171311 0.21184855521155835 0.9882288441692467 0.20997807017543862 0.991389318885449 0.20997807017543862 0.9928728070175439 0.21146155830753358 0.9931308049535604 0.21417053663570693 0.9909378224974201 0.21623452012383904 0.9891318369453044 0.21668601651186792 0.9872613519091847 0.21597652218782254
0 0.9871323529411764 0.22410345717234265 0.9865518575851394 0.22223297213622292 0.9877128482972136 0.21958849329205368 0.9904863261093911 0.21881449948400417 0.9926148090815273 0.21984649122807018 0.993453302373581 0.2214589783281734 0.9931953044375645 0.2235874613003096 0.9917118163054697 0.22494195046439627 0.9899058307533539 0.22552244582043343
0 0.9840363777089783 0.2108810629514964 0.9848103715170279 0.21346104231166152 0.9825528895768834 0.21623452012383904 0.9789409184726522 0.21655701754385967 0.9776509287925695 0.21423503611971104 0.9775219298245614 0.21204205366357073 0.9795214138286894 0.210171568627451 0.9822303921568628 0.21023606811145512
0 0.9842943756449949 0.21991099071207434 0.9852618679050568 0.2224264705882353 0.9829398864809081 0.22532894736842105 0.9788764189886481 0.22507094943240455 0.9777154282765738 0.2235229618163055 0.9781024251805985 0.22074948400412797 0.9796504127966976 0.21926599587203305 0.9822948916408669 0.21900799793601655
0 0.9757804437564499 0.21230005159958723 0.9760384416924666 0.2144930340557276 0.9734584623323014 0.21649251805985553 0.9702979876160991 0.21655701754385967 0.9686210010319917 0.2146220330237358 0.9693304953560372 0.2112680598555212 0.9716524767801858 0.21004256965944273 0.9740389576883386 0.21030056759545923
0 0.9669440144478845 0.21281604747162025 0.9660410216718266 0.21565402476780188 0.9628805469556244 0.21707301341589266 0.9594620743034057 0.21558952528379777 0.9596555727554179 0.21320304437564502 0.9606230650154799 0.21101006191950467 0.9638480392156864 0.21010706914344685 0.9655895252837977 0.21049406604747162
0 0.9746839525283798 0.21926599587203305 0.9760384416924666 0.22107198142414863 0.9760384416924666 0.22320046439628485 0.9737164602683178 0.22519994840041282 0.9708139834881322 0.22545794633642932 0.9690724974200206 0.22410345717234265 0.9688144994840041 0.22184597523219818 0.9701044891640868 0.21978199174406607 0.9729424664602683 0.21862100103199178
0 0.9668150154798761 0.22016898864809084 0.9673310113519092 0.22255546955624358 0.965718524251806 0.22507094943240455 0.9633320433436533 0.2255869453044376 0.9603650670794633 0.22487745098039216 0.9599135706914346 0.22274896800825597 0.9603005675954593 0.22087848297213625 0.9625580495356038 0.21875
0 0.993621254681648 0.2454939138576779 0.995259831460674 0.24771769662921345 0.995318352059925 0.25017556179775285 0.9933286516853932 0.2515800561797753 0.9911633895131087 0.25210674157303375 0.9891736891385767 0.2507607677902622 0.9882373595505618 0.24918071161048685 0.9881788389513109 0.248185861423221 0.9894662921348314 0.24584503745318348 0.9915730337078651 0.24543539325842698
0 0.994499063670412 0.23899812734082398 0.9940308988764044 0.241748595505618 0.9920997191011236 0.24291900749063672 0.9899929775280898 0.24291900749063672 0.987944756554307 0.241748595505618 0.9877106741573033 0.24022705992509363 0.988003277153558 0.23806179775280895 0.9893492509363295 0.23665730337078647 0.9915730337078651 0.2364232209737828 0.993562734082397 0.23741807116104865
0 0.9859550561797753 0.23952481273408238 0.9854868913857677 0.24192415730337075 0.9833216292134832 0.2431530898876404 0.9802785580524345 0.24309456928838954 0.9787570224719101 0.24139747191011235 0.9786399812734081 0.23952481273408238 0.9799274344569288 0.23730102996254676 0.9834971910112358 0.23665730337078647
0 0.9863061797752808 0.2474250936329588 0.9864817415730336 0.25040964419475653 0.9847846441947564 0.25204822097378277 0.9809808052434456 0.25234082397003743 0.9791666666666666 0.25058520599250933 0.9794007490636705 0.24689840823970038 0.9814489700374531 0.2456109550561798 0.9840823970037452 0.2456109550561798
0 0.9775866104868913 0.2480688202247191 0.9770014044943819 0.25099485018726586 0.9745435393258426 0.2524578651685393 0.9712078651685393 0.25198970037453183 0.9703885767790262 0.2502926029962546 0.970505617977528 0.2475421348314607 0.9717930711610485 0.24596207865168537 0.9739583333333334 0.2454939138576779 0.9761821161048688 0.2460205992509363
0 0.9768258426966292 0.2386470037453183 0.9768258426966292 0.2412219101123595 0.9752457865168539 0.24309456928838954 0.9719101123595505 0.2432701310861423 0.9702715355805244 0.2425093632958801 0.9693352059925092 0.23952481273408238 0.9707397003745317 0.23753511235955055 0.9741338951310862 0.2363061797752809
0 0.9679307116104868 0.23841292134831463 0.9683988764044943 0.24075374531835203 0.965941011235955 0.2431530898876404 0.9624882958801498 0.24291900749063672 0.9609667602996255 0.24128043071161046 0.9610838014981273 0.238003277153558 0.9637172284644195 0.23677434456928836 0.9667017790262171 0.23735955056179772
0 0.9689255617977528 0.24760065543071164 0.9689255617977528 0.24982443820224717 0.9674040262172284 0.25152153558052437 0.9643609550561797 0.25239934456928836 0.9616690074906367 0.25058520599250933 0.9614349250936328 0.24824438202247193 0.963190543071161 0.24584503745318348 0.9665847378277153 0.24584503745318348
