0 0.12909755134281203 0.915728672985782 0.12682661927330174 0.9119766982622433 0.12692535545023698 0.9066449447077409 0.13038112164297 0.9035841232227488 0.13610781990521328 0.903682859399684 0.14084715639810427 0.9066449447077409 0.14222946287519747 0.9114830173775672 0.13867496050552924 0.9165185624012637 0.13423183254344395 0.9176046603475514
0 0.1435130331753555 0.9169135071090047 0.1432168246445498 0.9129640600315956 0.1449940758293839 0.9093108214849921 0.15032582938388628 0.9079285150078988 0.15437401263823067 0.9099032385466035 0.1569411532385466 0.9124703791469195 0.1564474723538705 0.9179008688783571 0.15190560821484994 0.9211591627172195 0.1473637440758294 0.9200730647709321
0 0.13482424960505532 0.8996346761453395 0.12890007898894154 0.8982523696682464 0.1263329383886256 0.894994075829384 0.12643167456556081 0.889464849921011 0.12929502369668247 0.8857128751974723 0.13482424960505532 0.8853179304897314 0.14055094786729858 0.8887736966824644 0.14114336492891 0.892920616113744 0.1402547393364929 0.8974624802527646
0 0.1486473143759874 0.9051639020537123 0.14390797788309637 0.9028929699842022 0.14242693522906796 0.8981536334913112 0.1448953396524487 0.8939079778830963 0.14785742496050555 0.8921307266982622 0.15348538704581358 0.8927231437598736 0.15634873617693523 0.8960801737756714 0.1571386255924171 0.8996346761453395 0.15417654028436018 0.9048676935229067
0 0.1240026595744681 0.8569370567375887 0.11949615839243499 0.8554595153664303 0.11772310874704492 0.8517656619385343 0.11831412529550829 0.8487367021276596 0.12089982269503546 0.8457816193853428 0.12533244680851066 0.8457816193853428 0.12939568557919623 0.8478501773049646 0.13065159574468088 0.851100768321513 0.12946956264775417 0.8542774822695037 0.12813977541371158 0.8561244089834517
0 0.13929521276595747 0.853021572104019 0.1373005319148936 0.8501403664302601 0.13700502364066197 0.8465942671394799 0.1394429669030733 0.8427526595744681 0.14269355791962174 0.841053486997636 0.14823433806146571 0.842013888888889 0.15133717494089838 0.8450428486997636 0.15170656028368795 0.8494754728132389 0.15008126477541373 0.8528738179669032 0.1460919030732861 0.854794621749409 0.1420286643026005 0.8544991134751774
0 0.12651447990543738 0.8424571513002366 0.12045656028368797 0.8425310283687945 0.11809249408983452 0.8403885933806148 0.11713209219858157 0.8363253546099293 0.11993942080378252 0.8321882387706857 0.12570183215130024 0.831966607565012 0.12902630023640663 0.8342567966903075 0.13050384160756504 0.8388371749408985
0 0.15104166666666666 0.8330747635933807 0.1496380023640662 0.8362514775413712 0.14513150118203308 0.8386894208037826 0.1389997044917258 0.8369163711583925 0.13685726950354613 0.832853132387707 0.13700502364066197 0.8288637706855794 0.1393690898345154 0.8262041962174942 0.14269355791962174 0.8245050236406621 0.14838209219858156 0.82635195035461
0 0.13094710401891252 0.8215499408983453 0.13094710401891252 0.82457890070922 0.12924793144208038 0.8270168439716313 0.12621897163120568 0.8287898936170213 0.12149083924349884 0.8287898936170213 0.11787086288416077 0.82635195035461 0.11698433806146573 0.822658096926714 0.11816637115839244 0.8182993498817968 0.12134308510638299 0.8161569148936171 0.1270316193853428 0.8164524231678488
0 0.13663563829787237 0.8164524231678488 0.13663563829787237 0.8129063238770686 0.13922133569739956 0.8092863475177305 0.1435800827423168 0.8082520685579198 0.1492686170212766 0.8103945035460994 0.15148492907801422 0.8151226359338062 0.14912086288416077 0.8203679078014185 0.14454048463356975 0.8221409574468085 0.13973847517730495 0.8211805555555556
0 0.12954343971631205 0.8035239361702128 0.13057771867612294 0.807956560283688 0.12961731678486998 0.8110593971631207 0.12651447990543738 0.8129063238770686 0.12193410165484636 0.8136450945626479 0.11831412529550829 0.8118720449172578 0.11624556737588652 0.8083259456264776 0.11661495271867613 0.8046320921985817 0.1190528959810875 0.8010859929078015 0.1251846926713948 0.800716607565012
0 0.14993351063829788 0.7953235815602837 0.15096778959810878 0.7990913120567376 0.14956412529550828 0.803302304964539 0.14720005910165487 0.8050014775413712 0.14306294326241134 0.8054447399527188 0.1383348108747045 0.8039671985815604 0.13560135933806147 0.7995345744680852 0.13707890070921985 0.7949541962174942 0.14047724586288415 0.7920729905437353 0.14867760047281328 0.7934027777777779
0 0.12858303782505912 0.791408096926714 0.12932180851063832 0.7945848108747046 0.12688386524822698 0.7976876477541373 0.12171247044917259 0.797909278959811 0.11853575650118205 0.7968011229314421 0.1175753546099291 0.7934027777777779 0.11787086288416077 0.7909648345153666 0.1202349290780142 0.7888962765957448 0.12429816784869978 0.7876403664302601
0 0.15000738770685582 0.7792183806146573 0.15074615839243502 0.7840942671394799 0.14756944444444448 0.7881575059101656 0.14350620567375888 0.7891179078014185 0.1391474586288416 0.7880836288416078 0.1353058510638298 0.7842420212765959 0.1356752364066194 0.779513888888889 0.1393690898345154 0.7755245271867613 0.1450576241134752 0.7755984042553192
0 0.12850916075650118 0.7800310283687945 0.12858303782505912 0.7837987588652483 0.12459367612293146 0.7860889479905439 0.11927452718676124 0.7856456855791962 0.11698433806146573 0.7818040780141845 0.117649231678487 0.7784796099290782 0.12016105200945626 0.7761155437352247 0.1248153073286052 0.775820035460993
0 0.19787906137184116 0.8615373044524669 0.1947202166064982 0.8601083032490974 0.19321600481347775 0.8578519855595668 0.19291516245487364 0.8540914560770155 0.1957731648616125 0.8513838748495788 0.19968411552346568 0.8510078219013237 0.2035950661853189 0.8533393501805053 0.20517448856799037 0.8571750902527075 0.20276774969915765 0.8613116726835138
0 0.18960589651022863 0.8537154031287605 0.18975631768953066 0.8581528279181708 0.18674789410348977 0.8611612515042117 0.18095667870036103 0.8616125150421179 0.17742178098676292 0.8592057761732851 0.17666967509025272 0.8559717208182911 0.17727135980746087 0.8525120336943443 0.18035499398315283 0.8503309265944645 0.18501805054151624 0.8504813477737666
0 0.18892900120336945 0.8400270758122744 0.18968110709987965 0.8440884476534295 0.18667268351383876 0.8475481347773768 0.18148315282791816 0.8479241877256317 0.17824909747292417 0.8461191335740073 0.17704572803850782 0.8425090252707581 0.17824909747292417 0.8392749699157642 0.18088146811070996 0.8369434416365824 0.18637184115523464 0.8372442839951866
0 0.2033694344163658 0.8396510228640192 0.20479843561973526 0.8430354993983152 0.2020156438026474 0.8464199759326113 0.19780385078219015 0.8474729241877256 0.19291516245487364 0.845367027677497 0.19231347773766547 0.8400270758122744 0.19629963898916966 0.8366425992779783 0.2022412755716005 0.8380716004813478
0 0.20344464500601686 0.8255114320096271 0.20389590854392298 0.8288959085439229 0.2026925391095066 0.8315282791817088 0.19885679903730447 0.8337093862815884 0.19381768953068593 0.8318291215403129 0.19231347773766547 0.8284446450060169 0.19276474127557158 0.8244584837545126 0.1966756919374248 0.8223525872442841 0.2013387484957882 0.8232551143200962
0 0.18877858002406736 0.8257370637785801 0.18832731648616124 0.8312274368231047 0.18419073405535497 0.8338598074608906 0.17960288808664263 0.8326564380264742 0.17757220216606495 0.829046329723225 0.17802346570397112 0.8247593261131169 0.18208483754512636 0.8223525872442841 0.18622141997593264 0.8231799037304453
0 0.19903025241276906 0.8125231997030438 0.19958704528582033 0.8152143652561247 0.19814866369710463 0.8181839272457312 0.19555029695619894 0.8186943207126949 0.19220953971789156 0.8176271343726801 0.19081755753526353 0.8148895694135115 0.19174554565701554 0.8121520044543431 0.19452951002227167 0.8104816258351893 0.1974526726057906 0.811224016332591
0 0.19659703504043127 0.8028975741239892 0.19519317160826594 0.8013814016172506 0.1953054806828392 0.7988544474393532 0.19654088050314467 0.7966644204851753 0.19996630727762807 0.7965521114106019 0.2016509433962264 0.7984613656783468 0.2021001796945193 0.8012129380053907 0.20052785265049416 0.8031221922731356 0.19850628930817613 0.8036275831087151
0 0.18940925426774485 0.7967767295597483 0.1908692722371968 0.799865229110512 0.1900831087151842 0.8028975741239892 0.18856693620844567 0.8040768194070079 0.18626460017969454 0.8044137466307277 0.18413072776280326 0.8039083557951483 0.18267070979335132 0.8021114106019765 0.18244609164420486 0.7995283018867925 0.18340071877807726 0.7971136567834681 0.18542228212039533 0.7959344115004492
0 0.20131401617250674 0.7878481581311769 0.20170709793351302 0.7905435759209344 0.20086477987421383 0.792340521114106 0.19833782569631628 0.7929582210242588 0.19642857142857142 0.7927336028751123 0.1950247079964061 0.790880503144654 0.1950247079964061 0.7886904761904762 0.19597933513027854 0.7868935309973045 0.19873090745732255 0.7859389038634322
0 0.18766846361185985 0.7935197663971248 0.184748427672956 0.792902066486972 0.1832322551662174 0.7912735849056604 0.18328840970350405 0.7888027852650494 0.1848045822102426 0.786837376460018 0.18772461814914645 0.7865004492362982 0.189240790655885 0.7878481581311769 0.1901392632524708 0.7901504941599281 0.18907232704402518 0.7922282120395326
0 0.27399861878453036 0.8828844383057091 0.2670925414364641 0.8815032228360958 0.26433011049723754 0.8766689686924495 0.2657113259668508 0.8716045119705342 0.2693945672191529 0.8682665745856355 0.27514963167587475 0.8690722836095766 0.27883287292817677 0.871834714548803 0.2797536832412523 0.8763236648250461 0.2777969613259668 0.8810428176795579
0 0.2876956721915286 0.8824240331491713 0.2833218232044199 0.8789709944751383 0.28228591160220995 0.8745971454880296 0.2842426335174954 0.8698779926335175 0.2883862799263352 0.8681514732965009 0.29448664825046045 0.8690722836095766 0.29805478821362796 0.873446132596685 0.29667357274401474 0.8787407918968692 0.2917242173112339 0.8828844383057091
0 0.29164272030651345 0.8641522988505748 0.2886254789272031 0.8641044061302682 0.28478208812260536 0.8627873563218391 0.2824473180076628 0.8595545977011494 0.28274664750957856 0.8546455938697318 0.28502155172413796 0.8515325670498085 0.2893917624521073 0.8503951149425287 0.2940613026819923 0.8518318965517242 0.29651580459770116 0.8545258620689655 0.29723419540229884 0.8582375478927203 0.2959171455938697 0.8621288314176246
0 0.30761876006441224 0.8811896135265702 0.3044959128065395 0.8785762942779292 0.30409854677565845 0.8741485013623979 0.3044959128065395 0.8707992733878293 0.3078451407811081 0.8681312443233423 0.31329473206176206 0.8679041780199818 0.3171548592188919 0.870288374205268 0.3193119891008175 0.874659400544959 0.3173819255222525 0.8790304268846503 0.3146003633060854 0.8808469573115348 0.31022933696639415 0.8817552225249773
0 0.3134650317892825 0.8637602179836512 0.30829927338782925 0.8638737511353315 0.30460944595821987 0.860978655767484 0.3030767484105359 0.8563237965485923 0.30460944595821987 0.8527475022706631 0.30682334241598547 0.850817438692098 0.31022933696639415 0.8497956403269755 0.3153950953678474 0.8513283378746594 0.3173251589464124 0.8549046321525886 0.3173251589464124 0.8586512261580382 0.3157924613987284 0.8617733878292461
0 0.3837209302325581 0.9431524547803618 0.3763727390180879 0.9411337209302326 0.3733042635658914 0.936046511627907 0.37338501291989656 0.929828811369509 0.37621124031007747 0.9257105943152455 0.3817829457364341 0.923530361757106 0.3879198966408268 0.9247416020671835 0.3920381136950904 0.9291020671834626 0.3930071059431524 0.9347545219638244 0.3907461240310077 0.9395994832041344
0 0.36398719879518077 0.9249184236947791 0.35921812248995993 0.9244791666666666 0.3549510542168675 0.921906375502008 0.35313127510040165 0.9173255522088353 0.3536332831325301 0.9124309738955824 0.3568963353413655 0.9090424196787148 0.3614771586345382 0.9074108935742972 0.3672502510040161 0.9084776606425703 0.37013679718875503 0.9123054718875502 0.37132906626506024 0.9166352911646586 0.3696975401606426 0.9212788654618473
0 0.3662003610108303 0.8796630565583634 0.3656738868832732 0.885153429602888 0.3631167268351384 0.8876353790613717 0.35890493381468114 0.8889891696750902 0.3543170878459687 0.8878610108303249 0.3521359807460891 0.8837996389891695 0.351759927797834 0.8801895306859205 0.3537154031287606 0.8760529482551143 0.35928098676293624 0.8735709987966306 0.36356799037304455 0.8749247894103488
0 0.37936221419975935 0.8867328519855594 0.37507521058965104 0.8861311672683513 0.37274368231046934 0.8831979542719615 0.37199157641395914 0.8795878459687123 0.3724428399518652 0.8766546329723224 0.37507521058965104 0.8740974729241877 0.3792117930204573 0.8734205776173284 0.3834235860409146 0.8757521058965102 0.38530385078219015 0.8789109506618532 0.3847021660649819 0.8833483754512635 0.3804903730445247 0.8867328519855594
0 0.3962906504065041 0.8471036585365853 0.3946646341463415 0.8540142276422764 0.39049796747967486 0.858079268292683 0.38246951219512204 0.8589939024390244 0.3768800813008131 0.8547256097560976 0.37576219512195125 0.8480182926829269 0.37769308943089436 0.8423272357723577 0.38440040650406504 0.838770325203252 0.39049796747967486 0.8395833333333333 0.3942581300813009 0.8428353658536586
0 0.45635644768856454 0.8857208029197079 0.4568126520681265 0.8896745742092458 0.4543795620437956 0.8949969586374696 0.44905717761557173 0.8979622871046229 0.4431265206812652 0.8966697080291971 0.43970498783454987 0.8921076642335766 0.4396289537712895 0.8873175182481752 0.4421380778588808 0.882375304136253 0.44685218978102187 0.8807025547445255 0.45149026763990274 0.8810827250608272 0.45552007299270075 0.8844282238442823
0 0.45276580459770116 0.8368354885057473 0.45456178160919547 0.8409662356321839 0.4533943965517242 0.8476113505747128 0.4481860632183909 0.8504849137931035 0.44109195402298856 0.8501257183908046 0.43696120689655177 0.8455459770114944 0.43660201149425293 0.839709051724138 0.44001436781609193 0.8348599137931035 0.44495330459770116 0.8331537356321839 0.4498922413793104 0.8340517241379312
0 0.423760775862069 0.8406070402298851 0.4239403735632184 0.8457255747126438 0.4200790229885058 0.8469827586206897 0.4162176724137931 0.8468031609195403 0.4141522988505747 0.8433010057471265 0.41514008620689663 0.8396192528735633 0.4179238505747127 0.8373742816091956 0.4211566091954023 0.8382722701149427
0 0.4559985632183909 0.8146551724137933 0.4551005747126437 0.8220186781609196 0.45061063218390807 0.825969827586207 0.44369612068965525 0.8264188218390807 0.43920617816091956 0.8231860632183909 0.4386673850574713 0.8173491379310345 0.44001436781609193 0.8129489942528736 0.44369612068965525 0.8089978448275862 0.4505208333333333 0.808459051724138
0 0.4313568376068377 0.8147257834757836 0.430911680911681 0.8199786324786325 0.4280626780626781 0.8251424501424502 0.4223646723646724 0.8273682336182338 0.4154202279202279 0.8246972934472936 0.41372863247863245 0.820868945868946 0.41381766381766383 0.8158831908831911 0.4161324786324787 0.8111645299145299 0.42156339031339035 0.8090277777777778 0.4258368945868946 0.8096509971509972 0.42948717948717957 0.8121438746438748
0 0.4064280626780627 0.8210470085470085 0.40714031339031337 0.8272792022792024 0.4045584045584046 0.8311965811965814 0.3989494301994302 0.8343126780626782 0.3911146723646724 0.8318198005698008 0.3894230769230769 0.8272792022792024 0.3891559829059829 0.8222934472934473 0.3929843304843305 0.8178418803418804 0.3994836182336182 0.8159722222222224 0.40366809116809116 0.8181089743589745 0.4064280626780627 0.8207799145299146
0 0.4098605577689243 0.8007138114209827 0.40504648074369193 0.798804780876494 0.4028054448871183 0.7949867197875166 0.40305444887118197 0.7906706507304117 0.4052954847277557 0.7873505976095618 0.4098605577689243 0.7865205843293492 0.414093625498008 0.7879316069057105 0.4165836653386455 0.7911686586985391 0.41683266932270924 0.7956507304116867 0.4145086321381143 0.7995517928286854
0 0.4233067729083666 0.7986387782204515 0.42131474103585664 0.795733731739708 0.42114873837981415 0.791417662682603 0.4233067729083666 0.7886786188579018 0.42895086321381143 0.7881806108897743 0.4315239043824702 0.791417662682603 0.43202191235059767 0.7954847277556442 0.4301958831341302 0.7982237715803453 0.4268758300132802 0.7993857901726427
0 0.42428045515394913 0.7840528781793842 0.4221887550200803 0.782128514056225 0.4204317269076306 0.7771084337349398 0.4216867469879519 0.7741800535475234 0.42553547523427043 0.772339357429719 0.43139223560910317 0.7739290495314592 0.4326472556894244 0.7791164658634538 0.43013721552878187 0.7833835341365462 0.4271251673360108 0.7841365461847389
0 0.4069125441696113 0.7799985276796232 0.40389428739693756 0.7782317432273264 0.4019066548881037 0.7741828621908127 0.4027900471142521 0.7701339811542992 0.40639723203769135 0.766747644287397 0.41221289752650175 0.7666740282685512 0.415599234393404 0.7699867491166077 0.41743963486454655 0.7741828621908127 0.4153047703180212 0.778305359246172 0.41206566548881035 0.7806610718492344
0 0.3949867491166078 0.7907464664310954 0.3888030035335689 0.7892005300353357 0.3868889870435807 0.7855933451118964 0.38703621908127206 0.7818389281507656 0.3893919316843345 0.7780845111896348 0.393440812720848 0.7772011189634865 0.3969743816254417 0.7777900471142519 0.40080241460541816 0.7822070082449941 0.40021348645465255 0.786918433451119
0 0.38409157832744406 0.7901575382803299 0.38409157832744406 0.7943536513545348 0.3809260895170789 0.7980344522968198 0.37768698468786804 0.7995067726737339 0.37201855123674915 0.7977399882214369 0.3704726148409894 0.7932494110718492 0.3712823910482921 0.789347762073027 0.3763618963486455 0.7855197290930507 0.3815150176678445 0.7867712014134276
0 0.38541666666666674 0.7735745614035088 0.3827668128654972 0.7797880116959064 0.3782894736842106 0.781889619883041 0.37308114035087725 0.7798793859649122 0.37015716374269014 0.7760416666666667 0.36979166666666674 0.7717470760233919 0.37216739766081874 0.7682748538011696 0.3760964912280702 0.766264619883041 0.3821271929824562 0.7672697368421053
0 0.3919088176352705 0.7983049432197729 0.39303607214428854 0.8006429525718103 0.39215931863727455 0.8031897127588511 0.38957080828323315 0.8038994655978624 0.3879008016032064 0.802939211756847 0.38710754843019374 0.801310955243821 0.38698229792919164 0.7996826987307949 0.3878590514362057 0.7983466933867734 0.3898630594522378 0.7976369405477621 0.3914078156312625 0.7980961923847695
0 0.39613352545629205 0.8032540826128721 0.39481268011527376 0.8008525456292026 0.3954731027857829 0.7988712776176752 0.39679394812680113 0.7978506243996157 0.39901536983669544 0.7977305475504323 0.40087656099903934 0.7990513928914506 0.40063640730067246 0.8017531219980787 0.3996757925072046 0.8036143131604225
0 0.3933580858085809 0.7977310231023104 0.39187293729372935 0.7962871287128713 0.3915016501650165 0.7948432343234324 0.39249174917491747 0.7934818481848185 0.3943481848184819 0.7930280528052805 0.3956683168316832 0.7937293729372937 0.3963283828382838 0.7963283828382838 0.3946369636963697 0.7974422442244226
0 0.48597061657032764 0.8875842967244701 0.4812740847784201 0.8867413294797687 0.47982899807321777 0.8834898843930635 0.47982899807321777 0.879395472061657 0.48235789980732185 0.8765052986512524 0.4875361271676301 0.8763848747591522 0.4900650289017342 0.8780708092485549 0.49138969171483626 0.8821652215799615 0.4907875722543353 0.8856575144508669
0 0.5009031791907514 0.8901131984585741 0.4976517341040463 0.8863800578034682 0.4971700385356455 0.8814426782273602 0.4995785163776494 0.8762644508670518 0.503070809248555 0.8743376685934489 0.509332851637765 0.8740968208092484 0.5145110789980732 0.8779503853564546 0.5152336223506744 0.883128612716763 0.5136681117533719 0.8883068400770712 0.5087307321772641 0.8916787090558765
0 0.5228122251539138 0.8853891820580475 0.5217128408091469 0.8822009674582233 0.5226473175021988 0.8777484608619172 0.5256156552330695 0.8758795074758136 0.530288038698329 0.8764841688654352 0.5328715919085313 0.8801121372031662 0.5323768689533861 0.8841248900615656 0.5295734388742305 0.8868733509234827 0.5262752858399297 0.8871481970096746
0 0.5442397078353255 0.8925132802124833 0.540421646746348 0.8891102257636121 0.5395086321381142 0.8846281540504648 0.5398406374501993 0.8811420982735723 0.5419156706507305 0.8771580345285523 0.5461487383798141 0.8747509960159363 0.552456839309429 0.8754150066401062 0.5571879150066401 0.8789010624169987 0.5582669322709163 0.8859561752988047 0.5552788844621515 0.8911852589641432 0.5512948207171315 0.893426294820717
0 0.5567368270332188 0.8509808132875143 0.5575243413516608 0.8561354524627721 0.5548038373424972 0.8611469072164948 0.5499355670103093 0.8644401489117984 0.5419172394043528 0.8623639747995417 0.5398410652920961 0.8597150630011454 0.5388387743413517 0.8557774914089347 0.5389103665521191 0.8519831042382588 0.5398410652920961 0.8494773768613975 0.5431343069873997 0.8465420962199312 0.5477878006872853 0.8452534364261168 0.5521549255441008 0.8463989117983963
0 0.5268402777777778 0.8598958333333333 0.5237847222222222 0.8589930555555556 0.5219097222222222 0.8564930555555557 0.5215625 0.8533680555555556 0.5221875 0.8516319444444445 0.5255902777777777 0.8495486111111111 0.5282986111111111 0.8499652777777779 0.5310763888888889 0.8517013888888889 0.5318402777777778 0.8541319444444446 0.5317708333333333 0.8571180555555556 0.5303819444444444 0.8586458333333333
0 0.5128819444444443 0.8507986111111111 0.5140625 0.8557291666666667 0.5126041666666666 0.8607291666666667 0.5092013888888889 0.8628125 0.504548611111111 0.8633680555555556 0.500173611111111 0.8612847222222223 0.4978125 0.8577430555555556 0.49795138888888885 0.8538541666666667 0.49802083333333336 0.8512152777777778 0.500798611111111 0.8481597222222222 0.5069791666666666 0.8466319444444445
0 0.4909375 0.853576388888889 0.49072916666666666 0.8573958333333334 0.4877430555555555 0.8610763888888889 0.4833680555555555 0.8608680555555556 0.4799652777777777 0.8586458333333333 0.4787847222222222 0.8548958333333333 0.48017361111111106 0.8512152777777778 0.4835763888888889 0.8493402777777778 0.48822916666666666 0.8501041666666665
0 0.4944791666666667 0.8271874999999999 0.49482638888888886 0.8331597222222222 0.49100694444444437 0.8371874999999999 0.4833680555555555 0.8364930555555555 0.48045138888888883 0.8322569444444444 0.4812847222222222 0.8278819444444445 0.4837847222222222 0.8246180555555556 0.48961805555555554 0.8232986111111111
0 0.49277553763440857 0.8003472222222221 0.4938956093189964 0.8059475806451611 0.4890793010752687 0.810203853046595 0.4840389784946236 0.8090837813620071 0.48079077060931896 0.8056115591397848 0.48157482078853037 0.8007952508960572 0.48459901433691743 0.7983310931899642 0.49064740143369173 0.7979950716845877
0 0.5080085125448028 0.8127800179211468 0.5044242831541218 0.8090837813620071 0.5028561827956989 0.803931451612903 0.5035282258064515 0.7985551075268817 0.5063284050179211 0.7954189068100358 0.5131608422939068 0.7936267921146952 0.5201052867383512 0.7964269713261647 0.522793458781362 0.8028113799283153 0.5203293010752688 0.8097558243727597 0.5161850358422939 0.8136760752688171
0 0.5195452508960573 0.7780577956989246 0.516633064516129 0.7827620967741935 0.5126008064516128 0.7848902329749103 0.5071124551971326 0.7823140681003584 0.5055443548387096 0.7762656810035842 0.5080085125448028 0.772681451612903 0.5127128136200716 0.7714493727598566 0.5168570788530465 0.7731294802867383
0 0.49647177419354827 0.7804099462365591 0.49288754480286734 0.787130376344086 0.48448700716845866 0.7880264336917562 0.4784386200716845 0.7837701612903225 0.47731854838709675 0.7786178315412186 0.4791106630824372 0.772793458781362 0.4839269713261648 0.7694332437275985 0.49176747311827945 0.77021729390681 0.4963597670250895 0.7741375448028672
0 0.7709842995169083 0.9387580515297909 0.7701791465378424 0.9437902576489534 0.7657508051529791 0.9477153784219003 0.7610205314009663 0.9477153784219003 0.7564915458937199 0.9445954106280195 0.7555857487922706 0.9385567632850244 0.7577999194847022 0.935235507246377 0.7628321256038648 0.9319142512077295 0.7690720611916264 0.9351348631239937
0 0.7710849436392915 0.9167169887278583 0.76887077294686 0.9213466183574881 0.7642411433172303 0.9242652979066024 0.757296698872786 0.9216485507246379 0.7550825281803543 0.9150060386473431 0.7575986312399356 0.9100744766505638 0.7640398550724639 0.9076590177133657 0.7703804347826089 0.9117854267310791
0 0.8032910628019324 0.9485205314009665 0.7987620772946862 0.9470108695652175 0.7966485507246378 0.9417773752012883 0.7972524154589372 0.9382548309178745 0.8002717391304349 0.9347322866344607 0.8060084541062803 0.9343297101449277 0.8105374396135265 0.938456119162641 0.8105374396135265 0.9441928341384865 0.804297504025765 0.9487218196457328
0 0.801177536231884 0.9216485507246379 0.7982588566827699 0.9190318035426732 0.7984601449275364 0.9134963768115943 0.8017814009661837 0.9099738325281805 0.8082226247987119 0.9112822061191628 0.8096316425120774 0.9165157004830918 0.8077194041867956 0.9213466183574881
0 0.832175925925926 0.9211453301127216 0.830163043478261 0.9184279388083737 0.8312701288244766 0.914100241545894 0.8345913848631241 0.9131944444444445 0.8380132850241547 0.9154086151368762 0.8366042673107892 0.919736312399356
0 0.8336855877616748 0.9482185990338167 0.8282508051529791 0.9448973429951691 0.8284520933977456 0.9383554750402578 0.8316727053140097 0.9351348631239937 0.8361010466988729 0.9341284219001612 0.8404287439613528 0.9374496779388085 0.8421396940418681 0.9408715780998392 0.8409319645732689 0.9450986312399356 0.8364029790660227 0.9483192431561999
0 0.7588959854014599 0.8520377128953771 0.7566909975669099 0.8505930656934307 0.7555504866180048 0.8476277372262774 0.7570711678832116 0.8456508515815085 0.7600364963503649 0.8444343065693432 0.7625456204379563 0.8458029197080291 0.7632299270072992 0.8488442822384428 0.761633211678832 0.8509732360097324
0 0.8014750608272506 0.8552311435523114 0.7974452554744526 0.8518096107055961 0.7969130170316301 0.8451946472019465 0.8006386861313869 0.8421532846715327 0.8056569343065693 0.8413929440389294 0.8094586374695864 0.8445103406326033 0.8105231143552311 0.8504409975669098 0.8086222627737226 0.853786496350365
0 0.8018552311435523 0.8347019464720193 0.7975973236009732 0.8312043795620437 0.7973692214111922 0.8251216545012167 0.7998783454987833 0.8221563260340632 0.8048205596107055 0.8214720194647203 0.8085462287104623 0.8231447688564477 0.8104470802919709 0.8260340632603406 0.8095346715328468 0.8309002433090024 0.8074057177615572 0.8337895377128954
0 0.7615571776155717 0.8338655717761556 0.7568430656934306 0.8319647201946471 0.7556265206812652 0.8271745742092458 0.7579075425790753 0.8230687347931873 0.7617092457420924 0.8220042579075425 0.7659671532846716 0.8236009732360098 0.7672597323600973 0.8287712895377128 0.7654349148418492 0.8320407542579076
0 0.7593788437884379 0.8099630996309964 0.7569956949569496 0.8083487084870848 0.7558425584255842 0.8041974169741698 0.7570725707257073 0.8006611316113161 0.7607626076260763 0.7987392373923738 0.7652982779827798 0.7993542435424354 0.767220172201722 0.8027367773677737 0.7668357933579336 0.8073493234932351 0.7646063960639606 0.8098862238622387
0 0.8009686346863468 0.8116543665436655 0.796279212792128 0.8080412054120542 0.7963560885608857 0.8022755227552275 0.7985854858548587 0.7983548585485855 0.8035824108241082 0.7966635916359164 0.8095787207872078 0.7986623616236164 0.8117312423124231 0.8041974169741698 0.8085024600246004 0.810808733087331 0.8030442804428044 0.8118849938499385
0 0.807061209439528 0.7845685840707963 0.8042035398230087 0.7806047197640118 0.8038348082595871 0.7759033923303835 0.8054941002949852 0.7729535398230087 0.8120390855457226 0.7712020648967551 0.8160029498525073 0.7735066371681416 0.8175700589970502 0.7781157817109144 0.816740412979351 0.7822640117994101 0.8136983775811208 0.785674778761062
0 0.7888089970501474 0.7859513274336283 0.7827249262536874 0.783462389380531 0.7804203539823009 0.7783923303834808 0.7823561946902654 0.7734144542772861 0.7865966076696165 0.7710176991150441 0.7927728613569321 0.7724926253687314 0.7950774336283186 0.7775626843657817 0.7937868731563421 0.7829092920353982
0 0.7709255162241888 0.7760877581120944 0.7700958702064896 0.7814343657817109 0.766132005899705 0.7857669616519173 0.7585730088495575 0.7853982300884955 0.7556231563421828 0.7805125368731562 0.7553466076696165 0.7757190265486725 0.7589417404129793 0.7712020648967551 0.7643805309734513 0.7694505899705014 0.7699115044247786 0.7728613569321534
0 0.8916103603603602 0.6287725225225225 0.8913851351351351 0.6313063063063062 0.8896396396396395 0.633277027027027 0.8866554054054053 0.6338963963963964 0.8836711711711712 0.6323761261261261 0.8824887387387387 0.6293355855855856 0.8833896396396396 0.6265202702702702 0.8852477477477477 0.6248310810810811 0.8881193693693693 0.6246621621621622 0.8901463963963964 0.6252252252252252
0 0.8943693693693693 0.6323761261261261 0.8939752252252252 0.6277590090090089 0.8963963963963963 0.6249436936936936 0.8984234234234234 0.6246621621621622 0.9018018018018017 0.6259009009009009 0.9030405405405404 0.6286036036036036 0.9028153153153152 0.6314752252252251 0.9003941441441441 0.6337274774774774 0.8980292792792791 0.6337837837837837
0 0.9235923423423423 0.5168355855855856 0.9173986486486486 0.5160472972972973 0.9154842342342342 0.5113175675675675 0.9159346846846848 0.5071509009009009 0.9181869369369368 0.5041103603603603 0.9230292792792791 0.5032094594594595 0.9273085585585585 0.5057995495495494 0.9287725225225224 0.5107545045045045 0.9267454954954955 0.5158220720720721
0 0.9337274774774774 0.5158220720720721 0.9320382882882882 0.5122184684684684 0.9320382882882882 0.508277027027027 0.9335022522522523 0.5050112612612612 0.9374436936936935 0.503322072072072 0.9416103603603603 0.5043355855855856 0.944876126126126 0.5076013513513513 0.9442004504504503 0.5136824324324324 0.9426238738738738 0.5157094594594595 0.9389076576576576 0.5169481981981981
0 0.9225788288288288 0.5340653153153153 0.9164977477477477 0.5315878378378378 0.9151463963963964 0.5259572072072072 0.9163851351351351 0.5220157657657657 0.919876126126126 0.520213963963964 0.9250563063063062 0.5201013513513513 0.9278716216216215 0.5231418918918919 0.9287725225225224 0.5276463963963963 0.9269707207207206 0.5320382882882883
0 0.9333896396396396 0.5310247747747747 0.9320382882882882 0.5273085585585585 0.9328265765765765 0.522804054054054 0.9354166666666667 0.5204391891891892 0.9391328828828828 0.5196509009009008 0.9425112612612613 0.5206644144144144 0.9445382882882882 0.5229166666666667 0.9453265765765766 0.5270833333333333 0.9431869369369368 0.5322635135135134 0.9384572072072072 0.5341779279279278
0 0.9220157657657658 0.5506193693693694 0.9177364864864864 0.5490427927927928 0.915822072072072 0.5464527027027027 0.9151463963963964 0.5413851351351351 0.9167229729729729 0.5390202702702702 0.9201013513513514 0.5365427927927928 0.9240427927927927 0.5365427927927928 0.9274211711711712 0.5383445945945945 0.9287725225225224 0.5427364864864864 0.9282094594594593 0.5470157657657657 0.926295045045045 0.5491554054054054
0 0.932543682795699 0.547883064516129 0.9314516129032259 0.5441028225806451 0.9319556451612903 0.539986559139785 0.9348118279569892 0.537130376344086 0.9376680107526882 0.5361223118279569 0.9421202956989247 0.5368783602150538 0.9448924731182795 0.5407426075268817 0.9444724462365591 0.5456149193548387 0.9427083333333334 0.5493951612903225 0.9387600806451611 0.5504872311827956 0.9358198924731183 0.5503192204301075
0 0.9247519841269841 0.5669146825396826 0.9207837301587302 0.5670138888888888 0.9174107142857143 0.5655257936507936 0.9154265873015873 0.561656746031746 0.915327380952381 0.5574900793650793 0.9191964285714285 0.5533234126984127 0.9236607142857143 0.553125 0.9269345238095239 0.5552083333333333 0.9289186507936508 0.5587797619047619 0.9289186507936508 0.5630456349206349
0 0.9352678571428572 0.5665178571428572 0.9326884920634921 0.5648313492063491 0.9319940476190476 0.5609623015873015 0.9318948412698413 0.5566964285714285 0.9355654761904763 0.5541170634920635 0.9399305555555556 0.5536210317460317 0.9440972222222223 0.5562996031746031 0.9453869047619048 0.5601686507936507 0.9449900793650793 0.5627480158730158 0.9430059523809524 0.5657242063492063 0.9404265873015873 0.5667162698412698 0.9367559523809524 0.5670138888888888
0 0.9237288135593221 0.5837747175141242 0.9198446327683617 0.5835981638418078 0.9169314971751413 0.581744350282486 0.9151659604519775 0.5783898305084746 0.9155190677966103 0.5745939265536724 0.9177259887005651 0.5715925141242938 0.920462570621469 0.5704449152542374 0.9241701977401131 0.5700918079096046 0.9265536723163842 0.5719456214689266 0.9277895480225989 0.5745939265536724 0.9283192090395482 0.5783015536723164 0.9264653954802261 0.5815677966101696
0 0.9348516949152544 0.5829802259887006 0.9320268361581922 0.5797139830508475 0.9319385593220341 0.5747704802259888 0.9336158192090397 0.572122175141243 0.9361758474576273 0.5705331920903954 0.9405014124293788 0.5705331920903954 0.9439442090395482 0.573093220338983 0.9451800847457628 0.5766242937853108 0.9440324858757064 0.5806850282485876 0.9416490112994351 0.5833333333333334
0 0.9284957627118645 0.5918079096045198 0.9284074858757064 0.5959569209039548 0.9249646892655369 0.5997528248587571 0.920021186440678 0.5999293785310735 0.9165783898305085 0.5984286723163842 0.9149894067796612 0.59375 0.9164018361581922 0.5896892655367232 0.9184322033898307 0.5870409604519774 0.9209922316384183 0.5867761299435028 0.9244350282485878 0.5866878531073447 0.926906779661017 0.5883651129943502
0 0.935646186440678 0.5993114406779662 0.9331744350282488 0.5981638418079097 0.9319385593220341 0.592337570621469 0.9335275423728816 0.588718220338983 0.9371468926553674 0.5865112994350283 0.9415607344632769 0.586864406779661 0.9446504237288137 0.5902189265536724 0.9452683615819211 0.5942796610169492 0.9427966101694917 0.5995762711864407 0.938294491525424 0.6004590395480226
0 0.9380566157760813 0.6122773536895674 0.9351145038167938 0.6095737913486005 0.9351145038167938 0.6059955470737913 0.9372614503816794 0.6032124681933841 0.9421119592875317 0.6028944020356234 0.9449745547073792 0.6061545801526718 0.9444974554707378 0.6096533078880406 0.9425890585241731 0.6124363867684479
0 0.7680431547619048 0.46980406746031744 0.7615947420634921 0.4695560515873016 0.7587425595238095 0.46620783730158727 0.7586185515873016 0.4609995039682539 0.7619667658730158 0.4574032738095238 0.7655629960317459 0.45653521825396826 0.7708953373015872 0.45913938492063494 0.771515376984127 0.4644717261904762 0.7708953373015872 0.46819196428571425
0 0.7789595883534137 0.4695343875502008 0.7768260542168675 0.46809111445783136 0.7751945281124498 0.4642005522088354 0.776261295180723 0.4599962349397591 0.7789595883534137 0.4578627008032129 0.782222640562249 0.457046937751004 0.7856111947791166 0.45798820281124497 0.7873054718875502 0.4599962349397591 0.7880584839357428 0.4632592871485944 0.7878702309236947 0.466710592369478 0.7844816767068272 0.46947163654618473 0.781218624497992 0.4700991465863454
0 0.7810931224899599 0.45340737951807225 0.7777673192771084 0.4522151104417671 0.7755082831325302 0.4486383032128514 0.775445532128514 0.44462223895582337 0.7767005522088353 0.4421749497991968 0.780277359437751 0.4401041666666667 0.7844816767068272 0.44073167670682734 0.787117218875502 0.4427397088353414 0.788183985943775 0.4454380020080322 0.7883722389558233 0.44826179718875503 0.786238704819277 0.4522778614457832
0 0.771492218875502 0.44688127510040165 0.7707392068273092 0.4500815763052209 0.7680409136546185 0.45284262048192775 0.7628953313253013 0.45296812248995993 0.7608245481927711 0.4513365963855422 0.7591930220883534 0.44775978915662656 0.758816516064257 0.44481049196787154 0.7606362951807228 0.4418611947791165 0.7637110943775101 0.44029241967871485 0.7664721385542168 0.43997866465863456 0.7692331827309237 0.441421937751004 0.7709902108433734 0.44380647590361444
0 0.7701006625891947 0.4193106523955148 0.7672974006116207 0.41880096839959224 0.7643030071355759 0.41612512742099894 0.7640481651376146 0.4121113659531091 0.7660869011213047 0.40892584097859325 0.7690175840978594 0.4079064729867482 0.7715022935779817 0.4084798674821611 0.7736047400611621 0.40988149847094796 0.774369266055046 0.41217507645259943 0.7748152395514781 0.4150420489296636 0.7724579510703364 0.41816386340468903
0 0.7834161569826709 0.41905581039755346 0.7805491845056065 0.41631625891946994 0.7797209480122325 0.41357670744138636 0.780421763506626 0.411091997961264 0.7823330784913354 0.40892584097859325 0.7855823139653415 0.4079064729867482 0.7888315494393475 0.40911697247706424 0.7905517329255862 0.41121941896024466 0.7908065749235474 0.41440494393476046 0.7894686544342507 0.4181001529051988
0 0.7746878185524975 0.39720310907237516 0.7746878185524975 0.40102573904179406 0.7732224770642203 0.4037652905198777 0.7711837410805301 0.40491207951070335 0.7688264525993884 0.4051669215086646 0.7655772171253822 0.40382900101936803 0.7640481651376146 0.40179026503567783 0.764111875637105 0.3984773190621815 0.7653223751274211 0.39503695208970435 0.7686353211009174 0.39376274209989803 0.7719482670744139 0.3942087155963303
0 0.7816959734964322 0.4040838430173293 0.7799120795107033 0.4015354230377166 0.7796572375127422 0.39809505606523954 0.7806766055045872 0.3957377675840979 0.782842762487258 0.39401758409785936 0.7874299184505608 0.39376274209989803 0.7904243119266056 0.3963111620795107 0.7909339959225281 0.40096202854230373 0.7892138124362895 0.4042749745158002 0.785900866462793 0.4049757900101937
0 0.7703555045871561 0.3910231906218145 0.7667240061162078 0.3905135066258919 0.764111875637105 0.3881562181447502 0.7637933231396533 0.38516182466870535 0.7650675331294597 0.38178516819571867 0.7675522426095821 0.3798101427115188 0.7714385830784914 0.3799375637104995 0.7740507135575942 0.3821037206931703 0.7746878185524975 0.38535295616717635 0.7734136085626911 0.3889207441386341
0 0.782460499490316 0.39019495412844035 0.7804854740061161 0.3881562181447502 0.7799757900101937 0.38458843017329253 0.7809951580020389 0.3815940366972477 0.7832250254841998 0.3800649847094801 0.786283129459735 0.3797464322120285 0.7891501019367992 0.3813391946992864 0.7908065749235474 0.38395132517838937 0.7905517329255862 0.38783766564729866 0.7864105504587158 0.3912780326197758
0 0.7705466360856269 0.37656090723751273 0.7657046381243628 0.37452217125382264 0.764111875637105 0.3712729357798165 0.7643030071355759 0.3670680428134556 0.7669788481141692 0.3644559123343527 0.7692724260958206 0.3634365443425076 0.7737321610601428 0.3638825178389399 0.7762168705402651 0.3664946483180428 0.7769176860346585 0.3709543832823649 0.775388634046891 0.3746495922528033 0.7725216615698268 0.3763697757390418
0 0.7855823139653415 0.3764971967380224 0.7818871049949032 0.374585881753313 0.7801669215086646 0.3703809887869521 0.781632262996942 0.3652841488277268 0.786283129459735 0.3632454128440367 0.7895960754332314 0.3637550968399592 0.7925904689092763 0.36585754332313963 0.7933549949031601 0.3703809887869521 0.7923993374108053 0.3735665137614679 0.7900420489296636 0.3758600917431193
0 0.7990463215258855 0.405086285195277 0.7962647593097184 0.4030426884650317 0.7952997275204359 0.40082879200726607 0.7955267938237964 0.3974227974568574 0.7967188919164395 0.39526566757493187 0.8000681198910081 0.3936762034514078 0.8041553133514987 0.39486830154405084 0.8056880108991826 0.3973092643051771 0.8064259763851044 0.4007152588555858 0.8045526793823796 0.4036103542234332 0.8028496821071752 0.40485921889191645
0 0.8125567665758401 0.4037806539509537 0.8112511353315168 0.4016802906448683 0.8108537693006358 0.3992960944595822 0.8118755676657584 0.3958900999091734 0.814430063578565 0.39390326975476836 0.8164736603088102 0.39344913714804725 0.8206176203451409 0.3949818346957311 0.822263851044505 0.39889872842870117 0.8213555858310627 0.4025317892824704 0.8190849227974568 0.404688919164396 0.8164168937329701 0.405086285195277
0 0.7985354223433243 0.3911784741144414 0.7956403269754768 0.3879427792915531 0.7951294277929154 0.3855018165304269 0.7955835603996367 0.3829473206176203 0.7972297910990009 0.3807901907356948 0.8006357856494096 0.37942779291553125 0.8038714804722978 0.38056312443233425 0.8057447774750227 0.3831176203451408 0.8060853769300637 0.38680744777475023 0.8048932788374206 0.3890213442325159 0.8023955495004541 0.39078110808356037
0 0.8148841961852861 0.3908378746594005 0.8115349682107175 0.38811307901907355 0.8108537693006358 0.38413941871026336 0.812840599455041 0.38101725703905537 0.8152815622161671 0.37954132606721164 0.8197093551316984 0.3803360581289737 0.8220935513169845 0.3837420526793824 0.8218097184377838 0.3873751135331517 0.8198228882833788 0.3903269754768392
0 0.8039282470481381 0.3763623978201635 0.8006925522252497 0.37585149863760214 0.7973433242506812 0.3731267029972752 0.79688919164396 0.368755676657584 0.7984218891916439 0.3650658492279746 0.801941416893733 0.36296548592188915 0.8054609445958218 0.36324931880108985 0.8090940054495913 0.36574704813805636 0.8100590372388738 0.3702883742052679 0.8089237057220708 0.37341053587647594
0 0.8168142597638511 0.37573796548592187 0.8138623978201636 0.372275204359673 0.8133514986376021 0.3688124432334241 0.814827429609446 0.36586058128973664 0.8171548592188919 0.36387375113533155 0.8195390554041779 0.3630222524977293 0.823399182561308 0.36381698455949135 0.8262375113533151 0.36727974568574023 0.826123978201635 0.37199137148047223 0.8244777475022705 0.375 0.8198228882833788 0.37670299727520434
0 0.77094327176781 0.3303100263852243 0.7658311345646438 0.33020008795074757 0.7640721196130167 0.32701187335092347 0.7639621811785401 0.3238786279683378 0.7657761653474054 0.3204705364995602 0.7680299032541776 0.31975593667546176 0.7711631486367635 0.31975593667546176 0.7734168865435357 0.32195470536499554 0.7745162708883025 0.3243733509234828 0.773966578715919 0.3273416886543536
0 0.7787489006156552 0.32915567282321895 0.776660070360598 0.3255277044854881 0.7773197009674583 0.32211961301671066 0.7801781002638523 0.31948109058927004 0.7841358839050132 0.31975593667546176 0.786499560246262 0.32135004397537376 0.7878737906772207 0.32464819700967457 0.7869942832014072 0.3281662269129288 0.7841358839050132 0.33041996481970093 0.7810026385224275 0.3303100263852243
0 0.7916418058870326 0.3290324184566429 0.7902496022275258 0.32694411296738274 0.7900507159904535 0.3236624900556882 0.7916915274463008 0.32102724741447897 0.79432677008751 0.31973448687350836 0.7982547732696897 0.3203311455847256 0.799895584725537 0.3221708432776452 0.8007408512330946 0.32565135242641213 0.7996966984884647 0.32873408910103424 0.7967134049323786 0.3305737867939539
0 0.8045196897374701 0.32858492442322995 0.8031772076372314 0.3254524661893397 0.8035749801113763 0.32207140015910907 0.8070554892601433 0.31973448687350836 0.8108343277645187 0.3199830946698489 0.8130220763723152 0.3217730708035005 0.8140165075576771 0.32535302307080355 0.8124254176610978 0.32888325377883854 0.8090443516308671 0.3302754574383453
0 0.7645435560859188 0.31486177406523475 0.763598846459825 0.3118784805091488 0.7648418854415274 0.30819908512330957 0.7669799124900557 0.30650855210819417 0.7705101431980907 0.3063096658711218 0.7733442720763724 0.30844769291965 0.7741398170246618 0.311977923627685 0.7724990055688146 0.31525954653937954 0.7697145982498012 0.3168009148766906 0.7670793556085919 0.3168009148766906
0 0.7779186555290374 0.3150606603023071 0.7770236674622116 0.3117293158313445 0.7778689339697692 0.3083482498011138 0.7803550119331742 0.306409108989658 0.7832885839299921 0.3063096658711218 0.7857249403341288 0.3076521479713604 0.7873657517899763 0.31053599840891016 0.7871668655529037 0.31351929196499606 0.7856752187748609 0.31605509148766914 0.7823438743038981 0.3170495226730311 0.7797086316626889 0.31630369928400964
0 0.7906473747016707 0.3150606603023071 0.7900507159904535 0.3112818217979316 0.7916915274463008 0.30750298329355613 0.7945256563245824 0.3063593874303899 0.7977575576770087 0.30695604614160704 0.799895584725537 0.3091437947494034 0.8005419649960223 0.31366845664280035 0.7969122911694512 0.3171986873508354 0.7929345664280031 0.3171986873508354
0 0.8058124502784408 0.3170495226730311 0.8041219172633255 0.31545843277645197 0.8031274860779634 0.3126243038981703 0.8035749801113763 0.30934268098647577 0.8051660700079556 0.3072543754972157 0.8079007557677009 0.3063096658711218 0.8110829355608592 0.3067571599045346 0.812972354813047 0.3083482498011138 0.8136684566428004 0.31153042959427213 0.8126243038981703 0.3150606603023071 0.810933770883055 0.3169500795544949
0 0.7747621107266436 0.29220732410611305 0.7744016724336793 0.29638840830449825 0.7715902537485583 0.2992719146482122 0.7677696078431372 0.2992719146482122 0.7645977508650519 0.29797433679354096 0.7634443483275662 0.29458621683967706 0.7634443483275662 0.2915585351787774 0.7658953287197231 0.28889129181084194 0.7698601499423298 0.28780997693194926 0.7725994809688581 0.2891796424452134
0 0.7871813725490195 0.2916911764705883 0.7876225490196077 0.29404411764705884 0.7870833333333334 0.2963970588235294 0.7857107843137254 0.2981127450980392 0.7820833333333334 0.29919117647058824 0.7787990196078431 0.2979656862745098 0.7775245098039215 0.29531862745098036 0.7773774509803921 0.29232843137254905 0.7781617647058823 0.2905637254901961 0.7797303921568628 0.2891911764705883 0.7822303921568629 0.28816176470588234 0.7843872549019608 0.2888970588235294
0 0.7900245098039216 0.29507352941176473 0.7902205882352941 0.2928676470588235 0.7914460784313726 0.29026960784313727 0.7942892156862744 0.28875 0.7975245098039215 0.289093137254902 0.7998774509803921 0.29144607843137255 0.8000245098039216 0.2961519607843137 0.7979166666666667 0.2984558823529412 0.795171568627451 0.29914215686274515 0.792671568627451 0.2985539215686275 0.7914950980392157 0.29732843137254905
0 0.8042401960784313 0.2975245098039216 0.8030147058823528 0.29551470588235296 0.8027696078431372 0.29257352941176473 0.8047794117647059 0.2897794117647059 0.8071813725490196 0.2888480392156863 0.8100735294117647 0.2892892156862745 0.8129166666666666 0.29164215686274514 0.812671568627451 0.2961519607843137 0.8105637254901962 0.2983088235294118 0.8079656862745097 0.2994362745098039
0 0.7668382352941175 0.285171568627451 0.7647303921568627 0.28301470588235295 0.7638970588235293 0.2796323529411765 0.7650245098039216 0.2767892156862745 0.7678676470588235 0.27512254901960786 0.7714950980392157 0.2753186274509804 0.7738970588235294 0.27732843137254903 0.7744362745098039 0.28051470588235294 0.7730147058823529 0.28375 0.7708088235294118 0.2854656862745098
0 0.7781127450980392 0.28325980392156863 0.7770833333333333 0.2808578431372549 0.7776225490196077 0.2781617647058824 0.7791911764705882 0.2760539215686275 0.7814950980392157 0.275171568627451 0.7846813725490195 0.27551470588235294 0.7864950980392157 0.2771323529411765 0.7874264705882351 0.27992647058823533 0.7870343137254903 0.28242647058823533 0.7847794117647059 0.28473039215686274 0.7820343137254903 0.28526960784313726 0.7797794117647059 0.28473039215686274
0 0.790906862745098 0.28335784313725493 0.7900735294117647 0.28012254901960787 0.7910539215686274 0.2769362745098039 0.7938970588235295 0.275171568627451 0.7980637254901961 0.2756617647058824 0.8002205882352941 0.2780637254901961 0.7998774509803921 0.28198529411764706 0.7981617647058823 0.28482843137254904 0.7952696078431372 0.2856617647058824 0.7922303921568628 0.28448529411764706
0 0.8037990196078431 0.2841911764705883 0.8025735294117646 0.2807107843137255 0.8032107843137254 0.2779656862745098 0.8063480392156862 0.275171568627451 0.8106127450980393 0.27536764705882355 0.8132107843137254 0.2779656862745098 0.8128676470588235 0.2831617647058824 0.8100245098039216 0.28522058823529417 0.80625 0.2853676470588235
0 0.7735233516483517 0.264308608058608 0.7743246336996337 0.26625457875457875 0.7738095238095238 0.2690018315018315 0.7722641941391941 0.2711767399267399 0.7687728937728938 0.27214972527472525 0.7656822344322345 0.2711767399267399 0.7638507326007327 0.2679143772893773 0.7644803113553114 0.2650526556776557 0.7665407509157509 0.26241987179487175 0.7692880036630036 0.26161858974358976 0.7722069597069599 0.2624771062271062
0 0.7871451465201466 0.26568223443223443 0.7869162087912087 0.26865842490842484 0.7857715201465201 0.2710050366300366 0.7839400183150184 0.2722069597069597 0.780048076923077 0.27197802197802196 0.777014652014652 0.26963141025641024 0.7770718864468864 0.26568223443223443 0.7784455128205129 0.2630494505494505 0.78125 0.26161858974358976 0.7832532051282052 0.26173305860805857 0.7861149267399268 0.2637362637362637
0 0.7996794871794871 0.26568223443223443 0.7994505494505495 0.2695169413919414 0.7970467032967032 0.2720352564102564 0.7924107142857143 0.2722069597069597 0.7898351648351648 0.26860119047619047 0.7899496336996337 0.2650526556776557 0.7924679487179488 0.26224816849816845 0.7953869047619048 0.26167582417582413 0.798592032967033 0.263106684981685
0 0.8126717032967032 0.2654532967032967 0.8127289377289378 0.2684867216117216 0.8112408424908424 0.2704899267399267 0.8092948717948718 0.27197802197802196 0.8057463369963369 0.2720924908424908 0.8027129120879121 0.2695169413919414 0.8026556776556777 0.2661401098901099 0.8046016483516483 0.26276327838827834 0.8072916666666666 0.261790293040293 0.8096955128205129 0.2619619963369963
0 0.8216575091575091 0.27214972527472525 0.8181089743589745 0.2719207875457875 0.8154761904761906 0.26877289377289376 0.815533424908425 0.26459478021978017 0.8182234432234433 0.2619619963369963 0.8209134615384616 0.26161858974358976 0.8240613553113554 0.26276327838827834 0.8259500915750916 0.2668269230769231 0.8249771062271062 0.2704899267399267
0 0.8194253663003663 0.2596153846153846 0.8166208791208792 0.2578983516483516 0.8157623626373627 0.2553228021978022 0.8157051282051282 0.25257554945054944 0.8171932234432233 0.24965659340659338 0.8207417582417582 0.24862637362637363 0.824690934065934 0.2507440476190476 0.8258356227106227 0.2548076923076923 0.823489010989011 0.2584134615384615
0 0.8045444139194139 0.2585279304029304 0.8027701465201466 0.2565819597069597 0.8025412087912087 0.2532051282051282 0.8037431318681317 0.2508585164835164 0.805345695970696 0.24937042124542122 0.8087797619047619 0.2487408424908425 0.8109546703296703 0.24965659340659338 0.8126144688644689 0.25194597069597063 0.8126144688644689 0.25652472527472525 0.8105540293040294 0.2585851648351648 0.8082074175824175 0.2590430402930403
0 0.7995077838827839 0.25171703296703296 0.8000228937728938 0.2540636446886447 0.7992788461538463 0.2562385531135531 0.7980196886446886 0.25795558608058605 0.7957875457875458 0.2590430402930403 0.7912660256410255 0.25864239926739924 0.7894345238095238 0.2551510989010989 0.7904075091575091 0.2512019230769231 0.7928685897435896 0.24891254578754574 0.7957875457875458 0.2484546703296703
0 0.7864583333333334 0.2516597985347985 0.7872023809523809 0.25457875457875456 0.7860004578754579 0.2569826007326007 0.7843978937728938 0.2587568681318681 0.7808493589743589 0.2587568681318681 0.7783882783882784 0.2574977106227106 0.7773008241758242 0.25503663003663 0.777129120879121 0.25194597069597063 0.7787889194139194 0.24977106227106224 0.7821085164835165 0.24856913919413917 0.784283424908425 0.2491987179487179
0 0.7744963369963369 0.25240384615384615 0.7741529304029304 0.2557234432234432 0.772779304029304 0.2584134615384615 0.7707188644688644 0.2591575091575091 0.767342032967033 0.25887133699633696 0.7649954212454212 0.25744047619047616 0.7640224358974359 0.25457875457875456 0.7644803113553114 0.25131639194139194 0.767342032967033 0.24942765567765568 0.7704326923076923 0.24862637362637363
0 0.7667106420404574 0.19700967458223395 0.7653364116094986 0.19558047493403694 0.7647317502198768 0.19310686015831136 0.765391380826737 0.1906882145998241 0.7675901495162709 0.18898416886543537 0.7707233948988567 0.1887093227792436 0.7728671943711521 0.1905782761653474 0.773801671064204 0.19310686015831136 0.7730321020228673 0.19569041336851364 0.7702836411609499 0.19744942832014073
0 0.5476190476190476 0.05265567765567764 0.5489163614163615 0.056394993894993896 0.5476953601953602 0.06028693528693528 0.5440323565323566 0.06303418803418803 0.5404456654456654 0.06257631257631258 0.5373168498168498 0.060668498168498175 0.536019536019536 0.056700244200244186 0.536401098901099 0.05372405372405372 0.5383852258852259 0.05105311355311355 0.5423534798534799 0.04998473748473747 0.5459401709401709 0.050976800976800976
0 0.5414377289377289 0.010531135531135523 0.5418192918192919 0.014880952380952373 0.5408272283272284 0.017246642246642237 0.5370115995115994 0.01938339438339438 0.5337301587301586 0.019001831501831497 0.5305250305250304 0.017094017094017092 0.5286172161172161 0.01236263736263736 0.5306013431013431 0.008547008547008541 0.534035409035409 0.006333943833943832 0.5386904761904762 0.007326007326007323
0 0.8669331395348837 0.49609980620155036 0.8667877906976745 0.4995397286821706 0.8648982558139535 0.5010901162790697 0.8618459302325583 0.5012354651162791 0.8597141472868217 0.49968507751937985 0.859326550387597 0.4969234496124031 0.8604893410852713 0.49435562015503876 0.8629602713178294 0.49353197674418603 0.865576550387597 0.49358042635658916
0 0.8800965665236051 0.4045064377682403 0.878755364806867 0.3988733905579399 0.8807224606580829 0.39601216022889846 0.8838519313304721 0.3938662374821173 0.888590844062947 0.3944027181688126 0.891541487839771 0.3976216022889843 0.8917203147353361 0.40182403433476394 0.8897532188841202 0.40593705293276106 0.8860872675250357 0.4073676680972818 0.8824213161659512 0.4067417739628039
0 0.8805088141025641 0.38832131410256415 0.8792401175213674 0.38478231837606836 0.88024172008547 0.38077590811965817 0.8831797542735043 0.3784388354700855 0.8871193910256409 0.37763755341880345 0.8908587072649573 0.38017494658119655 0.8922609508547007 0.38378071581196577 0.8907251602564101 0.3881209935897436 0.8871861645299145 0.39052483974358976 0.8841145833333334 0.3907919337606838
0 0.8684895833333334 0.39065838675213677 0.8645499465811965 0.38838808760683763 0.8626802884615383 0.38478231837606836 0.8635483440170939 0.3810430021367522 0.8657518696581196 0.37897302350427353 0.8686231303418803 0.3777711004273504 0.8725627670940169 0.37890624999999994 0.8746995192307693 0.3806423611111111 0.8752337072649573 0.3836471688034188 0.8744324252136751 0.38772035256410253 0.8718282585470085 0.38965678418803423
0 0.8688234508547007 0.3739650106837607 0.8654847756410255 0.37303018162393164 0.8629473824786325 0.3700253739316239 0.8625467414529914 0.36621928418803423 0.8640825320512819 0.3627470619658119 0.8680221688034188 0.36074385683760685 0.8723624465811965 0.36174545940170943 0.8745659722222221 0.3644163995726496 0.8752337072649573 0.3677550747863248 0.8745659722222221 0.3708934294871795 0.8725627670940169 0.3730969551282051
0 0.8827791132478632 0.37329727564102566 0.8804420405982906 0.37136084401709407 0.8793068910256409 0.3674879807692308 0.8805755876068375 0.362880608974359 0.8835136217948716 0.3608106303418803 0.8886551816239315 0.3608774038461538 0.8911258012820512 0.36354834401709407 0.8917935363247862 0.36695379273504275 0.8917935363247862 0.3699586004273504 0.8893896901709402 0.37269631410256415 0.8859842414529914 0.37389823717948717
0 0.8752337072649573 0.34832398504273504 0.8755008012820512 0.35206330128205127 0.8740985576923076 0.3546674679487179 0.8713608440170939 0.3568709935897436 0.8680221688034188 0.35700454059829057 0.8635483440170939 0.3547342414529915 0.8623464209401709 0.35152911324786323 0.8628806089743589 0.34738915598290593 0.8650841346153846 0.3445178952991453 0.8706931089743589 0.3435830662393162
0 0.8815104166666666 0.3559361645299145 0.8800413995726495 0.35453392094017094 0.879039797008547 0.35152911324786323 0.8788394764957265 0.3484575320512821 0.880909455128205 0.3449185363247863 0.8846487713675214 0.3434495192307692 0.8893229166666666 0.34485176282051283 0.8919270833333334 0.34799011752136755 0.8923277243589742 0.3512620192307692 0.8907919337606836 0.35446714743589747 0.8877203525641025 0.3572048611111111 0.8844484508547007 0.3572716346153846
0 0.8704927884615383 0.3409788995726496 0.8655515491452991 0.339710202991453 0.8634815705128205 0.33743990384615385 0.8626135149572648 0.3332331730769231 0.8636151175213674 0.3304286858974359 0.8662860576923076 0.32762419871794873 0.8700921474358975 0.32742387820512825 0.873497596153846 0.3290264423076923 0.8751669337606836 0.332431891025641 0.8755008012820512 0.33590411324786323 0.8740317841880341 0.3385750534188034
0 0.8830462072649573 0.340244391025641 0.880642361111111 0.33890892094017094 0.879039797008547 0.3357705662393162 0.8791065705128205 0.33236511752136755 0.8803752670940169 0.32969417735042733 0.8829794337606836 0.32769097222222227 0.8864516559829059 0.3270900106837607 0.8905248397435896 0.3293603098290598 0.8921274038461537 0.33309962606837606 0.8913261217948716 0.3372395833333333 0.8893229166666666 0.3399105235042735 0.8857171474358975 0.34057825854700857
0 0.8713608440170939 0.324352297008547 0.8655515491452991 0.32348424145299143 0.862747061965812 0.32041266025641024 0.8626802884615383 0.31607238247863245 0.8637486645299145 0.31306757478632474 0.8669537927350427 0.31086404914529914 0.8706263354700855 0.31073050213675213 0.8741653311965812 0.31286725427350426 0.8758346688034188 0.3172743055555556 0.8744324252136751 0.3215478098290598
0 0.880642361111111 0.3223490918803419 0.8788394764957265 0.3195446047008547 0.87890625 0.3145365918803419 0.8826455662393162 0.31113114316239315 0.8865852029914528 0.3104634081196581 0.8904580662393162 0.31246661324786323 0.8921941773504273 0.316673344017094 0.8916599893162392 0.32021233974358976 0.8893896901709402 0.32328392094017094 0.8869858440170939 0.324352297008547 0.8834468482905982 0.32428552350427353
0 0.8820647689768976 0.30662128712871284 0.8807240099009901 0.30548679867986794 0.879744224422442 0.30342409240924095 0.8807755775577558 0.30089727722772275 0.8825288778877888 0.29955651815181517 0.8856229372937292 0.2993502475247525 0.887891914191419 0.3018770627062706 0.8874793729372936 0.305641501650165 0.8856229372937292 0.3069822607260726 0.883147689768977 0.30703382838283827
0 0.9261947077409163 0.33229660347551343 0.925207345971564 0.3385169826224329 0.9212578988941548 0.34147906793048977 0.917505924170616 0.3412815955766193 0.9141488941548183 0.3385169826224329 0.9129640600315956 0.3352586887835703 0.913556477093207 0.3314079778830964 0.9166172985781991 0.32814968404423384 0.9221465244865719 0.32795221169036337
0 0.9315264612954185 0.3398992890995261 0.9298479462875198 0.33555489731437604 0.9306378357030015 0.33022314375987366 0.9346860189573459 0.32814968404423384 0.9397215639810427 0.3289395734597157 0.9424861769352291 0.333382701421801 0.9419924960505529 0.3383195102685624 0.9387342022116903 0.34197274881516593
0 0.9187894944707741 0.32449644549763035 0.9138526856240126 0.32192930489731436 0.9133590047393365 0.3158076619273302 0.915728672985782 0.31254936808846767 0.9197768562401264 0.3110683254344392 0.9240225118483413 0.31294431279620855 0.9261947077409163 0.3164988151658768 0.9250098736176936 0.3221267772511849 0.9223439968404422 0.3240027646129542
0 0.9345930232558141 0.32461240310077516 0.9317466085271319 0.3226744186046511 0.9302325581395349 0.319828003875969 0.9299903100775194 0.316436531007752 0.9316254844961241 0.3132267441860465 0.9352592054263565 0.31110707364341084 0.9397407945736435 0.3118338178294574 0.9427688953488372 0.31558866279069764 0.9433745155038761 0.3201913759689922 0.9407097868217055 0.3234617248062016
0 0.9188553826199741 0.30820363164721143 0.9150453955901428 0.30633916990920884 0.9132619974059664 0.30269130998702987 0.9138294422827498 0.29693579766536965 0.9179636835278859 0.29474708171206226 0.9226653696498056 0.2949902723735409 0.9259079118028535 0.29823281452658884 0.9265564202334631 0.30220492866407267 0.9249351491569392 0.30593385214007784 0.921206225680934 0.30812256809338523
0 0.9338521400778211 0.30779831387808043 0.9310149156939042 0.30536640726329445 0.9295557717250326 0.3017185473411154 0.9306906614785992 0.29726005188067445 0.9338521400778211 0.29507133592736706 0.9376621271076525 0.29474708171206226 0.9416342412451364 0.2971789883268483 0.9429312581063554 0.3013942931258107 0.9417153047989625 0.30593385214007784 0.9378242542153049 0.3085278858625162
0 0.9263942931258108 0.28445201037613493 0.9251783398184178 0.2886673151750973 0.922827496757458 0.2910992217898833 0.9191796368352789 0.2915045395590143 0.9149643320363167 0.2898832684824903 0.9128566796368354 0.2868028534370947 0.9130188067444878 0.2848573281452659 0.9135862516212712 0.2819390402075227 0.9160181582360573 0.2790207522697795 0.9190175097276265 0.2781290531776913 0.9237191958495462 0.2788586251621271
0 0.9327172503242545 0.2905317769130999 0.929717898832685 0.28728923476005186 0.9295557717250326 0.28347924773022054 0.9320687418936447 0.2795071335927367 0.9357166018158237 0.2778047989623866 0.9408236057068744 0.27983138780804157 0.9434176394293127 0.28477626459143973 0.9412289234760054 0.2896400778210117 0.9385538261997406 0.2904507133592737 0.9345006485084307 0.2909370946822309
0 0.9337258454106281 0.37776771336553944 0.9311090982286636 0.3758554750402576 0.9299013687600645 0.3727355072463769 0.9295994363929149 0.3690116747181965 0.9310084541062804 0.36589170692431566 0.9346316425120775 0.3635768921095008 0.9397644927536233 0.36377818035426734 0.9431863929146539 0.36679750402576494 0.9440921900161032 0.3709239130434783 0.9426831723027378 0.37615740740740744 0.9372483896940419 0.37806964573268925
0 0.9755938003220613 0.3790760869565218 0.9711654589371983 0.37575483091787437 0.9711654589371983 0.37142713365539454 0.9741847826086958 0.3678039452495975 0.9799214975845413 0.36860909822866345 0.982236312399356 0.3730374396135266 0.9811292270531402 0.37716384863124
0 0.9747886473429954 0.35884661835748793 0.9718699677938809 0.3566324476650564 0.9714673913043479 0.3524053945249598 0.9729770531400969 0.3493860708534621 0.9768015297906605 0.3481783413848632 0.9806260064412241 0.3495873590982287 0.9829408212560388 0.35441827697262485 0.9810285829307569 0.35743760064412244 0.9783111916264092 0.35924919484702095
