0 0.41653528528528533 0.5504316816816817 0.41653528528528533 0.5529466966966967 0.41514639639639644 0.5556118618618618 0.4122184684684685 0.5566629129129129 0.40947822822822827 0.5564001501501501 0.40793918918918926 0.554710960960961 0.40718843843843844 0.5526839339339339 0.40726351351351353 0.5506569069069069 0.40805180180180184 0.5486298798798799 0.40992867867867866 0.5470533033033034 0.4131944444444445 0.5471283783783784 0.4152965465465466 0.5478791291291291
0 0.4361114347105726 0.5508806759345553 0.4361114347105726 0.5533956909495703 0.43472254582168374 0.5560608561147354 0.4317946178937558 0.5571119071657865 0.42905437765351556 0.5568491444030237 0.42751533861447655 0.5551599552138345 0.42676458786372573 0.5531329281868075 0.4268396629388009 0.5511059011597804 0.42762795122708913 0.5490788741327535 0.429504828103966 0.5475022975561769 0.43277059386973177 0.547577372631252 0.4348726959718339 0.5483281233820027
0 0.45548080407994196 0.5503739191777984 0.45548080407994196 0.5528889341928135 0.45409191519105313 0.5555540993579786 0.4511639872631252 0.5566051504090297 0.4484237470228849 0.5563423876462669 0.4468847079838459 0.5546531984570777 0.44613395723309507 0.5526261714300507 0.4462090323081702 0.5505991444030237 0.44699732059645847 0.5485721173759966 0.44887419747333535 0.5469955407994201 0.45213996323910116 0.5470706158744951 0.45424206534120326 0.5478213666252458
0 0.47493261663520275 0.5505397016711671 0.47493261663520275 0.5530547166861821 0.4735437277463139 0.5557198818513472 0.47061579981838597 0.5567709329023984 0.4678755595781457 0.5565081701396356 0.4663365205391067 0.5548189809504465 0.46558576978835586 0.5527919539234193 0.465660844863431 0.5507649268963923 0.46644913315171926 0.5487378998693654 0.46832601002859614 0.5471613232927888 0.47159177579436196 0.5472363983678638 0.47369387789646406 0.5479871491186146
0 0.5088106747391783 0.5504919187965494 0.5088106747391783 0.5530069338115644 0.5074217858502895 0.5556720989767295 0.5044938579223616 0.5567231500277807 0.5017536176821212 0.5564603872650179 0.5002145786430823 0.5547711980758288 0.49946382789233146 0.5527441710488016 0.49953890296740655 0.5507171440217746 0.5003271912556948 0.5486901169947477 0.5022040681325717 0.5471135404181711 0.5054698338983376 0.547188615493246 0.5075719360004396 0.5479393662439969
0 0.5373444300134399 0.5553442394716548 0.5373444300134399 0.55785925448667 0.5359555411245511 0.5605244196518351 0.5330276131966232 0.5615754707028862 0.5302873729563828 0.5613127079401233 0.5287483339173439 0.5596235187509342 0.5279975831665931 0.5575964917239071 0.5280726582416682 0.5555694646968801 0.5288609465299565 0.5535424376698531 0.5307378234068333 0.5519658610932765 0.5340035891725992 0.5520409361683516 0.5361056912747012 0.5527916869191023
0 0.536584551593987 0.5293817268070145 0.536584551593987 0.5318967418220295 0.5351956627050981 0.5345619069871946 0.5322677347771702 0.5356129580382458 0.5295274945369299 0.535350195275483 0.527988455497891 0.5336610060862939 0.5272377047471402 0.5316339790592667 0.5273127798222152 0.5296069520322397 0.5281010681105035 0.5275799250052128 0.5299779449873804 0.5260033484286362 0.5332437107531461 0.5260784235037111 0.5353458128552483 0.526829174254462
0 0.5771747238330954 0.5300149588232251 0.5771747238330954 0.5325299738382402 0.5757858349442065 0.5351951390034053 0.5728579070162786 0.5362461900544564 0.5701176667760384 0.5359834272916936 0.5685786277369993 0.5342942381025044 0.5678278769862485 0.5322672110754774 0.5679029520613237 0.5302401840484504 0.5686912403496119 0.5282131570214234 0.5705681172264888 0.5266365804448468 0.5738338829922546 0.5267116555199218 0.5759359850943567 0.5274624062706725
0 0.57685810782499 0.5544577146489597 0.57685810782499 0.5569727296639747 0.5754692189361011 0.5596378948291398 0.5725412910081732 0.5606889458801909 0.569801050767933 0.5604261831174281 0.568262011728894 0.558736993928239 0.5675112609781432 0.5567099669012119 0.5675863360532183 0.5546829398741849 0.5683746243415065 0.5526559128471579 0.5702515012183834 0.5510793362705814 0.5735172669841492 0.5511544113456563 0.5756193690862513 0.551905162096407
0 0.6443672839506172 0.5535493827160493 0.6442129629629628 0.5565586419753086 0.6417438271604937 0.5594135802469135 0.6386574074074073 0.5594135802469135 0.6348765432098764 0.5586419753086419 0.633179012345679 0.5538580246913579 0.634645061728395 0.5513117283950617 0.6388888888888888 0.5493055555555555 0.641898148148148 0.5499228395061727
0 0.6595679012345679 0.5592592592592591 0.65679012345679 0.5599537037037036 0.6542438271604938 0.559182098765432 0.6517746913580247 0.5567129629629629 0.6507716049382716 0.5545524691358025 0.6521604938271605 0.552006172839506 0.6550925925925924 0.5493827160493826 0.6590277777777778 0.5506944444444444 0.6621913580246913 0.5540123456790124 0.6611111111111111 0.558179012345679
0 0.6661849710982659 0.5394388246628132 0.6625120423892101 0.5389571290944123 0.659320809248555 0.5370303468208093 0.6581165703275531 0.5338391136801541 0.6595616570327553 0.5300457610789981 0.664378612716763 0.5275770712909442 0.6679311175337187 0.5301059730250482 0.6694966281310212 0.533778901734104
0 0.6463150289017342 0.5382947976878614 0.6425818882466281 0.5389571290944123 0.6398121387283237 0.536849710982659 0.6384874759152216 0.5340197495183044 0.6391498073217727 0.5302866088631984 0.6434850674373797 0.5276372832369943 0.6472784200385356 0.528721098265896 0.6492052023121387 0.5327552986512525 0.649385838150289 0.5355250481695569
0 0.6298791821561338 0.5351610904584884 0.6264714993804212 0.5399628252788105 0.6215148698884758 0.5400402726146221 0.6188042131350682 0.5365551425030979 0.6194237918215614 0.5315985130111525 0.6232187112763321 0.5287329615861215 0.627865551425031 0.5305916976456011
0 0.6089684014869889 0.5388785625774474 0.605405824039653 0.5393432465923172 0.6016109045848824 0.5384138785625775 0.5991325898389096 0.5350836431226766 0.599442379182156 0.5325278810408921 0.6025402726146221 0.5293525402726147 0.6074194547707559 0.5290427509293679 0.610052664188352 0.5325278810408921
0 0.606729233226837 0.5081536208732694 0.6041333865814696 0.5081536208732694 0.601138178913738 0.5061568157614483 0.5990748136315229 0.5019635250266241 0.600938498402556 0.49883519701810436 0.6054645899893504 0.4967718317358893 0.6089922790202342 0.4985689563365282 0.6099906815761449 0.5031616080937168
0 0.6261648029818956 0.5089523429179978 0.6217052715654953 0.5087526624068157 0.6192425452609159 0.5063564962726305 0.6193756656017039 0.5010316826411075 0.623169595314164 0.4986355165069222 0.6264976038338659 0.4985023961661342 0.6296924920127797 0.5026291267305645 0.6294262513312034 0.5076211395101171
0 0.6482627795527156 0.5090854632587859 0.6429379659211928 0.5093517039403621 0.6384784345047924 0.5065561767838126 0.6384784345047924 0.4997670394036209 0.6419395633652822 0.4968383919062833 0.6476637380191693 0.4975705537806177 0.6499933439829606 0.5016972843450479 0.6499933439829606 0.5084198615548456
0 0.6664009353741496 0.5086628401360545 0.6622555272108843 0.5089817176870748 0.6589073129251701 0.5072278911564626 0.6575255102040817 0.5032419217687074 0.6579506802721088 0.5009034863945578 0.6602891156462585 0.49782100340136054 0.6647002551020408 0.4973958333333333 0.6685267857142857 0.5002125850340136 0.6696960034013606 0.5042517006802721
0 0.6470025510204082 0.47597789115646255 0.643016581632653 0.4766156462585034 0.6397746598639455 0.4746492346938775 0.6385522959183674 0.471141581632653 0.6403061224489797 0.46768707482993194 0.6441326530612245 0.4664647108843537 0.6474808673469388 0.46768707482993194 0.649234693877551 0.4722045068027211
0 0.6281717414529915 0.47626201923076916 0.6229634081196581 0.4782652243589743 0.6203592414529915 0.4764623397435897 0.6178886217948717 0.47145432692307687 0.6206263354700855 0.46791533119658113 0.6245659722222222 0.46591212606837606 0.6280381944444444 0.46791533119658113 0.6303084935897435 0.4709869123931623
0 0.565331715210356 0.5000404530744337 0.5619336569579289 0.5008495145631068 0.5592637540453075 0.49927184466019414 0.5586974110032362 0.4969255663430421 0.5597491909385113 0.49445792880258904 0.5627022653721683 0.49328478964401296 0.5664239482200647 0.4945388349514563 0.5666666666666667 0.49785598705501616
0 0.576294498381877 0.5002831715210356 0.5734223300970873 0.500121359223301 0.5716423948220065 0.497411003236246 0.5724919093851132 0.4945388349514563 0.5752831715210356 0.4925970873786408 0.5785194174757281 0.49409385113268606 0.5794902912621359 0.497411003236246 0.5780339805825242 0.49959546925566345
0 0.5018214936247722 0.37647996357012753 0.5006261384335154 0.37915528233151186 0.4974385245901639 0.3805783242258652 0.4941370673952641 0.37926912568306015 0.4939663023679417 0.3760245901639344 0.49516165755919855 0.37289389799635697 0.4984631147540983 0.3721539162112933 0.502106102003643 0.3739754098360656
0 0.5158811475409836 0.379212204007286 0.5117827868852459 0.3798952641165756 0.5088228597449909 0.3781876138433516 0.5089367030965392 0.3747153916211294 0.5110997267759563 0.3723246812386157 0.5144011839708561 0.37278005464480873 0.5163934426229508 0.37443078324225865 0.5166780510018214 0.3777891621129326
