0 0.11170977011494254 0.38703304597701155 0.11009339080459772 0.38442887931034486 0.11072198275862069 0.37850215517241387 0.11305675287356323 0.376257183908046 0.11709770114942529 0.374371408045977 0.12239583333333333 0.37544899425287365 0.1254489942528736 0.3798491379310345 0.125 0.38433908045977017 0.1235632183908046 0.3876616379310345 0.11826508620689656 0.3899066091954023 0.11296695402298852 0.38829022988505757
0 0.12566666666666668 0.3670833333333334 0.12708333333333333 0.3636666666666667 0.13091666666666668 0.3604166666666667 0.13608333333333333 0.3606666666666667 0.13933333333333334 0.3630833333333333 0.14125 0.36766666666666664 0.13958333333333334 0.37216666666666665 0.13541666666666666 0.37566666666666665 0.13016666666666665 0.37500000000000006 0.1275 0.37250000000000005
0 0.10325 0.36250000000000004 0.10383333333333335 0.35941666666666666 0.10624999999999998 0.3558333333333334 0.10933333333333332 0.35441666666666666 0.11433333333333333 0.35466666666666663 0.11816666666666667 0.3580833333333333 0.11816666666666667 0.36358333333333337 0.11591666666666668 0.3681666666666667 0.11066666666666668 0.36966666666666664 0.10533333333333332 0.36783333333333335
0 0.10766666666666666 0.3406666666666667 0.10849999999999999 0.33816666666666667 0.11025000000000001 0.3355 0.11341666666666668 0.33375 0.11741666666666664 0.33383333333333337 0.12091666666666669 0.33558333333333334 0.12300000000000001 0.3388333333333334 0.1225 0.34325000000000006 0.12041666666666667 0.3473333333333333 0.11591666666666668 0.34891666666666665 0.11141666666666666 0.3480833333333333 0.10858333333333334 0.3456666666666667
0 0.13358333333333333 0.35458333333333336 0.13133333333333336 0.35183333333333333 0.13 0.3479166666666667 0.13091666666666668 0.34441666666666665 0.13366666666666668 0.3418333333333333 0.13766666666666666 0.34008333333333335 0.14300000000000002 0.3411666666666667 0.14575000000000002 0.3431666666666667 0.14683333333333332 0.3483333333333334 0.1461666666666667 0.35158333333333336 0.14291666666666666 0.3554166666666667 0.13783333333333336 0.3555833333333333
0 0.12241861030126337 0.31726797862001943 0.11980685131195334 0.3158709912536443 0.1175595238095238 0.31386661807580174 0.11610179786200193 0.31022230320699706 0.11561588921282798 0.3073675898931001 0.1161625364431487 0.3049380466472303 0.11810617103984451 0.30147594752186585 0.12035349854227405 0.29935009718172984 0.12393707482993198 0.2978923712342079 0.12824951409135082 0.29758867832847424 0.1336552478134111 0.2996537900874635 0.13632774538386783 0.30238702623906705 0.13796768707482993 0.3076712827988338 0.13644922254616135 0.31277332361516036 0.13432337220602525 0.3164783770651117 0.1293428085519922 0.3182397959183673 0.1252125850340136 0.31805758017492713
0 0.14942226890756302 0.3084733893557423 0.14565826330532214 0.30619747899159666 0.14373249299719887 0.3027836134453782 0.14408263305322133 0.29866946778711484 0.14574579831932777 0.2963935574229692 0.14968487394957986 0.29394257703081234 0.15616246498599443 0.29420518207282914 0.1589635854341737 0.296656162464986 0.16071428571428575 0.3000700280112045 0.1595763305322129 0.30628501400560226 0.1551995798319328 0.3087359943977591
0 0.1319152661064426 0.29009103641456585 0.12736344537815128 0.2875525210084034 0.1248249299719888 0.2837885154061625 0.1248249299719888 0.27871148459383754 0.12666316526610644 0.27529761904761907 0.12937675070028012 0.2725840336134454 0.13419117647058826 0.27057072829131656 0.13961834733893558 0.27074579831932777 0.14443277310924374 0.27310924369747897 0.1467086834733894 0.2775735294117647 0.1467086834733894 0.2837885154061625 0.14408263305322133 0.2879901960784314 0.14066876750700283 0.29044117647058826 0.13576680672268907 0.29070378151260506
0 0.0958153735632184 0.29489942528735635 0.09159482758620689 0.29229525862068967 0.08997844827586207 0.28852370689655177 0.09006824712643678 0.28286637931034486 0.0935704022988506 0.278466235632184 0.09949712643678163 0.27676005747126436 0.10569324712643678 0.27783764367816094 0.10910560344827587 0.2816989942528736 0.11036278735632185 0.2860093390804598 0.10892600574712645 0.290948275862069 0.10488505747126438 0.2946300287356322 0.10039511494252874 0.2956178160919541
0 0.10129310344827586 0.26894755747126436 0.09823994252873565 0.26795977011494254 0.09545617816091954 0.2659841954022989 0.0935704022988506 0.26158405172413796 0.09330100574712644 0.2570941091954023 0.09527658045977012 0.25332255747126436 0.09797054597701149 0.2509877873563218 0.10201149425287358 0.24892241379310348 0.1099137931034483 0.24955100574712646 0.11413433908045979 0.2535919540229885 0.11521192528735634 0.25772270114942536 0.11422413793103449 0.26427801724137934 0.11063218390804598 0.2677801724137931 0.10416666666666669 0.2695761494252874
0 0.14248783454987843 0.2630778588807786 0.13792579075425798 0.2617852798053529 0.13473236009732367 0.2580596107055962 0.13359184914841854 0.25235705596107055 0.13503649635036502 0.24840328467153294 0.13830596107055965 0.24513381995133823 0.14324817518248179 0.24308090024330908 0.1497871046228711 0.24368917274939178 0.1532846715328468 0.24650243309002434 0.15602189781021902 0.2512165450121655 0.1560979318734794 0.2558546228710462 0.1532846715328468 0.2601885644768857 0.1496350364963504 0.262925790754258 0.14560523114355237 0.26345802919708033
0 0.09918785310734464 0.24050141242937856 0.09579802259887006 0.23986581920903954 0.0920550847457627 0.23689971751412428 0.09007768361581922 0.23280367231638413 0.09043079096045198 0.22863700564971745 0.0920550847457627 0.2248940677966102 0.09480932203389829 0.22235169491525425 0.09996468926553673 0.22058615819209043 0.10490819209039548 0.22079802259887005 0.11013418079096043 0.2244703389830508 0.1118997175141243 0.22842514124293786 0.11133474576271185 0.23400423728813555 0.10971045197740113 0.23697033898305078 0.10695621468926554 0.23965395480225984 0.10300141242937852 0.24092514124293785
0 0.09573763250883392 0.21227179034157834 0.09220406360424027 0.21102031802120141 0.08918580683156656 0.2087382214369847 0.08756625441696113 0.20638250883392226 0.08697732626619553 0.2024072438162544 0.08763987043580683 0.1984319787985866 0.08948027090694935 0.19578180212014137 0.09220406360424027 0.1932788574793875 0.09632656065959953 0.19173292108362783 0.1015532979976443 0.19195376914016493 0.10655918727915194 0.19511925795053003 0.10810512367491167 0.1992417550058893 0.10913574793875147 0.20358510011778563 0.10678003533568903 0.20851737338044762 0.1033200824499411 0.21116755005889284
0 0.15195155622489964 0.2359751506024097 0.1495670180722892 0.23559864457831328 0.14636671686746994 0.23409262048192778 0.14429593373493982 0.23177083333333337 0.14316641566265068 0.22781752008032133 0.1432291666666667 0.2248682228915663 0.14385667670682736 0.2220444277108434 0.1457392068273093 0.21953438755020083 0.15000627510040165 0.21689884538152615 0.15295557228915668 0.2159575803212852 0.1569716365461848 0.21627133534136553 0.1606111947791165 0.2176518574297189 0.163999748995984 0.22179342369477917 0.165003765060241 0.22687625502008038 0.16374874497991973 0.2310178212851406 0.1619289658634539 0.23409262048192778 0.15872866465863458 0.23572414658634544 0.15546561244979926 0.2361634036144579
0 0.17469618055555552 0.22403067129629628 0.17233314043209874 0.22306616512345676 0.17059702932098764 0.22118537808641975 0.16968074845679007 0.21824363425925924 0.17045235339506168 0.21559124228395057 0.17238136574074073 0.21371045524691354 0.17551601080246912 0.21231192129629628 0.17913290895061726 0.2122636959876543 0.1817853009259259 0.21375868055555552 0.18366608796296297 0.21650752314814814 0.18332851080246912 0.22070312499999994 0.18139949845679007 0.2235966435185185 0.1778790509259259 0.22499517746913578
0 0.18211805555555557 0.1962152777777778 0.1790625 0.1940625 0.17885416666666668 0.19135416666666666 0.18017361111111113 0.18774305555555557 0.1834375 0.18649305555555556 0.1887152777777778 0.1860069444444445 0.19135416666666666 0.18892361111111114 0.19184027777777782 0.19329861111111113 0.18850694444444446 0.19649305555555557 0.1847569444444445 0.1965625
0 0.15392512077294687 0.2048913043478261 0.15241545893719807 0.20235507246376813 0.15217391304347827 0.1980072463768116 0.1527173913043478 0.19516908212560385 0.15567632850241547 0.19214975845410626 0.15791062801932365 0.19009661835748792 0.16243961352657005 0.188707729468599 0.16769323671497582 0.1892512077294686 0.1719806763285024 0.1923913043478261 0.17409420289855074 0.19679951690821254 0.1731280193236715 0.2030193236714976 0.17101449275362318 0.2066425120772947 0.16678743961352657 0.20881642512077292 0.16183574879227053 0.20881642512077292 0.15887681159420292 0.20791062801932364
0 0.1267487834549879 0.20597627737226282 0.12226277372262781 0.2046076642335767 0.11830900243309007 0.2000456204379563 0.11754866180048668 0.19624391727493923 0.11876520681265212 0.19107360097323606 0.12241484184914848 0.18696776155717768 0.12682481751824823 0.18491484184914847 0.1342761557177616 0.18597931873479323 0.13822992700729933 0.1894768856447689 0.14058698296836986 0.19411496350364968 0.13921836982968375 0.20034975669099764 0.1366332116788322 0.20361922141119226 0.1318430656934307 0.20590024330900247
0 0.1684824159021407 0.1817979102956167 0.16427752293577982 0.1798228848114169 0.16192023445463813 0.17676478083588174 0.16083715596330275 0.17090341488277266 0.16268476044852193 0.16714449541284404 0.16504204892966362 0.16427752293577982 0.16752675840978593 0.16249362895005096 0.17351554536187563 0.16141055045871558 0.17918577981651376 0.16364041794087664 0.18224388379204892 0.16765417940876653 0.18339067278287463 0.17434378185524974 0.18071483180428133 0.17950433231396534 0.17638251783893988 0.1825624362895005 0.172177624872579 0.18275356778797147
0 0.10594315245478035 0.18475452196382425 0.10239018087855296 0.18427002583979327 0.09835271317829458 0.18241279069767438 0.09584948320413435 0.17789082687338498 0.09536498708010335 0.1732881136950904 0.09722222222222222 0.16884689922480617 0.10109819121447028 0.16569767441860464 0.10578165374677002 0.1640019379844961 0.11191860465116278 0.16521317829457363 0.11571382428940566 0.1686046511627907 0.11724806201550389 0.17385335917312658 0.11676356589147284 0.17789082687338498 0.11329134366925066 0.18354328165374678
0 0.18043839468302664 0.15493992842535795 0.17634841513292437 0.1539813394683027 0.1732809304703477 0.152191973415133 0.17078859918200412 0.14880495910020458 0.1698939161554193 0.14535403885480577 0.17014953987730067 0.14151968302658494 0.17372827198364013 0.1365989263803682 0.18082183026584872 0.13461784253578737 0.18555086912065444 0.13525690184049088 0.18925741308793462 0.1378770449897751 0.19123849693251538 0.1412001533742332 0.19213317995910026 0.14541794478527612 0.19104677914110435 0.15027479550102257 0.1873402351738242 0.1542369631901841
0 0.07297149122807016 0.15614035087719294 0.06913377192982455 0.1545504385964912 0.06578947368421052 0.15158991228070176 0.0644736842105263 0.14709429824561404 0.06529605263157895 0.1413925438596491 0.06902412280701753 0.1375548245614035 0.0731907894736842 0.13607456140350874 0.07807017543859648 0.1362938596491228 0.0819627192982456 0.13788377192982454 0.0850328947368421 0.14205043859649122 0.08640350877192982 0.14682017543859646 0.08525219298245613 0.15131578947368418 0.08207236842105263 0.15449561403508769 0.07686403508771929 0.15624999999999997
0 0.06169059684684686 0.12890625 0.0577491554054054 0.12820242117117117 0.055144988738738736 0.12496480855855857 0.055144988738738736 0.12200872747747747 0.0565526463963964 0.1190526463963964 0.05929757882882884 0.11708192567567567 0.0643651463963964 0.11665962837837839 0.0676731418918919 0.11891188063063064 0.06886965090090091 0.12306447072072073 0.06703969594594594 0.1272170608108108
0 0.08153856981981981 0.12890625 0.07787865990990991 0.1272874436936937 0.07464104729729731 0.12461289414414414 0.0733741554054054 0.12067145270270271 0.07400760135135134 0.11560388513513513 0.07647100225225226 0.11180320945945946 0.07984938063063064 0.10969172297297299 0.08442426801801801 0.10842483108108107 0.09125140765765766 0.11018440315315317 0.09406672297297299 0.114477759009009 0.09540399774774774 0.11841920045045046 0.09448902027027027 0.12376829954954954 0.09132179054054054 0.12763935810810811 0.08660613738738739 0.12953969594594594
0 0.06394284909909911 0.10983248873873874 0.05788992117117118 0.10926942567567567 0.053244650900900914 0.10483530405405406 0.05190737612612613 0.10124577702702704 0.05183699324324325 0.09631897522522524 0.05507460585585586 0.09237753378378379 0.060142173423423435 0.08956221846846847 0.06654701576576577 0.08963260135135134 0.0713330518018018 0.09223676801801801 0.07372606981981981 0.09702280405405406 0.07309262387387387 0.10356841216216217 0.07119228603603604 0.10743947072072073 0.0672508445945946 0.10976210585585586
0 0.08730996621621621 0.1005419481981982 0.08343890765765766 0.09906390765765766 0.08020129504504506 0.09603744369369371 0.07886402027027027 0.09244791666666667 0.07893440315315314 0.0878026463963964 0.08167933558558559 0.08379082207207207 0.08681728603603604 0.08062359234234234 0.09209600225225226 0.08027167792792793 0.09737471846846847 0.08273507882882884 0.10004926801801801 0.08660613738738739 0.1005419481981982 0.09251829954954954 0.09814893018018019 0.09751548423423424 0.09420748873873874 0.10033079954954954 0.0881545608108108 0.10061233108108107
0 0.04871919584954604 0.08925097276264592 0.04393644617380026 0.08965629053177691 0.039315823605706866 0.08827821011673151 0.03737029831387808 0.08527885862516214 0.036721789883268484 0.08179312581063554 0.037937743190661476 0.07814526588845655 0.04174773022049287 0.07498378728923477 0.045314526588845654 0.07425421530479898 0.05001621271076526 0.07587548638132297 0.05269130998702984 0.07976653696498054 0.05309662775616083 0.08325226977950713 0.05269130998702984 0.08600843060959792
0 0.0640224358974359 0.08012820512820512 0.060096153846153834 0.07908653846153846 0.05705128205128206 0.07620192307692308 0.055448717948717946 0.07251602564102563 0.055528846153846144 0.06826923076923076 0.057932692307692296 0.06394230769230767 0.05985576923076923 0.06209935897435897 0.06482371794871794 0.06017628205128205 0.07123397435897434 0.06025641025641026 0.07556089743589743 0.06338141025641025 0.07796474358974359 0.07003205128205128 0.07588141025641025 0.07596153846153846 0.07203525641025642 0.07908653846153846 0.0671474358974359 0.08076923076923076
0 0.04976851851851851 0.06049382716049383 0.04220679012345678 0.06064814814814815 0.03788580246913582 0.058024691358024696 0.03510802469135803 0.054475308641975306 0.034722222222222224 0.05100308641975309 0.035339506172839506 0.047608024691358025 0.03726851851851851 0.044598765432098765 0.04050925925925925 0.04143518518518518 0.04699074074074075 0.04020061728395062 0.05277777777777777 0.042283950617283954 0.05578703703703704 0.046141975308641975 0.05655864197530864 0.05200617283950617 0.05601851851851851 0.055941358024691364
0 0.08294753086419752 0.0591820987654321 0.08001543209876544 0.057407407407407414 0.07623456790123456 0.05401234567901236 0.07569444444444444 0.05061728395061729 0.07546296296296297 0.04776234567901235 0.07731481481481482 0.043827160493827164 0.07924382716049383 0.041589506172839505 0.08325617283950618 0.039351851851851846 0.0890432098765432 0.03888888888888889 0.09467592592592591 0.04220679012345678 0.09737654320987653 0.04776234567901235 0.09645061728395063 0.053703703703703705 0.09290123456790124 0.05733024691358024 0.08850308641975309 0.05949074074074075
0 0.06280864197530864 0.0396604938271605 0.05825617283950617 0.037577160493827165 0.054938271604938284 0.03410493827160495 0.05478395061728396 0.028703703703703703 0.05586419753086418 0.024382716049382712 0.05964506172839505 0.02075617283950617 0.0658179012345679 0.019290123456790126 0.07191358024691358 0.020833333333333332 0.07554012345679012 0.025771604938271617 0.07646604938271605 0.030092592592592584 0.07515432098765432 0.0349537037037037 0.07145061728395062 0.03896604938271604 0.06628086419753085 0.040817901234567903
0 0.44487463126843657 0.7181969026548672 0.4480088495575221 0.7216076696165191 0.44902286135693215 0.7257558997050148 0.4481010324483776 0.7299963126843658 0.44413716814159293 0.7344210914454277 0.4402654867256637 0.7367256637168141 0.4357485250737463 0.736910029498525 0.43086283185840707 0.7351585545722713 0.42782079646017696 0.7319321533923303 0.4264380530973452 0.7249262536873157 0.42883480825958703 0.7203171091445427 0.4330752212389381 0.71672197640118 0.43943584070796454 0.7163532448377581
0 0.44442626527050605 0.6387979930191972 0.44606239092495625 0.6427246945898778 0.44671684118673644 0.6468695462478184 0.44475349040139617 0.6515597731239091 0.4416993891797556 0.6541775741710296 0.43515488656195456 0.6560318499127399 0.4298102094240837 0.6552683246073298 0.425665357766143 0.6513416230366492 0.42381108202443274 0.6456697207678882 0.42533813263525305 0.6396705933682373 0.42904668411867364 0.6356348167539266 0.4350458115183246 0.6344349912739964 0.44082678883071547 0.6355257417102966
0 0.4737674520069807 0.6324716404886561 0.47464005235602086 0.6377072425828969 0.47333115183246066 0.6427246945898778 0.46907722513089 0.6467604712041884 0.4627508726003489 0.6485056719022687 0.45696989528795806 0.6462150959860383 0.45391579406631755 0.6432700698080278 0.45304319371727747 0.6383616928446771 0.4529341186736474 0.6343259162303664 0.4547883944153577 0.6311627399650959 0.4579515706806282 0.6282177137870855 0.4649323734729493 0.6266906631762652 0.4711496509598604 0.6277814136125653
0 0.45358856893542754 0.6120746073298429 0.4544611692844677 0.6154559336823734 0.4544611692844677 0.6198189354275742 0.4527159685863874 0.6229821116928446 0.44835296684118664 0.6261452879581151 0.4421356893542757 0.6276723385689355 0.4364637870855148 0.625272687609075 0.43362783595113435 0.6203643106457242 0.4327552356020942 0.6143651832460733 0.4346095113438045 0.6094568062827225 0.43766361256544495 0.606620855148342 0.4425719895287958 0.6057482547993018 0.44857111692844676 0.606511780104712
0 0.48260253054101215 0.6050938045375218 0.4831479057591623 0.6098931064572425 0.48162085514834196 0.6138198080279231 0.4780213787085514 0.6174192844677137 0.47311300174520066 0.618946335078534 0.46624127399650955 0.6188372600349039 0.4620964223385689 0.6142561082024433 0.46056937172774864 0.6089114310645724 0.46296902268760903 0.6023669284467713 0.46645942408376956 0.5992037521815008 0.4743128272251308 0.5985493019197208 0.48020287958115176 0.5999672774869109
0 0.46144197207678883 0.5827334205933682 0.4627508726003489 0.5864419720767888 0.4627508726003489 0.5904777486910994 0.45936954624781845 0.5949498254799301 0.45511561954624774 0.5977857766143105 0.4490074171029668 0.5986583769633508 0.44442626527050605 0.5966950261780104 0.4420266143106457 0.5920047993019197 0.44126308900523553 0.5863328970331587 0.4426810645724258 0.5818608202443281 0.44693499127399644 0.5774978184991273 0.4534794938917975 0.576188917975567 0.45926047120418845 0.5782613438045374
0 0.4905650087260035 0.5765161431064572 0.49165575916230364 0.5807700698080278 0.4890379581151832 0.5870964223385688 0.48456588132635253 0.5909140488656195 0.4764943280977312 0.5915684991273996 0.4709315008726003 0.5878599476439791 0.4695135253054101 0.5834969458987783 0.4695135253054101 0.5779341186736474 0.47180410122164046 0.5734620418848168 0.4762761780104712 0.5700807155322861 0.48543848167539255 0.5702988656195462
0 0.46973167539267013 0.5547011343804537 0.4711496509598604 0.5585187609075043 0.4704952006980802 0.5634271378708551 0.4687499999999999 0.5675719895287957 0.4618782722513089 0.5710623909249563 0.45675174520069806 0.5709533158813263 0.4532613438045375 0.568989965095986 0.44998909249563696 0.5636452879581151 0.4495527923211169 0.5596095113438045 0.450643542757417 0.5541557591623036 0.45696989528795806 0.550119982547993 0.4632962478184991 0.5490292321116929
0 0.47921043417366943 0.8324579831932772 0.47934173669467783 0.8308823529411765 0.48021708683473385 0.8291316526610644 0.4818364845938375 0.8285189075630252 0.4844187675070028 0.8287377450980391 0.4856004901960784 0.8300945378151261 0.48573179271708683 0.8324142156862745 0.48424369747899154 0.8347776610644259 0.4816614145658263 0.8349964985994398 0.48030462184873945 0.8339898459383752
0 0.4810924369747899 0.8242296918767508 0.4812237394957983 0.8226540616246498 0.48240546218487396 0.8209908963585435 0.48384978991596633 0.8203781512605043 0.48555672268907557 0.8206845238095238 0.48726365546218486 0.8219975490196079 0.487438725490196 0.8242296918767508 0.4861694677871148 0.826111694677871 0.4844625350140056 0.82703081232493 0.4822303921568627 0.826374299719888
0 0.47063200280112044 0.828562675070028 0.4709383753501401 0.8269870448179272 0.4722951680672269 0.8252801120448179 0.4745273109243698 0.8248424369747899 0.4765843837535014 0.8258053221288516 0.47776610644257705 0.8277310924369748 0.47750350140056025 0.83031337535014 0.47597163865546216 0.8313637955182072 0.47352065826330525 0.8318014705882353 0.4715948879551821 0.8308823529411765
0 0.46376050420168063 0.8291754201680672 0.46288515406162467 0.8279499299719888 0.4624037114845938 0.8260679271708683 0.46288515406162467 0.8248424369747899 0.46424194677871145 0.823485644257703 0.4663427871148459 0.8231792717086835 0.4684873949579832 0.8243609943977591 0.46861869747899154 0.827687324929972 0.4672181372549019 0.8294817927170869 0.4652048319327731 0.8295693277310925
0 0.4722951680672269 0.8187149859943977 0.4729516806722689 0.8165266106442578 0.47391456582633057 0.8150385154061623 0.4758403361344538 0.8140756302521008 0.47820378151260506 0.8139880952380952 0.47995448179271705 0.8156074929971988 0.48087359943977587 0.8175770308123249 0.4807422969187675 0.8196341036414565 0.47929796918767503 0.8213848039215687 0.47684698879551823 0.8221288515406162 0.4748336834733893 0.8216036414565825 0.47382703081232486 0.8209033613445378
0 0.46489845938375346 0.8190213585434173 0.46489845938375346 0.8174019607843137 0.46581757703081234 0.8159138655462186 0.4675682773109243 0.8150822829131652 0.4698004201680672 0.8157387955182072 0.47141981792717086 0.8180584733893558 0.47036939775910364 0.8205969887955182 0.46826855742296913 0.8214723389355741 0.4666053921568627 0.8212097338935574 0.4654674369747899 0.8202906162464985
0 0.4699754901960784 0.8136379551820728 0.4686624649859944 0.8130689775910364 0.46743697478991597 0.8122373949579832 0.46717436974789917 0.8102240896358543 0.4676120448179271 0.8086922268907564 0.46892507002801115 0.807641806722689 0.47032563025210083 0.8073354341736696 0.4721638655462184 0.8079919467787116 0.4736519607843137 0.8098301820728291 0.47317051820728284 0.8123686974789915
0 0.4825805322128851 0.8150385154061623 0.4832370448179271 0.8137692577030812 0.48481267507002795 0.8124124649859943 0.48660714285714285 0.8127188375350141 0.48818277310924374 0.813375350140056 0.4893207282913165 0.8156950280112044 0.4880514705882353 0.8179709383753502 0.48525035014005596 0.8189775910364144 0.4834558823529412 0.8178834033613446 0.48266806722689076 0.8159138655462186
0 0.4871761204481792 0.8092612044817928 0.48739495798319327 0.8075542717086835 0.48853291316526615 0.8062412464985994 0.4904586834733893 0.8053658963585435 0.4923844537815125 0.8059786414565825 0.49347864145658266 0.8077731092436974 0.49304096638655454 0.8103553921568627 0.49054621848739494 0.8117559523809523 0.4884016106442577 0.8113182773109244
0 0.4783788515406162 0.8110119047619048 0.4772846638655462 0.8093049719887956 0.4770658263305322 0.8068539915966387 0.4773721988795518 0.8051032913165266 0.47921043417366943 0.8035714285714286 0.48179271708683474 0.8032650560224089 0.48415616246498594 0.805015756302521 0.4853378851540616 0.8078168767507002 0.4844187675070028 0.8102678571428571 0.48214285714285715 0.811624649859944 0.47991071428571425 0.8117997198879551
0 0.4705882352941176 0.8058473389355741 0.46953781512605036 0.8046656162464985 0.46896883753501395 0.8030024509803921 0.46923144257703076 0.8013392857142857 0.4705444677871148 0.8001137955182072 0.4730829831932773 0.7997198879551821 0.4748336834733893 0.8007703081232492 0.47562149859943975 0.8026085434173669 0.47492121848739494 0.8047531512605043 0.47317051820728284 0.8056285014005602
0 0.4741653924566769 0.7866016819571865 0.47537589194699287 0.7846266564729869 0.47824286442405706 0.7830338939857289 0.4815558103975534 0.7832250254841998 0.48448649337410815 0.7851363404689093 0.4851873088685015 0.7885767074413864 0.48384938837920494 0.7920807849133538 0.4806638634046891 0.794119520897044 0.47614041794087675 0.7928453109072376 0.4743565239551479 0.7909977064220184
0 0.4624426605504588 0.7853911824668706 0.46320718654434245 0.783479867482161 0.4645451070336391 0.7819508154943935 0.46760321100917435 0.7813774209989807 0.4700879204892967 0.782460499490316 0.4714895514780835 0.7841806829765545 0.4716806829765545 0.7866653924566769 0.47085244648318036 0.7893412334352703 0.468558868501529 0.7908065749235474 0.4647999490316005 0.7902968909276249 0.4627612130479103 0.7884492864424058
0 0.45957568807339444 0.782651630988787 0.4562627420998981 0.7829064729867482 0.4539691641182467 0.78125 0.4525675331294597 0.7793386850152905 0.4521215596330275 0.7767902650356779 0.4530772171253822 0.7745603975535168 0.4556893476044852 0.772394240570846 0.4589385830784912 0.7722668195718654 0.46135958205912325 0.7730313455657493 0.4628249235474006 0.7762805810397555 0.4632708970438328 0.7791475535168196 0.4619329765545361 0.7811225790010193
0 0.48805428134556583 0.7798483690112131 0.485059887869521 0.7797846585117229 0.4827025993883793 0.7787015800203873 0.48161952089704374 0.7767265545361877 0.48142838939857296 0.7736047400611621 0.4832122833843018 0.7715022935779817 0.48512359836901114 0.7705466360856269 0.4875445973496431 0.7703555045871561 0.4900293068297655 0.7718845565749236 0.49098496432212035 0.773987003058104 0.4908575433231397 0.7774273700305812
0 0.4786888379204892 0.7708651885830786 0.48028160040774726 0.7729039245667686 0.4805364424057084 0.7751975025484199 0.47970820591233443 0.778000764525994 0.47786060142711523 0.7797846585117229 0.47518476044852187 0.7802943425076453 0.4719992354740062 0.7799120795107033 0.4695145259938838 0.778829001019368 0.46887742099898067 0.7772999490316005 0.46830402650356784 0.7749426605504588 0.468558868501529 0.772394240570846 0.4702790519877675 0.7708651885830786 0.4728274719673802 0.7693361365953109 0.47563073394495403 0.7694635575942915
0 0.4676669215086647 0.7553835372069316 0.4703427624872578 0.7578045361875636 0.4714895514780835 0.7611811926605505 0.4714895514780835 0.7640481651376146 0.47015163098878704 0.7664054536187563 0.467539500509684 0.7684441896024464 0.46524592252803265 0.7691450050968399 0.4620603975535168 0.7692087155963302 0.4595119775739041 0.7681893476044852 0.45760066258919474 0.7660231906218146 0.4562627420998981 0.7628376656472987 0.45689984709480125 0.760098114169215 0.45811034658511723 0.7581867991845056 0.45983053007135577 0.7561480632008155 0.46371687054026495 0.7551924057084608
0 0.4918769113149847 0.7579956676860347 0.49257772680937817 0.7607989296636085 0.49149464831804285 0.763920744138634 0.4886913863404688 0.7664054536187563 0.48627038735983696 0.7674885321100917 0.4818106523955148 0.7674248216106014 0.4786888379204892 0.7660869011213047 0.47582186544342503 0.7624554026503568 0.4760767074413864 0.7590150356778796 0.4765226809378186 0.75704001019368 0.4784339959225281 0.7541730377166156 0.48212920489296623 0.7523891437308867 0.48684378185524985 0.7523891437308867 0.49060270132517836 0.7549375637104995
0 0.4786888379204892 0.7434696738022425 0.4781154434250764 0.7465277777777777 0.4763315494393476 0.7492036187563711 0.47429281345565755 0.7508600917431193 0.4709161569826707 0.7516246177370031 0.46645642201834864 0.7510512232415902 0.4638442915392456 0.7491399082568807 0.4628249235474006 0.7474197247706422 0.46218781855249746 0.7439793577981653 0.4628249235474006 0.7410486748216105 0.4646725280326198 0.738500254841998 0.46779434250764534 0.7365889398572885 0.4721266564729867 0.7361429663608563 0.4750573394495412 0.7376083078491334 0.4779880224260957 0.7408575433231397
0 0.49558550185873607 0.7531753407682775 0.4941914498141263 0.7510842627013631 0.4931071871127633 0.7487608426270136 0.4928748451053284 0.746282527881041 0.49434634448574966 0.7424101610904585 0.4965148698884758 0.7407063197026024 0.49984510532837667 0.7398543990086741 0.5041821561338291 0.7406288723667906 0.5061957868649318 0.7422552664188352 0.5081319702602232 0.7446561338289964 0.5081319702602232 0.7482961586121437 0.50751239157373 0.7510842627013631 0.5049566294919454 0.7535625774473359 0.5027881040892194 0.7547242874845106 0.49961276332094184 0.7549566294919454
0 0.48977695167286245 0.7317998760842627 0.4914807930607187 0.7345879801734819 0.491403345724907 0.7383054522924412 0.48915737298636924 0.7410161090458488 0.4862918215613382 0.7415582403965304 0.4831939281288724 0.7408612143742255 0.4812577447335811 0.7398543990086741 0.4800960346964064 0.7375309789343246 0.4804058240396531 0.7340458488228004 0.481954770755886 0.7316449814126395 0.48489776951672864 0.7307156133828996
0 0.47700320512820504 0.7284455128205128 0.4735576923076923 0.7272435897435897 0.4712339743589743 0.7249999999999999 0.4700320512820512 0.721474358974359 0.47019230769230763 0.7172275641025639 0.4737980769230769 0.7127403846153846 0.47924679487179483 0.7116987179487179 0.4834935897435897 0.712900641025641 0.4866185897435897 0.7148237179487179 0.48790064102564096 0.7174679487179486 0.48814102564102557 0.7209134615384615 0.48677884615384615 0.7238782051282051 0.48477564102564097 0.7266826923076922 0.4815705128205128 0.7286057692307691
0 0.4963164251207729 0.719987922705314 0.49915458937198065 0.7185386473429951 0.5035024154589371 0.718719806763285 0.5069444444444444 0.7195048309178743 0.508816425120773 0.7219202898550724 0.509963768115942 0.7253623188405796 0.5088768115942028 0.7287439613526568 0.5071256038647343 0.7308574879227052 0.504830917874396 0.7326086956521739 0.5007850241545893 0.7330314009661835 0.4971014492753623 0.7323067632850241 0.4942028985507246 0.7294685990338163 0.49371980676328503 0.7258454106280193 0.4942028985507246 0.7229468599033816
0 0.492391304347826 0.7162439613526569 0.48943236714975835 0.714975845410628 0.48804347826086947 0.7123188405797101 0.4882850241545893 0.7095410628019323 0.48931159420289844 0.7080314009661834 0.491183574879227 0.706099033816425 0.49462560386473425 0.7057367149758453 0.497463768115942 0.7063405797101449 0.5003019323671497 0.7097826086956521 0.49993961352657 0.7135265700483091 0.4972826086956521 0.7159420289855072
0 0.5011473429951689 0.707367149758454 0.5004227053140096 0.7045893719806763 0.5003019323671497 0.7013285024154589 0.5022946859903381 0.6981884057971014 0.5052536231884057 0.6963164251207729 0.509903381642512 0.6964975845410627 0.5140700483091787 0.6977053140096617 0.5164855072463768 0.7016304347826087 0.5160024154589371 0.7059178743961352 0.5141304347826087 0.7088768115942028 0.5106884057971014 0.7103260869565217 0.5076086956521738 0.7108091787439612 0.5050724637681159 0.7100845410628018
0 0.4948283450704226 0.6916446596244132 0.4953418427230048 0.6962661384976527 0.492774354460094 0.7016945422535211 0.48851965962441324 0.7037485328638499 0.4830912558685446 0.7035284624413146 0.47883656103286387 0.7004474765258216 0.47729606807511743 0.6968529929577465 0.4775161384976527 0.6917913732394367 0.4805237676056339 0.6880501760563381 0.48580545774647893 0.6866563967136151 0.49101379107981225 0.6882702464788732
0 0.5099969474969476 0.676510989010989 0.5080891330891331 0.6735347985347985 0.5074023199023198 0.6688797313797313 0.5088522588522589 0.6656746031746033 0.5116758241758242 0.6626221001221001 0.5167124542124543 0.660866910866911 0.5205280830280831 0.661553724053724 0.5243437118437119 0.6648351648351648 0.5262515262515263 0.6683455433455433 0.5254884004884006 0.6730006105006104 0.5237332112332113 0.676510989010989 0.5203754578754579 0.679029304029304 0.5151862026862026 0.6791056166056165 0.5122100122100123 0.678113553113553
0 0.49213980463980456 0.6628510378510378 0.49175824175824173 0.6606379731379731 0.49229242979242976 0.6574328449328449 0.4948107448107447 0.6543803418803418 0.4986263736263735 0.6536172161172161 0.5033577533577533 0.6562881562881563 0.5046550671550672 0.6612484737484737 0.5021367521367521 0.6659798534798534 0.4986263736263735 0.6668956043956045 0.4954212454212454 0.6662851037851039
0 0.5248015873015873 0.6572802197802198 0.5251068376068375 0.6549145299145298 0.5268620268620269 0.6523962148962149 0.5313644688644689 0.651633089133089 0.5338827838827839 0.6538461538461537 0.5341880341880343 0.6574328449328449 0.5328907203907204 0.660866910866911 0.5281593406593408 0.6613247863247864 0.526098901098901 0.6600274725274725
0 0.519612332112332 0.644612332112332 0.5176282051282052 0.6419413919413919 0.5172466422466423 0.6385836385836385 0.5175518925518926 0.6353785103785103 0.5190018315018314 0.6324023199023198 0.5222832722832722 0.6295024420024421 0.5280067155067155 0.6288156288156288 0.5328907203907204 0.6303418803418803 0.5360958485958486 0.6345390720390721 0.5366300366300366 0.6400335775335776 0.5331959706959706 0.6448412698412699 0.5289224664224664 0.646978021978022 0.5248778998778999 0.6471306471306472
0 0.5003815628815628 0.6501831501831502 0.49740537240537247 0.6489621489621489 0.49526862026862034 0.6457570207570207 0.4949633699633699 0.6425518925518926 0.49595543345543336 0.6393467643467644 0.4983211233211233 0.6367521367521368 0.5019841269841269 0.6356837606837608 0.5071733821733821 0.637057387057387 0.5096153846153846 0.6417124542124543 0.5094627594627595 0.646443833943834 0.507554945054945 0.6496489621489622
0 0.5061177248677249 0.6329916225749559 0.5046847442680776 0.630731922398589 0.5045745149911817 0.6280864197530864 0.5055665784832452 0.6262125220458553 0.5071097883597884 0.6248346560846562 0.5102513227513228 0.6244488536155203 0.5132826278659611 0.6259920634920635 0.513613315696649 0.6300705467372134 0.511739417989418 0.6332671957671958 0.5087081128747796 0.6337632275132276
0 0.5078041264737406 0.6037312433011791 0.5060624330117899 0.6021235262593784 0.5047226688102895 0.598573151125402 0.5049906216505895 0.5945538585209003 0.5067993033226152 0.5914054126473741 0.5099477491961415 0.5891278135048232 0.5145029474812433 0.588658896034298 0.51845525187567 0.5897307073954985 0.5220056270096463 0.5932810825294748 0.5230774383708467 0.5966304930332262 0.5216036977491961 0.6011856913183279 0.5190581457663451 0.6043341371918542 0.513833065380493 0.6057408896034298
0 0.5287583056478405 0.5729166666666666 0.5284814507198228 0.5792151162790697 0.5253668327796235 0.5836447951273533 0.5183070321151717 0.585375138427464 0.512562292358804 0.5833679401993356 0.5107627353266888 0.579422757475083 0.5103474529346622 0.575062292358804 0.512077796234773 0.571186323366556 0.5160921926910299 0.5677256367663344 0.5232212070874862 0.5671719269102989
0 0.5473958333333333 0.5960069444444444 0.5479166666666667 0.5989583333333333 0.5467013888888889 0.6038773148148148 0.5429976851851851 0.6072916666666666 0.5375578703703703 0.6085069444444444 0.5316550925925926 0.606886574074074 0.5291666666666667 0.6035300925925926 0.5284143518518518 0.5997685185185184 0.5284722222222222 0.5960069444444444 0.5305555555555556 0.5924189814814814 0.5355324074074074 0.5895833333333332 0.5421296296296296 0.5898726851851851
0 0.556432379349046 0.5828072390572391 0.555871212121212 0.5870159932659933 0.5534862514029181 0.5890502244668911 0.5496983726150393 0.5894009539842874 0.5473134118967453 0.5883487654320987 0.5454896184062851 0.5854727833894501 0.5460507856341189 0.5815446127946128 0.5481551627384961 0.5796506734006734 0.5529250841750842 0.579790965207632
0 0.5575547138047138 0.5640782828282828 0.5566428170594837 0.5684974747474748 0.5542578563411896 0.5725659371492705 0.5466820987654322 0.5744598765432098 0.5402286756453423 0.571513748597082 0.5379138608305275 0.5663229517396184 0.5389660493827161 0.5604306958473625 0.541912177328844 0.5573442760942761 0.5474537037037037 0.5555906285072952 0.5543280022446688 0.5576248597081931 0.5567831088664422 0.5602904040404041
0 0.5354587542087542 0.554047418630752 0.5358094837261504 0.5597292368125701 0.5318813131313131 0.5643588664421998 0.5262696408529742 0.5651304713804715 0.52206088664422 0.5635171156004489 0.5193953423120089 0.5590277777777778 0.5200266554433222 0.5545384399551067 0.5239548260381593 0.5507505611672279 0.5276024130190797 0.5496983726150393 0.5328633557800224 0.5511714365881033
0 0.5301490514905148 0.8310890921409214 0.5304878048780487 0.8335027100271003 0.5284552845528455 0.83545054200542 0.5258722899728997 0.83545054200542 0.5238397696476965 0.8343072493224933 0.5234586720867208 0.8329522357723577 0.524220867208672 0.8307503387533874 0.5254488482384824 0.8298187669376693 0.5276507452574525 0.8296493902439024
0 0.5400575880758807 0.8347306910569107 0.5388296070460704 0.8363821138211383 0.5385331978319783 0.8387110433604337 0.5400575880758807 0.8401507452574526 0.5423865176151762 0.8405318428184281 0.5450118563685636 0.8390497967479674 0.5455199864498645 0.8366785230352304 0.5445460704607046 0.8348577235772358 0.5426405826558265 0.8342649051490514
0 0.5420037756202806 0.8323894282632147 0.5409250269687164 0.8308050161812298 0.5407901833872708 0.8292880258899676 0.5412621359223301 0.82763619201726 0.5431499460625674 0.82665857605178 0.5467233009708738 0.8272316612729234 0.5473300970873787 0.8300970873786407 0.5467233009708738 0.8322208737864079 0.5435207659115426 0.8328276699029126
0 0.5334074973031284 0.8286138079827401 0.5333063646170443 0.8267934196332254 0.5340142934196332 0.825074163969795 0.5366437432578209 0.8241302588996765 0.5386326860841424 0.8249730312837109 0.5396103020496225 0.8274002157497303 0.5388686623516721 0.8297936893203884 0.5369471413160734 0.830467907227616 0.5349244875943905 0.8304341963322547 0.5337446062567422 0.8297936893203884
0 0.5295981661272923 0.8285126752966558 0.527002427184466 0.828074433656958 0.5257888349514562 0.8264563106796118 0.5255528586839266 0.8250404530744337 0.5261933656957929 0.8233211974110033 0.5275418015102481 0.8222424487594392 0.5298678532901834 0.8222424487594392 0.531081445523193 0.8222087378640777 0.532396170442287 0.8233211974110033 0.5328007011866236 0.8247707659115426 0.5321939050701187 0.8266922869471413
0 0.5323464912280702 0.8189875730994153 0.5296052631578948 0.8184393274853802 0.5280519005847953 0.8170687134502923 0.5285087719298246 0.8146929824561404 0.5301535087719299 0.812591374269006 0.5324378654970761 0.8126827485380118 0.5346308479532165 0.8149671052631579 0.5346308479532165 0.817251461988304
0 0.5392909356725146 0.821454678362573 0.5362755847953217 0.8202668128654971 0.5356359649122807 0.8183479532163743 0.5360014619883041 0.8158808479532164 0.537920321637427 0.8147843567251463 0.540296052631579 0.814875730994152 0.5423976608187135 0.8165204678362573 0.5422149122807018 0.8189875730994153 0.5410270467836258 0.8207236842105263
0 0.5437670299727521 0.8214691189827429 0.5432561307901907 0.8201634877384197 0.5437102633969119 0.8184037238873751 0.5458673932788374 0.8169845594913716 0.5481380563124432 0.8170980926430518 0.5498978201634878 0.8189713896457766 0.5496707538601272 0.822320617620345 0.5471730245231607 0.8235127157129881 0.5454132606721163 0.8232856494096276
0 0.5346567085953878 0.8112224842767296 0.5326585429769392 0.8110914570230608 0.5312827568134172 0.8103052935010482 0.5303983228511531 0.8086346960167714 0.5305948637316562 0.8070951257861636 0.5316103249475891 0.8057520964360587 0.5332809224318659 0.8049986897274634 0.5349187631027253 0.8052935010482181 0.5365893605870021 0.8063744758909852 0.5368514150943396 0.8082743710691824 0.5365566037735848 0.8095191299790356 0.5358031970649896 0.8105673480083857
0 0.54132326007326 0.813701923076923 0.5392628205128205 0.8129578754578755 0.5382898351648351 0.8114125457875458 0.5383470695970696 0.8093521062271062 0.5396062271062272 0.8076923076923077 0.5414377289377289 0.8072344322344324 0.5433264652014652 0.8077495421245421 0.5445283882783883 0.8100389194139194 0.5441277472527473 0.8119848901098901 0.5434409340659341 0.8130723443223443
0 0.5491071428571429 0.8156478937728938 0.5467605311355311 0.8152472527472527 0.5461309523809524 0.8134157509157508 0.5460164835164835 0.8114125457875458 0.5467032967032968 0.8099816849816851 0.5490499084249084 0.809581043956044 0.5513392857142857 0.8102678571428572 0.5519688644688645 0.8130723443223443 0.5514537545787546 0.8150755494505495
0 0.5518410852713179 0.8054748062015503 0.5479651162790697 0.804828811369509 0.5459463824289406 0.8028100775193798 0.5453811369509044 0.7999031007751938 0.5468346253229974 0.7962693798449613 0.5507913436692506 0.795219638242894 0.5541020671834626 0.7959463824289407 0.555797803617571 0.7978843669250646 0.5566860465116279 0.8010335917312661 0.5558785529715762 0.8036983204134367
0 0.5331935975609756 0.7973958333333334 0.5332190040650406 0.7959222560975611 0.5339557926829268 0.7938389227642277 0.5354039634146341 0.7922891260162601 0.5373094512195121 0.7915015243902439 0.5400279471544716 0.7916031504065041 0.5423907520325203 0.7926956300813008 0.5441183943089432 0.7944740853658537 0.5443978658536586 0.7972942073170731 0.542771849593496 0.8003683943089431 0.5401549796747968 0.8017149390243902 0.5366742886178861 0.8012830284552845 0.5343622967479675 0.8000635162601627
0 0.5252431350114417 0.7976020213577422 0.5246233790999237 0.7959811212814646 0.5248617467581999 0.7941218535469109 0.5260059115179252 0.792882341723875 0.5277698321891686 0.7924532799389779 0.5295814263920672 0.7924532799389779 0.5311069794050344 0.7944555682684974 0.5304395499618612 0.7972683066361556 0.5287709763539283 0.7986031655225019 0.5266256674294432 0.7986508390541571
0 0.5523857526881719 0.7926411290322579 0.5505040322580644 0.791162634408602 0.5490927419354839 0.7879368279569893 0.5494959677419354 0.7855846774193547 0.5511088709677419 0.7834341397849461 0.5547379032258064 0.7822916666666667 0.5589045698924731 0.7837029569892472 0.5605174731182795 0.7867943548387095 0.559375 0.7910954301075268 0.5571572580645161 0.7927083333333333
0 0.5398618957940992 0.7887241054613936 0.5377040175768989 0.7870762711864407 0.5368016321406152 0.7850360954174513 0.537154739485248 0.7826820464532328 0.5380963590709353 0.7811911487758946 0.5402150031387319 0.7794648462021343 0.5435891399874451 0.7796217827997489 0.5464139987445072 0.7818188951663528 0.5470417451349655 0.7854284369114878 0.5459824231010673 0.7870762711864407 0.5433145009416196 0.7888418079096046 0.5414704959196485 0.7890772128060264
0 0.5270629084967321 0.7867647058823529 0.5272671568627452 0.7855392156862745 0.5283905228758169 0.7840413943355119 0.5299564270152505 0.7834286492374727 0.5317606209150327 0.7839052287581699 0.5328839869281046 0.7855732570806099 0.5329520697167757 0.7880582788671024 0.5305351307189542 0.7895220588235293 0.5286288126361656 0.7891816448801743 0.5277777777777778 0.788500816993464
0 0.5299156962639495 0.7818261766132945 0.5292485443959243 0.7808254488112566 0.5289756186317321 0.7792788694808346 0.5296427704997574 0.7774896894711305 0.5307344735565259 0.7767618874332848 0.5324933284813198 0.7768225376031053 0.5343734837457544 0.7777322901504125 0.5347980349344978 0.7796427704997574 0.5340399078117418 0.781644226103833 0.5323113779718583 0.7825843037360504
0 0.534139100932994 0.7706212892281595 0.5336620016963529 0.7688189143341815 0.5338210347752332 0.7653731976251059 0.5349342663273962 0.7634117896522477 0.5380619168787107 0.7609202714164547 0.5412425784563188 0.7608672603901612 0.5444762510602205 0.7615033927056828 0.5473918575063613 0.7643129770992366 0.5477099236641221 0.7681297709923665 0.5458545377438507 0.771575487701442 0.5432569974554707 0.7735368956743003 0.5379558948261238 0.7736959287531806 0.5355173876166243 0.7725296861747243
0 0.5511103479853481 0.7767857142857143 0.549908424908425 0.7746108058608059 0.5494505494505495 0.771863553113553 0.550309065934066 0.7687728937728938 0.5520260989010989 0.7669986263736264 0.5552312271062272 0.765625 0.559466575091575 0.7661401098901098 0.5620421245421245 0.7673992673992674 0.5634729853479854 0.7715773809523809 0.5628434065934066 0.7750686813186812 0.5598672161172161 0.7777586996336997 0.555746336996337 0.7787316849816851
0 0.5412946428571429 0.7574208959899749 0.5396107456140351 0.7560894423558897 0.5382792919799498 0.7537006578947368 0.5380443295739348 0.7515859962406014 0.5387100563909775 0.7487272869674185 0.5403939536340852 0.7465734649122806 0.5430960213032581 0.7452811716791979 0.5463854949874687 0.7450853696741855 0.5494008458646616 0.7457902568922306 0.5518679511278196 0.748688126566416 0.5522987155388471 0.752095081453634 0.5510847431077693 0.7553845551378446 0.5483043546365914 0.7572250939849623 0.545406484962406 0.75828242481203
0 0.554927414852038 0.7563860971524289 0.5553461753210498 0.7541527079843664 0.5566373534338359 0.7521635957565607 0.559429089893914 0.7514307649357901 0.5621859296482412 0.7519193188163038 0.563965661641541 0.7534547738693468 0.564140145170296 0.7574329983249581 0.5625000000000001 0.7598408710217756 0.5599874371859297 0.7607132886655501 0.5572305974316025 0.7600851479620325 0.5557998324958124 0.759142936906756
0 0.5643309158134243 0.747813566552901 0.564224260523322 0.7459293230944255 0.5646864334470989 0.7440095278725825 0.5666773321956768 0.742125284414107 0.5698414391353811 0.7414498009101251 0.5725078213879408 0.7427652161547212 0.5735743742889647 0.7451116325369738 0.5731833048919226 0.7486668088737202 0.57097909556314 0.7504799488054608 0.5687037827076222 0.7508710182025028 0.5665706769055745 0.7503021899886234
0 0.5571850113765642 0.7463914960182024 0.5550519055745166 0.7453960466439136 0.5534520762229806 0.7426941126279862 0.5535942832764504 0.7404899032992036 0.5545897326507394 0.7386412116040956 0.5563317690557451 0.7375035551763367 0.5587137372013652 0.7371124857792946 0.5612023606370875 0.7381079351535836 0.562695534698521 0.7400988339021616 0.5629443970420933 0.7426585608646189 0.5616645335608647 0.7450760807736063 0.5588559442548351 0.7464981513083049
0 0.5456856955380578 0.7417158792650919 0.5435531496062993 0.7412647637795277 0.5417896981627297 0.739255249343832 0.5412155511811024 0.7373687664041995 0.5415436351706038 0.7355643044619423 0.5428969816272966 0.7337188320209974 0.5449064960629922 0.7326525590551182 0.5474491469816274 0.7327345800524935 0.5499097769028872 0.7344160104986877 0.5510580708661418 0.7376558398950132 0.5499507874015748 0.7399114173228347 0.5480232939632547 0.7414698162729659
0 0.5461272040302266 0.7249160369437447 0.5428211586901763 0.7240239294710328 0.5415092359361882 0.7216099916036944 0.5410369437447523 0.7192485306465155 0.5418765743073047 0.7164672544080605 0.5438182199832073 0.7145256087321578 0.5469668345927791 0.7141582703610412 0.5505877413937867 0.715837531486146 0.5523194794290511 0.7190910999160369 0.5513748950461798 0.7222921914357683 0.5498005877413938 0.7242863140218304
0 0.5546284634760705 0.7343618807724601 0.5515323257766582 0.7327875734676742 0.5506402183039463 0.7303211586901763 0.5507976490344249 0.7273824517212426 0.5522670025188917 0.7248635600335852 0.555468094038623 0.7236041141897566 0.5587216624685138 0.7243387909319898 0.5613455079764903 0.7272250209907641 0.5617653232577665 0.7304785894206549 0.5603484466834592 0.733049958018472 0.5581444164567589 0.7344143576826195
0 0.5684830282227308 0.7389159038901602 0.5652889016018307 0.7376287185354692 0.563668001525553 0.735054347826087 0.5635249809305873 0.7319078947368421 0.5653842486651411 0.7291905034324943 0.5683876811594203 0.7281893592677345 0.571724828375286 0.728475400457666 0.574013157894737 0.7311927917620138 0.5743468726163234 0.7341962242562929 0.5736317696414951 0.7371519832189168 0.5711527459954233 0.7385821891685737
0 0.5865625 0.7737847222222222 0.587673611111111 0.7761458333333332 0.587673611111111 0.7783680555555555 0.5855902777777777 0.7798263888888889 0.5831597222222222 0.7804513888888889 0.5810763888888889 0.7796180555555555 0.5797569444444444 0.7776041666666665 0.5802430555555556 0.7753125 0.5819791666666667 0.7733680555555555 0.5844097222222222 0.7730208333333333
0 0.5892013888888888 0.7657291666666667 0.5900347222222222 0.7683680555555555 0.5894097222222222 0.7705902777777778 0.5870486111111111 0.7715624999999999 0.584548611111111 0.7710069444444445 0.582673611111111 0.7692708333333333 0.5827430555555555 0.7666319444444444 0.5838541666666667 0.7648263888888889 0.5860763888888889 0.7640625 0.5881597222222222 0.7646180555555555
0 0.5926592495636998 0.7533267888307155 0.5897142233856894 0.7535449389179755 0.587696335078534 0.7516361256544503 0.5870964223385688 0.7492910122164048 0.587969022687609 0.7470549738219895 0.5902050610820243 0.7456915357766142 0.5924956369982547 0.7455824607329842 0.5949498254799301 0.7466732111692844 0.5960405759162303 0.7495636998254799 0.5952770506108203 0.7525087260034904
0 0.59418630017452 0.744164485165794 0.5913503490401395 0.7424192844677137 0.5910776614310645 0.7405650087260034 0.5918411867364747 0.7382198952879581 0.5948407504363001 0.7373472949389179 0.5974585514834205 0.7391470331588131 0.5976767015706805 0.7420375218150087 0.5963678010471204 0.7438372600349039
0 0.5951827757125155 0.7728469640644361 0.5981257744733581 0.7747057001239157 0.5989776951672862 0.7788104089219331 0.59727385377943 0.7805916976456009 0.5941759603469641 0.7814436183395291 0.5921623296158611 0.7806691449814125 0.591078066914498 0.7788878562577448 0.59022614622057 0.7762546468401487 0.5912329615861215 0.7744733581164807
0 0.5979645593869732 0.7710488505747126 0.5954741379310345 0.7708572796934866 0.5938457854406131 0.7692289272030651 0.593366858237548 0.766977969348659 0.593941570881226 0.7650622605363985 0.5956178160919541 0.76352969348659 0.5983955938697318 0.7630028735632184 0.5997844827586207 0.7636254789272031 0.6015086206896553 0.7659243295019157 0.6020354406130268 0.76875 0.5998323754789272 0.7707136015325671
0 0.6007793398533008 0.7614863488182559 0.5976721678891606 0.7604676039119804 0.5965515484922576 0.7589394865525673 0.5963987367563163 0.7559851263243683 0.5980796658516707 0.7536929502852485 0.6008812143439283 0.7531835778321109 0.6035299511002444 0.7542023227383863 0.6047524449877751 0.7570548084759576 0.6041921352893236 0.7597035452322739
0 0.5982324775876121 0.7479370415647921 0.5982324775876121 0.7458486145069275 0.5997096577017115 0.7434036267318663 0.6028168296658517 0.7424867563162184 0.6049052567237164 0.7438111246943765 0.6064333740831296 0.7462561124694377 0.6059240016299918 0.7495160961695191 0.6030715158924206 0.7509423390383049 0.6003718418907905 0.7504839038304809
0 0.6060750636132316 0.7514312977099237 0.6074003392705682 0.7502650551314674 0.6094147582697201 0.75 0.6118002544529262 0.7518553859202715 0.6116412213740458 0.754187871077184 0.609626802374894 0.7560962680237489 0.6062871077184054 0.7552480916030534 0.6057039864291772 0.7531806615776081
0 0.6274769272529859 0.7615024429967426 0.6284269815418023 0.7585165580890337 0.6308699782844734 0.7559378393051032 0.6348737785016286 0.7553270901194354 0.6392168838219328 0.7573629207383279 0.6399633550488599 0.7615703040173725 0.6383346905537459 0.7654383821932682 0.6356202497285559 0.7672027687296417 0.6304628121606949 0.7670670466883822 0.6284948425624322 0.7650312160694898
0 0.625173034330011 0.7760589700996677 0.6261420265780732 0.7731519933554818 0.6298103543743078 0.7705218715393133 0.6337555370985604 0.7706602990033223 0.6373546511627907 0.7727367109634551 0.6380467884828349 0.7760589700996677 0.6369393687707641 0.7791735880398671 0.6336171096345515 0.7820113510520487 0.6284952934662237 0.7819421373200443 0.6255883167220376 0.7791043743078627
0 0.6465600775193798 0.7774432447397563 0.6410229789590254 0.7757821151716501 0.6388081395348837 0.7718369324473975 0.6401232004429679 0.7675456810631229 0.6423380398671096 0.7653308416389812 0.6462140088593578 0.7645694905869325 0.6508513289036545 0.7666459025470653 0.6524432447397563 0.7707295127353267 0.6506436877076411 0.775297619047619
0 0.6354166666666666 0.7876868770764119 0.6371470099667774 0.7840185492801772 0.6401924141749723 0.7816652823920266 0.6453834440753046 0.781734496124031 0.6479443521594684 0.7839493355481728 0.6493978405315614 0.7879637320044296 0.6469753599114064 0.7918397009966777 0.6425456810631229 0.7932239756367664 0.6390849944629015 0.7928779069767441 0.6360395902547065 0.7896248615725359
0 0.6772559852670349 0.7735957642725597 0.6790400552486188 0.7727325046040515 0.681457182320442 0.7724447513812155 0.6824930939226519 0.7734806629834254 0.6833563535911602 0.7756100368324124 0.6831261510128913 0.7778545119705341 0.6815147329650092 0.7787753222836096 0.6792127071823204 0.7790630755064456 0.6771984346224676 0.7781998158379373 0.6770257826887661 0.7763006445672191
0 0.6792127071823204 0.7826312154696132 0.6808241252302025 0.7805018416206261 0.6826081952117863 0.7799263351749538 0.6842771639042357 0.7803867403314917 0.685658379373849 0.7815953038674033 0.6858885819521178 0.7840124309392263 0.6845649171270718 0.7859116022099447 0.6818024861878452 0.7861993554327809 0.6800184162062615 0.7856813996316758
0 0.6869244935543277 0.7777969613259669 0.6887661141804787 0.7758402394106813 0.6917587476979742 0.7756100368324124 0.6938305709023941 0.7772214548802946 0.694060773480663 0.7800414364640883 0.6917011970534069 0.7822859116022098 0.6883057090239411 0.7821132596685083 0.6870971454880295 0.7800989871086557
0 0.6898020257826887 0.7880409760589318 0.6905501841620625 0.7856813996316758 0.6929097605893185 0.784127532228361 0.6950391344383057 0.7844152854511971 0.6968232044198894 0.7856813996316758 0.6971109576427256 0.7885013812154696 0.6956721915285451 0.7910336095764272 0.6924493554327807 0.791494014732965 0.6901473296500921 0.7897099447513812
0 0.6863489871086556 0.7936809392265193 0.6839894106813996 0.7937384898710865 0.6826657458563535 0.7924148250460404 0.6822053406998158 0.7903430018416205 0.6826657458563535 0.7890193370165746 0.6842771639042357 0.7878683241252301 0.6867518416206261 0.7874079189686924 0.6883057090239411 0.7882136279926335 0.6891114180478821 0.7900552486187845 0.6888812154696132 0.7925299263351749
0 0.6881330570902393 0.8016804788213627 0.6853130755064456 0.8008747697974217 0.6845073664825045 0.7990906998158379 0.6850828729281767 0.797018876611418 0.6868669429097605 0.795465009208103 0.6895718232044198 0.795465009208103 0.691470994475138 0.7964433701657457 0.6919889502762431 0.7985727440147329 0.690377532228361 0.8008172191528544
0 0.694348526703499 0.7986302946593001 0.6926795580110497 0.7970764272559853 0.6929097605893185 0.7946017495395948 0.694060773480663 0.7936233885819519 0.6964779005524862 0.7925874769797422 0.6988950276243093 0.7947168508287292 0.6988950276243093 0.7973641804788213 0.6976289134438306 0.7990331491712707 0.6962476979742173 0.7992633517495394
0 0.6869244935543277 0.8053061694290975 0.6887661141804787 0.8034069981583793 0.6915860957642724 0.8031192449355432 0.6936003683241251 0.8051335174953959 0.6933701657458563 0.8071477900552485 0.6926795580110497 0.8086441068139962 0.690665285451197 0.80939226519337 0.6881330570902393 0.8091620626151012 0.6874424493554327 0.8075506445672191
0 0.6950391344383057 0.8034645488029466 0.6959023941068139 0.8012200736648251 0.6975713627992632 0.8001841620626151 0.7001611418047882 0.8008172191528544 0.701715009208103 0.8028314917127071 0.7009668508287292 0.8055939226519335 0.6999309392265193 0.8066873848987108 0.69722605893186 0.8067449355432781 0.695384438305709 0.8058241252302024
0 0.6394817073170732 0.7259654471544716 0.6388719512195122 0.7211890243902439 0.6403963414634146 0.7163109756097562 0.6453760162601626 0.7131605691056913 0.6521849593495936 0.713770325203252 0.6559451219512196 0.7178353658536586 0.6564532520325204 0.7241361788617886 0.6539126016260163 0.7284044715447155 0.6470020325203253 0.7302337398373984 0.6421239837398376 0.7286077235772359
0 0.6151930894308943 0.716107723577236 0.6165142276422766 0.7116361788617886 0.6192581300813009 0.708079268292683 0.6254573170731709 0.7064532520325203 0.6304369918699186 0.7084857723577236 0.6333841463414636 0.71244918699187 0.6332825203252033 0.7186483739837399 0.629319105691057 0.7227134146341463 0.6232215447154472 0.7238313008130083 0.618038617886179 0.7213922764227643
0 0.5921239837398373 0.7085873983739839 0.5935467479674796 0.7040142276422766 0.5989329268292684 0.6997459349593497 0.6061483739837399 0.7007621951219513 0.6104166666666667 0.7045223577235773 0.6108231707317073 0.7107215447154472 0.606758130081301 0.7158028455284553 0.6000508130081302 0.717530487804878 0.5942581300813009 0.7141768292682926
0 0.5794207317073172 0.7115345528455286 0.572510162601626 0.7101117886178863 0.5690548780487806 0.7051321138211383 0.569359756097561 0.6995426829268293 0.5729166666666666 0.6951727642276423 0.5804369918699187 0.6941565040650407 0.5851117886178863 0.696798780487805 0.5875508130081303 0.702489837398374 0.586229674796748 0.7076727642276424
0 0.6515752032520326 0.7038109756097563 0.6483231707317073 0.7007621951219513 0.646900406504065 0.6958841463414636 0.6483231707317073 0.690497967479675 0.6541158536585366 0.685619918699187 0.6613313008130083 0.6861280487804879 0.6658028455284554 0.6896849593495936 0.6685467479674797 0.6963922764227642 0.6652947154471546 0.7032012195121953 0.6591971544715447 0.7063516260162602
0 0.625660569105691 0.6963922764227642 0.6228150406504066 0.6917174796747969 0.622408536585366 0.6865345528455286 0.6247459349593496 0.681859756097561 0.629928861788618 0.6789126016260163 0.6372459349593497 0.6793191056910569 0.6422256097560977 0.6833841463414636 0.6439532520325203 0.6890752032520326 0.6402947154471545 0.695477642276423 0.6352134146341464 0.698119918699187 0.6295223577235773 0.6979166666666666
0 0.5982215447154473 0.6825711382113823 0.598729674796748 0.6779979674796749 0.6004573170731707 0.6742378048780489 0.6069613821138212 0.6710873983739839 0.6133638211382113 0.6716971544715447 0.6177337398373983 0.6760670731707317 0.6190548780487806 0.6828760162601626 0.6162093495934959 0.6880589430894309 0.609400406504065 0.691819105691057 0.6038109756097563 0.6907012195121952 0.6003556910569107 0.6881605691056912
0 0.5938516260162603 0.6793191056910569 0.591107723577236 0.684400406504065 0.5848069105691057 0.686229674796748 0.5777947154471545 0.6853150406504066 0.5746443089430896 0.6816565040650406 0.572510162601626 0.676270325203252 0.5749491869918699 0.6694613821138212 0.5803353658536586 0.666209349593496 0.586839430894309 0.6657012195121953 0.5917174796747969 0.669359756097561 0.5945630081300813 0.6730182926829269
0 0.5682418699186993 0.6728150406504066 0.5650914634146342 0.6757621951219512 0.5597052845528456 0.6750508130081302 0.5571646341463415 0.671900406504065 0.558790650406504 0.667530487804878 0.5614329268292683 0.6658028455284554 0.5664126016260163 0.6666158536585366
0 0.5833841463414635 0.6603150406504066 0.5795223577235773 0.6619410569105693 0.5716971544715447 0.661229674796748 0.5683434959349594 0.6564532520325204 0.5671239837398374 0.650558943089431 0.5715955284552846 0.6445630081300813 0.5776930894308944 0.643140243902439 0.5835873983739839 0.6459857723577236 0.5869410569105692 0.648119918699187 0.5879573170731707 0.6552337398373983
0 0.6049288617886179 0.6659044715447155 0.5984247967479676 0.6651930894308943 0.593140243902439 0.660010162601626 0.5923272357723577 0.6538109756097562 0.5940548780487805 0.6494410569105692 0.598729674796748 0.6460873983739839 0.6079776422764229 0.6456808943089433 0.6139735772357724 0.6546239837398375 0.6099085365853659 0.663160569105691
0 0.6229166666666667 0.671900406504065 0.6189532520325204 0.669359756097561 0.6165142276422766 0.6640752032520326 0.6175304878048781 0.6576727642276423 0.6216971544715447 0.653709349593496 0.6282012195121952 0.6527947154471546 0.635619918699187 0.6552337398373983 0.6381605691056911 0.6608231707317074 0.6360264227642276 0.669359756097561 0.6310467479674796 0.6728150406504066
0 0.641574302134647 0.6697967980295566 0.6422926929392447 0.6657943349753694 0.6451662561576355 0.6614839901477833 0.6506055008210181 0.6591235632183908 0.6585077996715928 0.6608682266009852 0.6629207717569787 0.6672311165845648 0.6610734811165846 0.6747229064039408 0.65625 0.6792385057471264 0.6494766009852218 0.6796490147783252 0.6420874384236454 0.6752360426929392
0 0.6576867816091955 0.642805829228243 0.6576867816091955 0.6385981116584565 0.6606629720853859 0.6334667487684729 0.6670258620689655 0.6321325944170773 0.6722598522167488 0.633774630541872 0.6749281609195402 0.6388033661740558 0.6742097701149425 0.6437294745484401 0.6720545977011494 0.6474240558292282 0.6667179802955665 0.6489634646962233 0.6608682266009852 0.6473214285714286
0 0.6321325944170773 0.6397270114942529 0.6328509852216748 0.6348009031198687 0.6358271756978653 0.6301826765188834 0.6432163382594417 0.6274117405582923 0.649373973727422 0.6295669129720854 0.6533764367816092 0.6351087848932676 0.6538895730706076 0.6417795566502463 0.6467056650246306 0.6488608374384236 0.6375718390804598 0.6476293103448276 0.6334667487684729 0.6434215927750411
0 0.6238197865353038 0.6399322660098522 0.6179700328407225 0.6412664203612479 0.6109913793103449 0.6388033661740558 0.6090414614121511 0.634082512315271 0.608117816091954 0.6273091133004927 0.6124281609195402 0.6227935139573071 0.6172516420361248 0.6210488505747127 0.6239224137931035 0.6216646141215108 0.6275143678160919 0.6245381773399015 0.6295669129720854 0.628438013136289 0.6297721674876847 0.6328509852216748 0.6275143678160919 0.6370587027914615
0 0.5986761083743842 0.6133518062397373 0.5968288177339901 0.6192015599343186 0.5912869458128078 0.6235119047619048 0.5828715106732348 0.622177750410509 0.5788690476190476 0.6173542692939245 0.5788690476190476 0.6115045155993432 0.5818452380952381 0.6069889162561576 0.5875923645320197 0.6043206075533661 0.5948788998357964 0.6060652709359606
0 0.6527606732348112 0.6178674055829227 0.6536843185550082 0.6127360426929392 0.6577894088669951 0.6085283251231527 0.6644601806239737 0.6077073070607554 0.670002052545156 0.6095545977011494 0.6744150246305419 0.6151990968801313 0.6725677339901478 0.623101395730706 0.6670258620689655 0.6276169950738916 0.6574815270935961 0.6267959770114943 0.6536843185550082 0.6236145320197045
0 0.6491687192118226 0.6121202791461412 0.6466030377668308 0.6172516420361248 0.6432163382594417 0.6195094417077176 0.6368534482758621 0.6207409688013137 0.6297721674876847 0.6170463875205254 0.6274117405582923 0.6103756157635468 0.6297721674876847 0.6046284893267652 0.634082512315271 0.6002155172413793 0.6420874384236454 0.5997023809523809 0.6491687192118226 0.6046284893267652
0 0.6240250410509032 0.6083230706075534 0.6184831691297209 0.6125307881773399 0.6116071428571429 0.6130439244663383 0.6066810344827587 0.6105808702791462 0.6032943349753694 0.6050389983579639 0.6043206075533661 0.598470853858785 0.6101703612479474 0.5930316091954023 0.6173542692939245 0.5929289819376027 0.6233066502463054 0.5969314449917899 0.6256670771756978 0.6029864532019705
0 0.6031356655290102 0.5911902730375427 0.6012869738339022 0.5968785551763367 0.5974473833902162 0.5992960750853242 0.5923990329920364 0.5996515927189988 0.5870662684869169 0.5966652445961319 0.5865685437997724 0.5913324800910126 0.5882750284414107 0.5869240614334471 0.5929678612059157 0.5849331626848692 0.598585039817975 0.5853597838452788
0 0.700511432009627 0.48623646209386284 0.6967509025270758 0.48525872442839957 0.6945697954271962 0.48232551143200963 0.6945697954271962 0.47939229843561976 0.6965252707581228 0.47668471720818295 0.7016395908543923 0.47660950661853185 0.7046480144404332 0.4787154031287606 0.7044223826714802 0.48352888086642604
0 0.7014891696750902 0.4714199759326113 0.697427797833935 0.47239771359807464 0.6947202166064982 0.470141395908544 0.6944193742478941 0.4667569193742479 0.6958483754512635 0.4640493381468111 0.6999097472924187 0.4634476534296029 0.7030685920577617 0.46517749699157646 0.7035198555956679 0.46923886883273164
0 0.6990072202166066 0.4618682310469314 0.6959987966305656 0.46089049338146815 0.6941937424789411 0.4590102286401926 0.6943441636582431 0.4564530685920578 0.6955475330926595 0.45464801444043323 0.6973525872442841 0.45336943441636585 0.7011131167268352 0.4532942238267148 0.7030685920577617 0.45660348977135984 0.7020908543922985 0.46081528279181705
0 0.7082581227436824 0.4593862815884477 0.7053249097472925 0.45712996389891697 0.7042719614921781 0.4529181708784597 0.7065282791817088 0.4496089049338147 0.7111161251504212 0.4484055354993983 0.7153279181708785 0.45088748495788206 0.7165312876052948 0.45494885679903735 0.7133724428399518 0.4590102286401926
0 0.7124699157641396 0.47202166064981954 0.7091606498194946 0.4708935018050542 0.7074308062575211 0.4687123947051745 0.7081077015643803 0.4648014440433213 0.7105896510228641 0.46352286401925397 0.7145758122743683 0.46397412755716005 0.7163808664259929 0.4660800240673887 0.7166817087845968 0.46961492178098674
0 0.7102673100490197 0.4816750919117647 0.7081992953431373 0.4805261948529412 0.7073950674019608 0.4785730698529412 0.7076631433823529 0.4770029105392157 0.7088886335784313 0.4758540134803922 0.7114162071078431 0.4754327512254902 0.7131778492647058 0.4766199448529412 0.7136374080882353 0.4794155943627451 0.7120672487745098 0.4810240502450981
0 0.7127182904411764 0.4895641850490196 0.7107651654411764 0.48941099877450983 0.7093481924019608 0.4874195772058823 0.7096162683823529 0.4859643075980392 0.7109949448529411 0.4848920036764706 0.712679993872549 0.4849685968137255 0.7140969669117647 0.4856962316176471 0.7143267463235293 0.4878791360294118
0 0.7209903492647058 0.4910577512254902 0.7190372242647058 0.4919385723039216 0.7171989889705882 0.4911343443627451 0.7163947610294118 0.4899088541666667 0.7163947610294118 0.4883769914215686 0.7172755821078431 0.48745787377450983 0.7179649203431373 0.4868068321078432 0.7202627144607844 0.4871515012254902 0.7212967218137255 0.4882238051470588 0.7216030943627452 0.4896790747549019
0 0.718570788530466 0.48102598566308247 0.717450716845878 0.48125 0.7153449820788529 0.4800851254480286 0.7150313620071684 0.47851702508960575 0.7156586021505376 0.47703853046594985 0.7172715053763441 0.47623207885304664 0.7193324372759855 0.4772177419354838 0.7199148745519712 0.47900985663082435 0.7195564516129033 0.4804883512544802
0 0.7192181647940075 0.4572799625468164 0.7182233146067415 0.4552902621722846 0.7181647940074907 0.4527153558052434 0.7188670411985018 0.45049157303370785 0.7210323033707865 0.4487359550561797 0.7238998127340824 0.44838483146067415 0.7275280898876404 0.4496137640449438 0.729693352059925 0.4525983146067415 0.7286399812734081 0.45710440074906367 0.7252457865168539 0.45932818352059923 0.7201544943820224 0.4586844569288389
0 0.7291081460674157 0.4636001872659176 0.729810393258427 0.4665262172284644 0.7284058988764045 0.4709152621722846 0.725187265917603 0.47255383895131087 0.7210323033707865 0.4723197565543071 0.71875 0.4700374531835206 0.7182818352059924 0.4674040262172285 0.7190426029962547 0.4645950374531835 0.7213249063670412 0.4624882958801498 0.7244264981273408 0.46184456928838946 0.7281718164794007 0.46289794007490637
0 0.7292837078651685 0.47653323970037453 0.7302200374531835 0.4791081460674157 0.7272940074906367 0.4824438202247191 0.7237827715355805 0.4826779026217228 0.7212078651685393 0.4805126404494382 0.7213249063670412 0.47770365168539325 0.7230220037453183 0.47518726591760296 0.7270599250936329 0.4748361423220973
0 0.7711588541666666 0.421142578125 0.76416015625 0.4200032552083333 0.7601725260416666 0.4168294270833333 0.7581380208333334 0.4107259114583333 0.7594401041666666 0.4068196614583333 0.762451171875 0.4019368489583333 0.7682291666666666 0.3999837239583333 0.7762044270833334 0.4016927083333333 0.7799479166666666 0.407958984375 0.7792154947916666 0.4137369791666667 0.77734375 0.418212890625
0 0.7786458333333334 0.392822265625 0.7728678385416666 0.391845703125 0.7674153645833334 0.3868815104166667 0.7666015625 0.3829752604166667 0.7667643229166666 0.3794759114583333 0.7685546875 0.3751627604166667 0.7736002604166666 0.3719889322916667 0.7803548177083334 0.37158203125 0.7862955729166666 0.3745930989583333 0.78857421875 0.382568359375 0.7871907552083334 0.388427734375
0 0.7771493212669685 0.3602941176470588 0.7750754147812972 0.3558634992458522 0.7760180995475113 0.34917043740573156 0.7790346907993968 0.34473981900452494 0.7828054298642535 0.34294871794871795 0.7901583710407241 0.34379713423831076 0.7954374057315234 0.3477564102564103 0.7965686274509803 0.354920814479638 0.7922322775263951 0.3619909502262444 0.7855392156862745 0.3643476621417798 0.7814856711915535 0.36293363499245856
0 0.7779532967032966 0.3197115384615385 0.7785027472527472 0.31788003663003667 0.7803800366300367 0.31614010989010993 0.7830357142857144 0.31614010989010993 0.7845467032967034 0.3178342490842491 0.7850045787545787 0.3201236263736264 0.7835851648351648 0.32236721611721614 0.7811126373626374 0.3227335164835165 0.7795100732600733 0.32209249084249086
0 0.8251967095851217 0.45734978540772525 0.8192060085836911 0.45618741058655216 0.8161659513590844 0.45171673819742486 0.8155400572246065 0.44572603719599424 0.8185801144492132 0.4417024320457797 0.8247496423462088 0.43946709585121596 0.8309191702432046 0.44268597997138764 0.8329756795422031 0.4472460658082975 0.83181330472103 0.45243204577968527 0.8291309012875536 0.45565092989985695
0 0.8404579402515722 0.43705778301886794 0.8337755503144654 0.4352889150943396 0.8296481918238994 0.4313580974842768 0.828370676100629 0.426248034591195 0.8295499213836478 0.42143278301886794 0.8335790094339623 0.41681407232704404 0.8404579402515722 0.4159296383647798 0.8477299528301886 0.4189760220125786 0.849498820754717 0.4245774371069182 0.8482213050314465 0.431751179245283 0.8451749213836478 0.4356819968553459
0 0.8374198717948718 0.4011217948717949 0.8370192307692307 0.39719551282051285 0.837900641025641 0.39270833333333327 0.8395032051282051 0.39038461538461544 0.8433493589743588 0.38782051282051283 0.8504807692307691 0.3870192307692308 0.8544070512820514 0.3901442307692308 0.8575320512820513 0.3948717948717949 0.857451923076923 0.39999999999999997 0.8548076923076923 0.40488782051282046 0.8503205128205128 0.4077724358974359 0.8455128205128205 0.4075320512820512 0.8417467948717947 0.40624999999999994 0.8386217948717948 0.40304487179487175
0 0.8582738095238095 0.4554166666666667 0.8558333333333333 0.4547619047619048 0.8544047619047619 0.45297619047619053 0.8547619047619046 0.45101190476190484 0.8554761904761904 0.4497619047619048 0.8573809523809524 0.4489880952380953 0.86 0.44934523809523813 0.8616666666666667 0.4513095238095239 0.8607142857142858 0.45446428571428577
0 0.8612847222222223 0.4432291666666667 0.8583333333333333 0.4394097222222222 0.8569444444444446 0.434375 0.8585069444444445 0.428587962962963 0.8622106481481482 0.42557870370370365 0.8660879629629631 0.4241898148148148 0.8741898148148148 0.4257523148148148 0.8774305555555556 0.43113425925925924 0.8778935185185185 0.4370949074074073 0.8747106481481481 0.44224537037037026 0.8691550925925926 0.4449074074074073 0.8637152777777779 0.444386574074074
0 0.8655448717948718 0.4075320512820512 0.8659455128205129 0.4042467948717949 0.8676282051282052 0.39935897435897433 0.8727564102564103 0.3959134615384616 0.8803685897435897 0.39583333333333326 0.8850160256410255 0.40040064102564105 0.8859775641025641 0.4074519230769231 0.8834134615384616 0.4129807692307692 0.8787660256410256 0.4161057692307692 0.8716346153846155 0.41594551282051284 0.8673076923076922 0.4124198717948718
0 0.907664183222958 0.4257381346578366 0.9022833885209712 0.4240825055187638 0.8978683774834436 0.41952952538631344 0.8975924392935982 0.4135278697571744 0.8989721302428254 0.4086989514348786 0.9035251103752758 0.4054566777041943 0.9106305187637969 0.4053876931567329 0.9171840507726269 0.4088369205298013 0.9182188189845474 0.41608029801324503 0.9164942052980132 0.42201296909492275 0.9127000551876379 0.42484133554083886
0 0.9314185934489403 0.3945688824662813 0.9264210019267822 0.39378612716763006 0.922567437379576 0.3910765895953757 0.9205804431599229 0.3871628131021195 0.9200385356454721 0.38156310211946043 0.9228684971098264 0.3771074181117534 0.9262403660886319 0.3747591522157996 0.9315992292870904 0.373735549132948 0.9390655105973025 0.3771074181117534 0.9408116570327553 0.38493497109826585 0.939426782273603 0.39047447013487474 0.9346098265895953 0.3939667630057803
0 0.9472543352601156 0.41666666666666663 0.9427986512524084 0.41371628131021193 0.9404503853564546 0.4096820809248555 0.9402095375722543 0.40366088631984587 0.9428588631984586 0.3995664739884393 0.9459898843930635 0.396917148362235 0.9511078998073217 0.39577312138728327 0.9547206165703275 0.3969773603082851 0.9589354527938343 0.3999277456647398 0.9607418111753371 0.40474470134874757 0.9605611753371869 0.4109465317919075 0.9564667630057803 0.41510115606936415 0.9526131984585741 0.41666666666666663
0 0.9628582202111613 0.38989441930618407 0.9621983408748114 0.38470965309200605 0.9638009049773755 0.37980769230769235 0.969079939668175 0.3762254901960784 0.9764328808446455 0.37575414781297134 0.981052036199095 0.37961915535444957 0.9830316742081447 0.3852752639517345 0.9817119155354449 0.3918740573152338 0.9757730015082956 0.3963046757164404 0.9699283559577676 0.3963046757164404 0.9664404223227752 0.39470211161387636
