0 0.06690272781774587 0.040673711031175126 0.06495428657074348 0.03801333932853724 0.0645421163069545 0.03325464628297369 0.06753971822541972 0.02947017386091134 0.0715864808153478 0.027821492805755466 0.07645758393285378 0.028233663069544442 0.07919289568345331 0.03153102517985617 0.08031699640287775 0.03482838729016792 0.0789306055155876 0.038612859712230274 0.0765325239808154 0.04127323141486818 0.07196118105515593 0.042247452038369375 0.06885116906474827 0.04187275179856121
0 0.08754960317460317 0.03958714896214897 0.08613782051282053 0.03771749084249084 0.08552731990231992 0.03455051892551892 0.08705357142857142 0.029971764346764344 0.09136523199023198 0.027644230769230768 0.09651633089133088 0.028254731379731376 0.0994162087912088 0.03145985958485958 0.09998855311355313 0.03546626984126984 0.09850045787545787 0.039243742368742375 0.09510454822954824 0.04187652625152624 0.09044948107448109 0.04168574481074481
0 0.09062818552497452 0.05641564729867483 0.08706039755351683 0.052911569826707444 0.08674184505606523 0.04889780835881754 0.08992737003058103 0.04501146788990826 0.09489678899082567 0.044374362895005084 0.09795489296636084 0.04705020387359835 0.09942023445463813 0.05131880733944953 0.09687181447502548 0.05520514780835881 0.0941322629969419 0.05673419979612639
0 0.08784013605442174 0.06730442176870746 0.08758503401360543 0.06492346938775509 0.08792517006802719 0.06177721088435373 0.09060374149659864 0.05960884353741495 0.09421768707482993 0.05880102040816326 0.09787414965986395 0.060799319727891155 0.09931972789115646 0.06424319727891156 0.09893707482993197 0.06785714285714285 0.09583333333333333 0.07053571428571427 0.09226190476190475 0.07091836734693877 0.0891156462585034 0.0695578231292517
0 0.03311237373737379 0.10142045454545459 0.0336174242424243 0.09731691919191923 0.03582702020202024 0.09504419191919196 0.03866792929292933 0.09352904040404045 0.04352904040404045 0.09460227272727277 0.04599116161616167 0.09807449494949501 0.04611742424242431 0.10211489898989905 0.04289772727272732 0.10653409090909095 0.03753156565656571 0.10666035353535358 0.03424873737373743 0.10457702020202024
0 0.07256475225225233 0.08551520270270278 0.0735501126126127 0.08373216966966975 0.07556775525525533 0.08237143393393401 0.07889921171171178 0.08279373123123132 0.08030686936936945 0.08537443693693701 0.07993149399399407 0.08743900150150158 0.07810153903903912 0.08955048798798806 0.0755208333333334 0.08987894144144153 0.07369087837837845 0.08823667417417426
0 0.07331550300300307 0.10048329579579587 0.07458239489489497 0.09912256006006014 0.07674080330330338 0.09851257507507515 0.07941535285285294 0.09931024774774781 0.08072916666666674 0.10128096846846854 0.0802130255255256 0.10428397147147155 0.07763231981981991 0.10620777027027034 0.07373780030030039 0.10465934684684693 0.07326858108108117 0.10217248498498506
0 0.34299924924924924 0.3028966466466467 0.3420608108108108 0.30001876876876876 0.3432494994994995 0.2961398898898899 0.34593968968968963 0.29413788788788786 0.3506944444444445 0.29413788788788786 0.35350975975975973 0.29689064064064064 0.35369744744744747 0.30101976976976974 0.35075700700700696 0.30458583583583587 0.34669044044044045 0.3051488988988989
0 0.3599537037037037 0.3001438938938939 0.3604542042042042 0.2978290790790791 0.3632695195195195 0.29551426426426425 0.3671483983983984 0.2959522022022022 0.36908783783783783 0.2984547047047047 0.36864989989989994 0.3028966466466467 0.3657094594594595 0.3047735235235235 0.36220595595595595 0.30383508508508505
0 0.37767330383480835 0.2983038348082596 0.38089970501474935 0.293141592920354 0.38652286135693215 0.2912057522123895 0.3918694690265488 0.29369469026548684 0.39426622418879065 0.2984882005899706 0.392330383480826 0.30346607669616527 0.3894727138643068 0.3066002949852508 0.3845870206489676 0.30696902654867264 0.37933259587020657 0.3047566371681416
0 0.36332915273132665 0.2665482162764772 0.361935618729097 0.2620192307692308 0.3636775362318841 0.25728121516165 0.368136845039019 0.25344899665551845 0.3732232441471573 0.2541457636566333 0.3767767558528428 0.25755992196209593 0.37817028985507256 0.26222826086956524 0.3767767558528428 0.2665482162764772 0.3741290412486066 0.269404960981048 0.3703664994425865 0.27065914158305465 0.36576783723522854 0.2693352842809365
0 0.3916666666666666 0.2613945578231292 0.3931122448979592 0.25697278911564625 0.39812925170068025 0.252891156462585 0.40459183673469384 0.2537414965986394 0.4092687074829931 0.2599489795918367 0.4076530612244897 0.2673469387755102 0.40051020408163257 0.27057823129251696 0.39447278911564626 0.2681972789115646
0 0.41087111928104575 0.2868412990196078 0.4130667892156863 0.2853094362745098 0.41561989379084974 0.2853094362745098 0.4173560049019608 0.2871476715686274 0.4171517565359477 0.29031352124183 0.4152624591503268 0.2920496323529412 0.41235191993464054 0.2918453839869281 0.4110753676470588 0.2900071486928104
0 0.4234162414965986 0.2878932823129252 0.42453231292517013 0.2858737244897959 0.42676445578231287 0.2849702380952381 0.4293686224489795 0.28555484693877553 0.4308035714285714 0.287999574829932 0.4296875 0.29065688775510207 0.42793367346938777 0.2918792517006803 0.4255952380952381 0.2916135204081633 0.42416028911564624 0.2903380102040817
0 0.4609270414993307 0.29961512717536815 0.4595046854082999 0.2961847389558233 0.46034136546184745 0.2925033467202142 0.46276773761713524 0.29041164658634544 0.4677041499330657 0.2897423025435074 0.47046519410977244 0.292921686746988 0.47046519410977244 0.2978580990629184 0.46820615796519416 0.3006191432396252 0.4646084337349399 0.30120481927710846
0 0.46025769745649264 0.2769410977242303 0.45917001338688096 0.2731760374832664 0.4606760374832664 0.26924364123159306 0.4642737617135208 0.26790495314591706 0.4677041499330657 0.26823962516733607 0.46987951807228917 0.2710006693440429 0.47029785809906294 0.2747657295850067 0.4672858099062919 0.27853078982597057 0.46343708165997327 0.2788654618473896
0 0.4595883534136547 0.258785140562249 0.45925368139223566 0.25610776439089694 0.46034136546184745 0.2532630522088354 0.4635207496653281 0.25125502008032136 0.4683734939759037 0.25192436412315933 0.47046519410977244 0.2563587684069612 0.4684571619812584 0.2611278447121821 0.46469210174029457 0.2622155287817938 0.46159638554216875 0.2614625167336011
0 0.45920380687093787 0.22609099350046424 0.45873955431754876 0.22336350974930363 0.4594359331476323 0.2208101207056639 0.4626276694521819 0.21825673166202417 0.4672701949860724 0.2187790157845868 0.4695914577530177 0.22185468895078922 0.46941736304549675 0.22568477251624885 0.46767641597028786 0.22847028783658313 0.46390436397400187 0.22951485608170846 0.46053853296193137 0.2282381615598886
0 0.4594822303921569 0.19962724673202611 0.46152471405228757 0.1977890114379085 0.4645373774509804 0.19717626633986926 0.4678053513071896 0.19855494281045752 0.4691840277777778 0.20146548202614376 0.4691329656862745 0.2041207107843137 0.4678053513071896 0.2068270016339869 0.46601817810457513 0.2080014297385621 0.46290339052287577 0.2083078022875817 0.46014603758169936 0.2065716911764706 0.4586652369281046 0.20335477941176472
0 0.057453416149068334 0.5165200138026225 0.05810041407867496 0.5148378191856453 0.059912008281573496 0.5136300897170462 0.06310386473429952 0.5135006901311249 0.06513112491373362 0.5152260179434093 0.06547619047619048 0.518331608005521 0.06366459627329193 0.5205745341614907 0.0604296066252588 0.5212215320910973 0.05822981366459628 0.5195824706694271
0 0.07887956419316845 0.5186616607773851 0.07917402826855126 0.5168948763250883 0.08020465253239106 0.5149808598351001 0.08381183745583039 0.5140974676089517 0.08646201413427564 0.5155697879858657 0.08719817432273264 0.5185880447585395 0.08609393404004712 0.5213854534746761 0.08270759717314487 0.5227841578327445 0.08005742049469965 0.5210173733804475
0 0.10101068773234202 0.5184131040892194 0.10170771375464685 0.516941604708798 0.10337283147459728 0.5157798946716232 0.10654817224287486 0.5160509603469641 0.10751626394052044 0.5177935254027262 0.1075937112763321 0.520271840148699 0.10643200123915736 0.5218595105328376 0.1037213444857497 0.52267270755886 0.1016302664188352 0.5212399318463444
0 0.13195769720101783 0.5225429389312978 0.13259382951653945 0.5204357506361322 0.13342875318066155 0.5192827608142494 0.13533715012722644 0.5184478371501272 0.13756361323155217 0.5188851781170484 0.13931297709923662 0.5205152671755725 0.13915394402035625 0.5232983460559797 0.13708651399491092 0.5250874681933843 0.13513835877862593 0.525365776081425 0.13307092875318063 0.5242525445292621
0 0.1317986641221374 0.5339535623409669 0.13191793893129772 0.5326017811704834 0.13263358778625955 0.530892175572519 0.1343431933842239 0.5298187022900763 0.13728530534351144 0.5300970101781171 0.1385575699745547 0.5321246819338422 0.1385178117048346 0.5342716284987278 0.13764312977099236 0.5357426844783715 0.13557569974554706 0.536696882951654 0.13346851145038166 0.5362197837150128
0 0.13038639601139604 0.5585677825261158 0.1315438034188034 0.556787155745489 0.133443138651472 0.555926519468186 0.1352534425451092 0.5560749050332383 0.1369153608736942 0.5572323124406457 0.13774632003798673 0.5594580959164291 0.13733084045584046 0.56150581671415 0.13572827635327636 0.5630787037037037 0.13350249287749288 0.5633161206077872 0.1310096153846154 0.5622774216524216
0 0.13017848615090738 0.5701856494746895 0.13020833333333334 0.5686932903533907 0.13140222063037246 0.5670218481375358 0.13298412129894938 0.5661264326647564 0.13546143744030564 0.5664547516714422 0.13698364374403055 0.5679471107927412 0.13728211556829037 0.5700662607449856 0.13650608882521492 0.5717078557784144 0.13489434097421205 0.5728122015281757 0.13217824737344794 0.5726928127984717 0.13062619388729704 0.5712004536771729
0 0.1298967236467237 0.579184472934473 0.13025284900284903 0.5770477207977208 0.13267450142450143 0.5758368945868946 0.13552350427350432 0.5760861823361824 0.13673433048433054 0.5781160968660969 0.13655626780626784 0.5807514245014245 0.1350249287749288 0.582247150997151 0.13281695156695159 0.5824608262108262 0.13125000000000006 0.5817129629629629 0.1306089743589744 0.5808226495726495
0 0.1327743157380254 0.588419477028348 0.13451551808406648 0.5876863391984359 0.1369593108504399 0.5879001710654935 0.13857832355816227 0.589610826001955 0.13879215542521994 0.5918102394916911 0.1372342375366569 0.5940707478005864 0.13472934995112415 0.5942540322580644 0.1327132209188661 0.5935208944281524 0.13207172531769307 0.5911381964809383 0.13204117790811337 0.5890304252199413
0 0.19378156565656568 0.6001578282828283 0.19289772727272728 0.5979482323232322 0.19403409090909093 0.5949810606060606 0.19655934343434345 0.5937184343434344 0.20078914141414145 0.594034090909091 0.20236742424242427 0.5959911616161616 0.20268308080808084 0.5991477272727272 0.2005997474747475 0.6022411616161616 0.1958017676767677 0.6028724747474747
0 0.1929608585858586 0.612405303030303 0.19397095959595964 0.610385101010101 0.1966224747474748 0.609185606060606 0.1997159090909091 0.6098169191919192 0.202114898989899 0.6125315656565656 0.20154671717171718 0.616003787878788 0.1990214646464647 0.618465909090909 0.195864898989899 0.6181502525252525 0.19327651515151514 0.6155618686868687
0 0.2092487373737374 0.5999684343434344 0.2092487373737374 0.5975694444444445 0.21126893939393943 0.5946022727272727 0.2144886363636364 0.5939078282828283 0.21726641414141418 0.5949810606060606 0.21852904040404042 0.5976325757575758 0.21821338383838385 0.6009154040404041 0.21568813131313136 0.6029987373737374 0.21284722222222224 0.6033775252525252
0 0.2084280303030303 0.6130366161616162 0.21038510101010105 0.6107007575757576 0.21291035353535354 0.6096906565656566 0.2164457070707071 0.6104482323232323 0.21827651515151517 0.6135416666666667 0.21739267676767676 0.6171401515151514 0.21530934343434344 0.6189078282828282 0.21196338383838384 0.6192234848484848 0.20962752525252526 0.6175189393939394
0 0.25114468864468864 0.5762362637362638 0.25194597069597063 0.5740613553113554 0.2537774725274725 0.5726877289377289 0.2562385531135531 0.5723443223443223 0.2590430402930403 0.573889652014652 0.2598443223443223 0.5770947802197802 0.2585279304029304 0.5796130952380952 0.2557234432234432 0.581158424908425 0.2533768315018315 0.5804143772893773 0.2518315018315018 0.5788690476190476
0 0.2652243589743589 0.5771520146520147 0.26619734432234426 0.5751488095238095 0.26785714285714285 0.5741185897435898 0.27071886446886445 0.5743475274725275 0.2720924908424908 0.5762362637362638 0.2717490842490842 0.5789835164835165 0.2704326923076923 0.5801282051282052 0.26785714285714285 0.5803571428571429 0.26631181318681313 0.5796703296703296
0 0.2660828754578754 0.5654761904761905 0.2663690476190476 0.5637591575091576 0.2676282051282051 0.5620421245421245 0.27020375457875456 0.5618704212454212 0.2715201465201465 0.5625572344322345 0.2726076007326007 0.5650755494505495 0.2716918498168498 0.5674793956043956 0.26980311355311354 0.5683379120879121 0.2676854395604395 0.5679945054945055 0.26676968864468864 0.567135989010989
0 0.2526327838827838 0.565132783882784 0.25309065934065933 0.5630151098901098 0.25475045787545786 0.5615270146520147 0.2573260073260073 0.5619848901098902 0.25847069597069594 0.5640453296703297 0.2584134615384615 0.5658195970695971 0.257154304029304 0.567135989010989 0.25509386446886445 0.5673649267399267 0.2537774725274725 0.5666781135531136
0 0.25903179190751446 0.6036247591522158 0.25867052023121384 0.6001324662813102 0.26011560693641617 0.5967003853564548 0.2629455684007707 0.5948940269749519 0.2675818882466281 0.5951348747591522 0.27047206165703275 0.5984465317919075 0.27023121387283233 0.6031430635838151 0.26752167630057805 0.6059128131021195 0.2634272639691715 0.6065751445086706
0 0.25752649325626203 0.6160886319845857 0.25879094412331405 0.6131382466281311 0.2610789980732177 0.6109706165703276 0.2652336223506744 0.6102480732177264 0.2690871868978805 0.6127769749518305 0.2697495183044316 0.6171724470134875 0.26788294797687856 0.6207249518304432 0.26384874759152216 0.6223506743737958 0.2596339113680154 0.6211464354527938
0 0.28647342995169084 0.5995169082125603 0.2871376811594203 0.5967391304347825 0.28991545893719806 0.5938405797101449 0.29396135265700485 0.5930555555555556 0.29776570048309176 0.594806763285024 0.2995169082125604 0.5984903381642511 0.2995772946859903 0.6025362318840579 0.29559178743961356 0.606099033816425 0.28937198067632847 0.6056763285024154 0.2877415458937198 0.6034420289855071
0 0.2871376811594203 0.6129227053140096 0.29033816425120773 0.6100845410628019 0.29432367149758454 0.609963768115942 0.29746376811594205 0.6116545893719806 0.2992149758454106 0.6150362318840579 0.29842995169082126 0.618659420289855 0.29625603864734296 0.6223429951690821 0.291183574879227 0.6233091787439613 0.2875 0.6217391304347825 0.28580917874396133 0.6176328502415458
0 0.4485677083333334 0.5134024784482759 0.44879220545977017 0.5110228089080461 0.45040858477011503 0.5088227370689656 0.4533270474137932 0.5082839439655173 0.45566181752873564 0.5091819324712644 0.4568741020114943 0.5113820043103449 0.45682920258620696 0.5142106681034484 0.45498832614942536 0.516320941091954 0.45162086925287365 0.5163658405172414 0.4495105962643679 0.5148841594827587
0 0.46064565373563227 0.5144800646551725 0.4599721623563219 0.5115616020114943 0.4612293462643679 0.5093166307471265 0.464147808908046 0.5082839439655173 0.46715607040229895 0.5085982399425287 0.46845815373563227 0.5103942169540231 0.4689071479885058 0.5134473778735633 0.4667968750000001 0.5158270474137933 0.46446210488505757 0.516814834770115 0.4617681393678162 0.515557650862069
0 0.4717358117816093 0.512010596264368 0.47227460488505757 0.5100799209770115 0.4740705818965518 0.5082839439655173 0.4760012571839081 0.507879849137931 0.4787850215517242 0.509002334770115 0.48017690373563227 0.5110228089080461 0.48004220545977017 0.5138514727011495 0.4786952227011495 0.5158270474137933 0.47514816810344834 0.5165454382183909 0.4728133979885058 0.514794360632184
0 0.4839035560344829 0.5107085129310346 0.48484644396551735 0.5089574353448276 0.48668732040229895 0.5078349497126436 0.48987517959770127 0.5081492456896552 0.4917160560344829 0.5105289152298852 0.49144665948275873 0.5133575790229886 0.49059357040229895 0.5153780531609196 0.4872710129310346 0.5167250359195403 0.4852954382183909 0.5159617456896552 0.48394845545977017 0.513537176724138
0 0.4613832582582583 0.4939783533533533 0.46232169669669676 0.4930711961961962 0.46454266766766766 0.4926332582582583 0.46604416916916924 0.49338400900900903 0.46679491991991995 0.49535472972972977 0.4663882632632633 0.49723160660660665 0.4644175425425426 0.4982326076076076 0.4617586336336336 0.49776338838838846 0.4612268518518519 0.4956362612612613
0 0.4685466716716717 0.4941034784784785 0.4691722972972973 0.49325888388388395 0.470360985985986 0.492601976976977 0.47211273773773776 0.4926332582582583 0.4733014264264264 0.4936655405405405 0.4740208958958959 0.4949480730730731 0.4734265515515516 0.49691879379379383 0.4727696446446447 0.4980762012012013 0.4702045795795796 0.49826388888888895 0.4686405155155155 0.49701263763763764 0.4682338588588589 0.4953860110110111
0 0.47605020491803285 0.4934895833333333 0.4775870901639344 0.492464993169399 0.4796576161202186 0.4926997950819672 0.4808529713114754 0.49402322404371596 0.48121584699453557 0.4956454918032787 0.4804260587431694 0.4969902663934426 0.47865437158469953 0.49788678278688525 0.47664788251366125 0.4973958333333333 0.4754311816939891 0.49585894808743175 0.4756019467213115 0.49438609972677594
0 0.4830263157894737 0.49662280701754385 0.48258771929824557 0.49521929824561406 0.4831140350877193 0.49333333333333335 0.4844298245614035 0.49254385964912284 0.4869298245614035 0.49280701754385964 0.48807017543859654 0.494561403508772 0.48780701754385963 0.49701754385964914 0.48640350877192984 0.4978508771929825 0.4845175438596491 0.4976754385964912
0 0.4725703605980651 0.49903803869832897 0.4738346525945471 0.49815853122251547 0.47531882145998244 0.4978562005277045 0.4766105980650836 0.49854331574318383 0.4773526824978013 0.4998076077396658 0.4773251978891821 0.5016490765171504 0.47625329815303435 0.5028583992963941 0.47474164467897983 0.5034630606860159 0.4729826297273527 0.5028309146877749 0.47235048372911176 0.5015116534740546
0 0.4796452271567126 0.4991066870852475 0.4803790199081163 0.49827718223583456 0.48175089331291476 0.497766717713119 0.4835375191424196 0.4983090862685043 0.4843989280245023 0.4991066870852475 0.4844627360898417 0.5007656967840735 0.483952271567126 0.5022013782542113 0.4824208779989791 0.5031265952016335 0.48060234813680447 0.5028394589076058 0.4793899948953547 0.5019142419601837 0.4792623787646758 0.500701888718734
0 0.4628044140030442 0.6498287671232877 0.4649923896499239 0.642789193302892 0.4701293759512938 0.6382229832572298 0.4772640791476408 0.6367009132420092 0.48468417047184176 0.6391742770167429 0.48906012176560126 0.6445966514459666 0.49029680365296807 0.6500190258751902 0.4892503805175038 0.655726788432268 0.4864916286149163 0.661244292237443 0.479927701674277 0.6641933028919331 0.4745053272450533 0.6645738203957382 0.4687024353120244 0.6631468797564689 0.4655631659056317 0.6594368340943684 0.46289954337899547 0.6555365296803654
0 0.4351217656012177 0.6486872146118722 0.4369292237442923 0.6436453576864536 0.440734398782344 0.6392694063926941 0.4451103500761035 0.6367960426179604 0.4519596651445967 0.6364155251141553 0.4583333333333333 0.6396499238964993 0.46156773211567736 0.6456430745814308 0.4623287671232877 0.6514459665144597 0.46185312024353126 0.655726788432268 0.45871385083713856 0.6600076103500762 0.4544330289193303 0.6630517503805176 0.44939117199391176 0.6640030441400304 0.443968797564688 0.663527397260274 0.43730974124809746 0.6585806697108066 0.43569254185692546 0.6535388127853882
0 0.4242770167427702 0.6624809741248098 0.41952054794520555 0.6621955859969559 0.41362252663622534 0.6600076103500762 0.4095319634703196 0.6565829528158296 0.40753424657534254 0.652492389649924 0.4074391171993912 0.6451674277016743 0.41143455098934556 0.6387937595129376 0.4176179604261796 0.6350837138508372 0.42617960426179613 0.6357496194824963 0.4318873668188737 0.6396499238964993 0.4345509893455099 0.6448820395738204 0.4346461187214612 0.65220700152207 0.43321917808219185 0.6572488584474886
0 0.630378540305011 0.7815223311546841 0.6307416485112562 0.7791167392883078 0.6331018518518519 0.7765749818445896 0.6355425478348439 0.7760259315206445 0.6380601711983886 0.7769700402819737 0.6398225075528701 0.7792359013091642 0.6400113293051359 0.7832640986908358 0.6373678247734138 0.7860964249748237 0.634031973816717 0.7858446626384693 0.6320178751258811 0.784711732124874
0 0.6543577637889688 0.7783460731414867 0.6563811450839329 0.7772219724220623 0.6598283872901679 0.777296912470024 0.6621889988009593 0.7790580035971223 0.6629383992805755 0.7820930755395683 0.6621515287769785 0.7847534472422062 0.6603154976019184 0.7864021282973621 0.6579174160671464 0.7867768285371703 0.6549198141486812 0.7858026079136692 0.6533086031175059 0.7839665767386091 0.6531961930455636 0.7814935551558753
0 0.6309851263243683 0.8042736348818256 0.6308832518337408 0.8014720863895681 0.6325132436837816 0.7993836593317033 0.6340922982885085 0.7987214751426243 0.6371994702526487 0.7988233496332517 0.6392369600651997 0.8007080277098615 0.6401538304808476 0.8044773838630807 0.6386766503667483 0.8067186226568869 0.6367410350448248 0.807992053789731 0.6340413610431949 0.8079411165444172 0.6326151181744092 0.8072789323553382
0 0.6534420289855072 0.8074879227053139 0.6522342995169081 0.8059782608695651 0.6520531400966182 0.8038043478260868 0.6534420289855072 0.8010265700483091 0.6554347826086956 0.7998792270531401 0.658635265700483 0.8000603864734299 0.6607487922705314 0.802475845410628 0.661050724637681 0.8047705314009661 0.6602053140096618 0.8072463768115941 0.6582125603864734 0.8085748792270531
0 0.6299587326943556 0.8448149627263046 0.6279619275825347 0.83995607028754 0.6282281682641108 0.8362952609158679 0.6300252928647497 0.8339656549520768 0.6331536208732694 0.8325678913738018 0.6362819488817891 0.8325678913738018 0.6399427582534611 0.8354299787007454 0.6400093184238552 0.8400226304579341 0.6380125133120341 0.84375 0.6340189030883919 0.8450146432374868
0 0.6474640575079872 0.8430178381256656 0.6459997337593184 0.8404219914802982 0.6465322151224707 0.8371605431309905 0.6481296592119276 0.8347643769968052 0.6522563897763578 0.8331003727369541 0.6559171991480298 0.8339656549520768 0.6589124068157615 0.8380923855165069 0.6583133652822152 0.8422856762513313 0.6551184771033014 0.8454140042598508 0.6523229499467519 0.8462792864749734
0 0.6648148148148147 0.8411265432098765 0.6656635802469135 0.8378086419753085 0.6682098765432097 0.8345679012345677 0.6743827160493826 0.8344907407407406 0.6780864197530864 0.8388117283950616 0.6763888888888888 0.8451388888888888 0.6720679012345678 0.8469135802469134 0.6679012345679012 0.8458333333333333 0.6658179012345679 0.8433641975308641
0 0.648611111111111 0.8581018518518518 0.649074074074074 0.8556327160493826 0.6518518518518518 0.8540123456790123 0.6550154320987654 0.8541666666666666 0.6565586419753086 0.8554783950617283 0.6579475308641974 0.8585648148148146 0.65679012345679 0.8619598765432098 0.6537808641975308 0.863503086419753 0.6503086419753086 0.8625771604938269 0.6494598765432098 0.8612654320987654
0 0.6644290123456789 0.8577932098765431 0.6657407407407406 0.854398148148148 0.669753086419753 0.8528549382716049 0.6742283950617284 0.853858024691358 0.6765432098765432 0.8570987654320987 0.6763117283950617 0.8619598765432098 0.6726851851851852 0.8650462962962961 0.6689043209876543 0.8653549382716049 0.6656635802469135 0.8631944444444444 0.6645061728395061 0.8596450617283949
0 0.6847199892818865 0.8446208467309754 0.6838491425509111 0.8404005894962487 0.6848539657020365 0.8371851554126473 0.6897441050375134 0.8350415326902464 0.6941653269024652 0.8375200964630225 0.6955720793140407 0.8424102357984994 0.6922226688102895 0.8468984458735261 0.688538317256163 0.8468314576634512
0 0.6830357142857143 0.8581243667679836 0.6843021783181358 0.8560347011144885 0.6875949848024315 0.8541350050658563 0.691331053698075 0.8547049138804459 0.6943072441742655 0.8571111955420466 0.6946238601823709 0.8622403748733537 0.69221757852077 0.8648366261398178 0.6883548632218844 0.8660397669706181 0.6846821175278622 0.8647733029381967 0.6829723910840932 0.8620504052684904
0 0.70044595314164 0.8434837593184238 0.70044595314164 0.840155750798722 0.7023761980830672 0.8372271033013845 0.7068357294994675 0.8354965388711395 0.7104299787007455 0.8373602236421727 0.7122271033013845 0.8405551118210862 0.7121605431309904 0.84375 0.7098974973375932 0.8469448881789138 0.7059704472843451 0.8475439297124602 0.7019102768903088 0.8462127263045793
0 0.7007787539936102 0.8569289137380192 0.703973642172524 0.8545993077742279 0.7079672523961661 0.85479898828541 0.7114283812566561 0.858126996805112 0.7116280617678382 0.862120607028754 0.707501331203408 0.8663804579339722 0.7033746006389776 0.8658479765708201 0.7007787539936102 0.8635849307774227 0.6995806709265175 0.8607894036208734
0 0.7176850372736955 0.8425519169329074 0.7189496805111821 0.8392904685835997 0.7216786474973376 0.8370274227902024 0.7257388178913738 0.8368277422790203 0.7290668264110756 0.8394901490947817 0.7291999467518637 0.8449480830670928 0.7258053780617679 0.8481429712460063 0.7220114483493079 0.8481429712460063 0.7188165601703941 0.8460130457933972
0 0.7178847177848776 0.8583932374866879 0.7207468051118211 0.8555977103301385 0.7252063365282215 0.8553314696485624 0.7278021831735889 0.8579273162939298 0.7291999467518637 0.8619209265175719 0.7268703407880724 0.8661807774227901 0.722410809371672 0.867578541001065 0.71875 0.8652489350372737 0.7174187965921193 0.8628527689030885
0 0.7247596153846154 0.7023853550295858 0.7266087278106509 0.7003513313609467 0.7309233234714004 0.7001047830374754 0.7344366370808678 0.7029400887573964 0.7339435404339251 0.7076245069033531 0.7313547830374754 0.7100899901380671 0.7280880177514794 0.7102132642998028 0.7253143491124261 0.7089805226824457 0.7244514299802761 0.7066383136094675
0 0.7115692800788955 0.701892258382643 0.712617110453649 0.7002896942800789 0.7155140532544378 0.6990569526627219 0.7182260848126233 0.7011526134122288 0.7182877218934911 0.7039879191321499 0.7161304240631164 0.706021942800789 0.7137265779092703 0.7060835798816568 0.7119391025641025 0.7046042899408285
0 0.7253726652298852 0.7136539152298852 0.727617636494253 0.7125314295977012 0.730536099137931 0.7125763290229886 0.7330504669540231 0.7147764008620691 0.7339933548850576 0.717919360632184 0.7322422772988507 0.7216011135057472 0.7286503232758621 0.722948096264368 0.7248787715517242 0.7214215158045978 0.7229929956896552 0.718413254310345 0.723711386494253 0.7156294899425287
0 0.7254006410256411 0.72794184981685 0.7260187728937729 0.726820054945055 0.7271863553113554 0.7259271978021978 0.7288347069597071 0.7257440476190476 0.7306891025641027 0.7267055860805862 0.7313988095238096 0.7288576007326008 0.7311011904761906 0.7305517399267399 0.7301625457875459 0.7316735347985349 0.7279876373626375 0.7320627289377291 0.726110347985348 0.7314217032967033 0.7254693223443224 0.7299793956043957
0 0.7242460317460319 0.7398412698412699 0.7253968253968254 0.7382142857142857 0.7280158730158731 0.7375 0.7307936507936508 0.7380952380952381 0.7322619047619048 0.7401984126984128 0.731984126984127 0.7435714285714287 0.7303571428571428 0.7454761904761905 0.7278174603174603 0.7463095238095239 0.7247222222222223 0.7451587301587302 0.7238888888888889 0.7431349206349207
0 0.7241141381766382 0.751224180911681 0.725093482905983 0.7495771011396012 0.7273637820512822 0.7486422720797722 0.7295895655270656 0.7488203347578348 0.7311476139601141 0.7503783831908832 0.7316818019943021 0.752292556980057 0.7301682692307693 0.7549189814814815 0.7277644230769231 0.7559873575498576 0.7256721866096867 0.7547854344729346 0.7246928418803419 0.7531828703703703
0 0.7242990654205608 0.7616266132621272 0.7243546951490876 0.7600411659991099 0.7258566978193146 0.7586504227859368 0.7279428126390742 0.7586226079216732 0.7298342234089897 0.759874276813529 0.7297507788161993 0.7626279483756119 0.7286381842456608 0.7637405429461503 0.7268302180685358 0.7642412105028927 0.7253282153983087 0.7634345794392523
0 0.7122680583167661 0.7106941683233929 0.7129307488402915 0.7095344599072232 0.7150430748840291 0.7087475149105367 0.7168240556660039 0.7098243870112657 0.717196819085487 0.7122266401590457 0.7162442014579191 0.713717693836978 0.714421802518224 0.7139662027833001 0.7133035122597746 0.7132206759443339
0 0.7120609675281643 0.718149436713055 0.713344930417495 0.7168654738237242 0.7153744201457919 0.7165755467196819 0.7164927104042412 0.7179009277667329 0.7165341285619615 0.7200132538104704 0.7143803843605037 0.7207587806494367 0.7127650762094101 0.7205102717031147
0 0.7122266401590457 0.7237408880053015 0.7137591119946984 0.7230367793240556 0.7154158383035122 0.7234095427435387 0.7161199469847581 0.7247763419483101 0.7158300198807156 0.7263088137839628 0.7145046388336647 0.7269300861497681 0.7128479125248508 0.726557322730285 0.7123508946322068 0.725728959575878
0 0.749781031031031 0.8305492992992992 0.7497184684684685 0.8277965465465466 0.7514702202202203 0.8236048548548549 0.7564126626626627 0.8216028528528528 0.7618556056056056 0.8217905405405405 0.7652965465465464 0.8259822322322321 0.765797047047047 0.8311749249249248 0.7630442942942942 0.8348661161161162 0.7566629129129129 0.8369306806806807 0.7529091591591591 0.834740990990991
0 0.7726083707025411 0.8300635276532139 0.7740097159940209 0.8256726457399104 0.7766255605381167 0.8227765321375188 0.78101644245142 0.8224028400597907 0.7854073243647235 0.8245515695067265 0.7875560538116592 0.829316143497758 0.7867152466367713 0.8336136023916293 0.7826046337817638 0.837070254110613 0.7766255605381167 0.8366965620328849 0.774103139013453 0.8349215246636771
0 0.7952167414050824 0.8278213751868462 0.7980194319880418 0.8245515695067265 0.8015695067264573 0.8233370702541106 0.8069880418535128 0.8248318385650225 0.8090433482810164 0.829129297458894 0.8080156950672646 0.8350149476831092 0.8041853512705531 0.8375373692077729 0.7982062780269058 0.8374439461883408 0.7953101644245142 0.8350149476831092 0.7947496263079223 0.8315582959641256
0 0.7945627802690582 0.851550822122571 0.7950298953662182 0.8480007473841554 0.79792600896861 0.8438901345291481 0.8032511210762332 0.8429559043348281 0.8067077727952168 0.8460388639760837 0.8077354260089686 0.8507100149476831 0.8042787742899852 0.8548206278026905 0.7985799701046339 0.8555680119581465 0.7954970104633782 0.8535127055306427
0 0.7771860986547086 0.8488415545590434 0.7780269058295963 0.8463191330343798 0.7798953662182362 0.8441704035874439 0.7837257100149476 0.8434230194319882 0.7863415545590434 0.8454783258594919 0.7875560538116592 0.8480941704035875 0.7864349775784754 0.8522982062780269 0.7830717488789237 0.8542600896860987 0.7794282511210763 0.8529521674140509
0 0.7628923766816145 0.8465994020926757 0.7664424514200299 0.8433295964125561 0.7707399103139014 0.8433295964125561 0.7729820627802692 0.8467862481315397 0.7727952167414052 0.8505231689088191 0.7696188340807175 0.8528587443946188 0.765695067264574 0.852204783258595 0.7634529147982063 0.8507100149476831
0 0.8013541666666666 0.8651041666666667 0.8044791666666665 0.8642708333333333 0.8085069444444445 0.865451388888889 0.8108680555555555 0.8691319444444445 0.8105902777777778 0.8731597222222223 0.8070486111111111 0.8762847222222223 0.8033680555555556 0.8771875 0.7996874999999999 0.8751736111111112 0.7984374999999999 0.8724652777777779 0.7984374999999999 0.8691319444444445 0.7993402777777778 0.866840277777778
0 0.7822800062189054 0.8711714863184079 0.7824354788557214 0.8687227922885571 0.7839124689054725 0.8655356032338307 0.7862834266169154 0.8638642723880597 0.7899370335820896 0.8635144589552237 0.792852145522388 0.8649914490049749 0.7947566853233831 0.8680620335820894 0.7950676305970149 0.8717933768656716 0.7925800684079601 0.875019434079602 0.7898981654228856 0.8762632151741294 0.7865166355721391 0.8762632151741294 0.7840679415422885 0.8740865982587063
0 0.7668154761904762 0.8668154761904762 0.76875 0.8645833333333334 0.7720238095238094 0.8629464285714286 0.7767113095238094 0.8641369047619049 0.7787946428571427 0.8670386904761905 0.7788690476190476 0.871875 0.7750744047619048 0.8753720238095238 0.7690476190476191 0.8750744047619048 0.7668154761904762 0.8715029761904761
0 0.7571522887323945 0.8788512323943662 0.7592796361502347 0.8759169600938967 0.7622139084507044 0.8748899647887326 0.7662485328638499 0.8760636737089204 0.768155809859155 0.8796581572769954 0.7663218896713616 0.8849398474178404 0.7622139084507044 0.8856734154929579 0.7579592136150236 0.8842062793427232
0 0.9186580882352942 0.7442299836601307 0.9201899509803922 0.73953227124183 0.9259089052287582 0.7367749183006536 0.93234272875817 0.7377961601307189 0.9362234477124184 0.7453533496732025 0.9336703431372548 0.7512765522875817 0.9274407679738562 0.7539317810457515 0.9224366830065359 0.75250204248366 0.9198835784313726 0.7498468137254902
0 0.9286477411477411 0.7221459096459096 0.9314713064713065 0.7184065934065935 0.9361263736263735 0.7161935286935287 0.9413919413919414 0.7172619047619048 0.9444444444444444 0.7211538461538463 0.9456654456654456 0.7251984126984127 0.9442155067155068 0.7286324786324786 0.9416971916971917 0.7317612942612942 0.9356684981684981 0.7322191697191697 0.9309371184371185 0.7298534798534799 0.929563492063492 0.7264957264957265
0 0.9127747252747253 0.7035256410256411 0.9146062271062272 0.6990995115995117 0.9194139194139194 0.6957417582417582 0.9255189255189256 0.6963522588522589 0.9281898656898657 0.6997863247863249 0.9298687423687424 0.7042124542124543 0.9280372405372405 0.7078754578754579 0.9260531135531136 0.7114621489621489 0.9216269841269842 0.7127594627594628 0.9173534798534799 0.7113858363858363 0.9150641025641025 0.7079517704517705
0 0.9391788766788767 0.7005494505494505 0.9409340659340658 0.6969627594627595 0.9464285714285713 0.6948260073260074 0.952075702075702 0.6963522588522589 0.9552045177045175 0.7019993894993896 0.9547466422466422 0.7068833943833944 0.9514652014652014 0.7106227106227107 0.946886446886447 0.7116910866910867 0.9407051282051282 0.709478021978022 0.9392551892551892 0.705509768009768
0 0.9229473039215687 0.6848192401960784 0.9231770833333334 0.6799938725490197 0.9253216911764706 0.676547181372549 0.9294577205882352 0.6747089460784313 0.9356617647058824 0.6762408088235293 0.9388786764705882 0.6798406862745098 0.9396446078431372 0.6853553921568627 0.9364276960784313 0.6901041666666666 0.9314491421568628 0.6911764705882353 0.9270067401960784 0.6902573529411764 0.9239430147058824 0.6865042892156863
0 0.9481464460784313 0.6806832107843137 0.9501378676470588 0.6762408088235293 0.956265318627451 0.6737898284313726 0.9608609068627452 0.6750919117647058 0.9643075980392156 0.6780790441176471 0.9647671568627452 0.6830575980392156 0.9636182598039216 0.6874234068627452 0.9610140931372548 0.6901041666666666 0.9571078431372548 0.6910998774509803 0.9513633578431372 0.6888786764705882 0.9494485294117646 0.6871936274509803
0 0.8880735492577597 0.6341093117408908 0.8920377867746287 0.6315789473684211 0.8963394062078271 0.6321693657219973 0.8985323886639678 0.634952766531714 0.8995445344129557 0.6392543859649124 0.8964237516869097 0.6437246963562753 0.8923751686909581 0.6449055330634278 0.8878205128205127 0.6428812415654521 0.8866396761133604 0.6397604588394062
0 0.902580971659919 0.6369770580296896 0.9051113360323886 0.6333502024291499 0.9105937921727396 0.6322537112010796 0.9145580296896086 0.6351214574898786 0.9153171390013495 0.6403508771929824 0.9120276653171391 0.6443994601889339 0.9049426450742241 0.6439777327935222 0.9032557354925775 0.6399291497975709
0 0.9010416666666665 0.6198830409356725 0.8990314327485379 0.6168676900584795 0.8993969298245613 0.6125730994152047 0.9025036549707601 0.6099232456140351 0.9082602339181286 0.6086440058479532 0.9130116959064327 0.6116593567251463 0.9134685672514619 0.6172331871345029 0.9101790935672514 0.6216191520467836 0.903782894736842 0.6212536549707602
0 0.9036001461988303 0.5984100877192983 0.9003106725146197 0.5959429824561404 0.8998538011695905 0.592013888888889 0.9018640350877193 0.5880847953216375 0.9071637426900584 0.5858918128654971 0.9133771929824561 0.5882675438596491 0.9150219298245613 0.5933845029239766 0.9120065789473684 0.5985014619883041
