0 0.419942876344086 0.7878864247311828 0.41549059139784944 0.7864583333333334 0.4135584677419355 0.7848622311827957 0.4129704301075269 0.7799059139784945 0.414986559139785 0.7766297043010753 0.41742271505376344 0.7749495967741935 0.4222950268817205 0.7744455645161291 0.42506720430107525 0.7765456989247311 0.4264112903225806 0.7804099462365591 0.4254032258064517 0.7846102150537634 0.4239751344086022 0.787130376344086
0 0.44321236559139776 0.7873823924731183 0.4392641129032258 0.7867103494623656 0.437584005376344 0.7839381720430108 0.4366599462365591 0.7808299731182795 0.43792002688172044 0.7765456989247311 0.4407762096774193 0.7744455645161291 0.44590053763440857 0.7745295698924731 0.44867271505376344 0.7775537634408601 0.45018481182795694 0.7818380376344085 0.44808467741935476 0.7851142473118279 0.44438844086021506 0.7872143817204301
0 0.42061491935483875 0.7709173387096775 0.4153225806451613 0.7693212365591398 0.41288642473118276 0.7660450268817204 0.4127184139784947 0.7610887096774193 0.4138944892473118 0.758736559139785 0.4159106182795699 0.7571404569892473 0.4205309139784947 0.7565524193548387 0.42355510752688175 0.7580645161290323 0.4255712365591398 0.7612567204301075 0.4256552419354839 0.766549059139785 0.423807123655914 0.7689012096774193
0 0.44262432795698925 0.770581317204301 0.4390961021505376 0.768565188172043 0.43707997311827956 0.7647849462365591 0.4371639784946236 0.7599966397849462 0.43960013440860213 0.7573924731182796 0.44405241935483875 0.7563844086021505 0.4488407258064516 0.7589045698924731 0.4506048387096773 0.7640288978494623 0.4485887096774193 0.7681451612903225
0 0.41693490701001434 0.7422210300429184 0.4136266094420601 0.7399856938483548 0.41201716738197425 0.7364091559370529 0.41201716738197425 0.7331008583690987 0.4141630901287553 0.7292560801144492 0.41747138769670955 0.7280042918454935 0.4216738197424892 0.728898426323319 0.42498211731044344 0.7321173104434907 0.4254291845493562 0.7365879828326181 0.4235515021459227 0.7391809728183119 0.42176323319027176 0.7409692417739628
0 0.4437589413447783 0.7415951359084406 0.43928826895565093 0.7408798283261803 0.4369635193133047 0.7378397711015736 0.43597997138769673 0.7344420600858369 0.43723175965665234 0.7305972818311874 0.44036123032904145 0.727914878397711 0.4465307582260372 0.7283619456366237 0.4495708154506438 0.7330114449213161 0.4492131616595136 0.7364985693848355 0.44751430615164517 0.7390021459227467
0 0.4996156211562116 0.7708333333333335 0.49707872078720794 0.7683733087330874 0.49554120541205415 0.763068880688807 0.49623308733087335 0.7590713407134072 0.4990774907749078 0.7547662976629766 0.5035362853628537 0.7523831488314883 0.5081488314883149 0.7523062730627307 0.51329950799508 0.7546125461254612 0.5166820418204183 0.7604551045510455 0.5166051660516605 0.7663745387453875 0.5137607626076262 0.7702183271832719 0.5097632226322263 0.7727552275522755 0.504920049200492 0.7728321033210332
0 0.49019788593903635 0.7615228613569321 0.4898906096361849 0.7644727138643067 0.4882927728613569 0.7663778269419862 0.4841752704031465 0.766316371681416 0.48276179941002945 0.7652716322517208 0.481839970501475 0.7628134218289085 0.4827003441494592 0.7601093903638151 0.4839909046214356 0.7586344641101278 0.48749385447394294 0.758081366764995 0.4896447885939037 0.7594948377581121
0 0.4899248633879782 0.7391848816029144 0.48964025500910746 0.7418032786885246 0.48781876138433516 0.7438524590163934 0.48480191256830596 0.7441370673952641 0.48263888888888884 0.7433401639344263 0.48161429872495454 0.741120218579235 0.4811020036429873 0.7384448998178507 0.4828665755919854 0.7362249544626593 0.4857126593806922 0.7355988160291439 0.48912795992714025 0.7366234061930783
0 0.533960027100271 0.6958841463414633 0.5331978319783197 0.6915650406504065 0.5350609756097561 0.6863143631436314 0.5399728997289972 0.6838584010840109 0.5464092140921408 0.6848746612466124 0.5506436314363143 0.6886856368563685 0.551490514905149 0.6930894308943089 0.5501355013550135 0.6976626016260162 0.5465785907859079 0.7006266937669376 0.5422594850948509 0.7012195121951219 0.5375169376693767 0.6996104336043361
0 0.5095186781609196 0.700969827586207 0.5044899425287357 0.7002514367816093 0.5014367816091955 0.6981860632183909 0.4999102011494253 0.6941451149425287 0.5002693965517242 0.689385775862069 0.5028735632183909 0.685614224137931 0.5098778735632185 0.6836386494252874 0.5147270114942529 0.6858836206896552 0.5170617816091955 0.6898347701149427 0.5171515804597702 0.6958512931034484 0.5131106321839082 0.699712643678161
0 0.49786706349206344 0.7476686507936507 0.4955853174603175 0.7441964285714285 0.4952876984126984 0.7378472222222222 0.49667658730158726 0.7332837301587302 0.5021329365079364 0.7297123015873015 0.5095734126984126 0.7299107142857143 0.5146329365079364 0.7333829365079364 0.5167162698412698 0.7391369047619047 0.5146329365079364 0.7464781746031746 0.5100694444444444 0.7503472222222222 0.5029265873015872 0.7499503968253968
0 0.47975049164208455 0.6955199115044248 0.47796828908554573 0.6932460668633236 0.4774766470009833 0.6910336774827925 0.4783984759095379 0.688698377581121 0.4803650442477876 0.6875307276302851 0.48423672566371684 0.6875921828908554 0.48601892822025566 0.6899274827925271 0.4862647492625369 0.6931846116027532 0.48429818092428706 0.6950282694198624
0 0.4700405604719764 0.6948439036381514 0.46776671583087515 0.6955199115044248 0.4640179449360865 0.6947209931170109 0.4629732055063913 0.6923242379547689 0.4630346607669617 0.6893129301868239 0.4643866764995083 0.687899459193707 0.46819690265486724 0.6868547197640118 0.4712082104228122 0.6889441986234022 0.4716383972468043 0.6914024090462143
0 0.43004541864139023 0.6437105055292259 0.4306378357030016 0.6488447867298579 0.4274782780410743 0.6556575829383886 0.4215541074249605 0.6573360979462876 0.4150375197472354 0.655756319115324 0.4125691153238547 0.6509182464454977 0.41177922590837285 0.6450928120063192 0.41424763033175355 0.6413408372827805 0.417407187993681 0.6380825434439179 0.4248124012638231 0.6380825434439179 0.4294530015797789 0.6405509478672986
0 0.44080766192733023 0.6549664296998421 0.4384379936808847 0.6490422590837284 0.4392278830963665 0.6431180884676145 0.4431773301737757 0.6390699052132702 0.4503850710900474 0.6380825434439179 0.4576915481832544 0.6418345181674566 0.45996248025276465 0.6464751184834123 0.459271327014218 0.6530904423380727 0.45482819905213273 0.65625 0.45048380726698267 0.6572373617693523 0.44367101105845186 0.6572373617693523
0 0.505318368544601 0.646236795774648 0.5049515845070424 0.6507849178403756 0.5017972417840376 0.6549662558685446 0.4973958333333334 0.6570936032863851 0.491380575117371 0.6573136737089202 0.48587881455399073 0.6551863262910799 0.48353139671361506 0.6496845657276996 0.48331132629107987 0.6449897300469485 0.48668573943661975 0.6401481807511737 0.4927009976525822 0.6381675469483569 0.5015771713615024 0.6394146126760564
0 0.534341704718417 0.6486872146118722 0.5328196347031964 0.6542998477929985 0.526255707762557 0.6581050228310502 0.518455098934551 0.6583904109589042 0.513888888888889 0.6543949771689498 0.5117009132420092 0.6464041095890412 0.5168378995433791 0.6400304414003044 0.524923896499239 0.6382229832572298 0.5324391171993912 0.6423135464231355
0 0.50808599695586 0.624048706240487 0.5043759512937596 0.628900304414003 0.49771689497716903 0.6313736681887366 0.4874429223744293 0.6288051750380518 0.48344748858447495 0.6222412480974125 0.48544520547945214 0.614630898021309 0.49305555555555564 0.6104452054794521 0.5017123287671232 0.6104452054794521 0.5070395738203958 0.6163432267884323
0 0.5623159599528857 0.6490356301531213 0.5604019434628975 0.6531581272084805 0.556353062426384 0.6556610718492344 0.550684628975265 0.6550721436984688 0.5467093639575972 0.6531581272084805 0.5454578916372202 0.6482994699646643 0.5474455241460542 0.6441033568904593 0.551199941107185 0.641232332155477 0.5577517667844524 0.6423365724381626 0.5618742638398115 0.6464590694935217
0 0.4329016516516517 0.6192755255255256 0.43177552552552556 0.6259384384384384 0.4256756756756757 0.6302552552552553 0.4176051051051052 0.629222972972973 0.4130067567567568 0.6240615615615616 0.4117867867867868 0.6190878378378378 0.4141328828828829 0.6135510510510511 0.4180743243243244 0.6103603603603605 0.4257695195195196 0.6102665165165165 0.43196321321321324 0.6151463963963965
0 0.5579307259713702 0.6178105828220859 0.557547290388548 0.6215810327198364 0.5556301124744377 0.6236260224948876 0.5536490286298569 0.6240094580777097 0.5504537321063395 0.6231786809815951 0.5495590490797546 0.6214532208588958 0.5490478016359919 0.6192165132924337 0.5496868609406953 0.6170437116564418 0.551284509202454 0.6155099693251533 0.5544158997955011 0.6145513803680982 0.5571638548057259 0.6167880879345604
0 0.5618142633228841 0.5921826018808777 0.5617489550679206 0.5967541797283177 0.5597243991640544 0.5999542842215256 0.5557405956112853 0.6017176071055381 0.5484913793103449 0.5996277429467085 0.5476423719958202 0.5964276384535006 0.5469892894461861 0.5925744514106583 0.5480342215256009 0.5900927377220481 0.5512996342737722 0.5875457157784744 0.555544670846395 0.587023249738767 0.559201933124347 0.5891784221525601
0 0.543188202247191 0.5929892322097378 0.543188202247191 0.5968515917602996 0.5411399812734081 0.6000117041198502 0.5370435393258427 0.6017673220973783 0.532127808988764 0.6005969101123595 0.5294943820224719 0.5976708801498127 0.5288506554307115 0.5941011235955056 0.5293188202247191 0.5904728464419475 0.5328885767790261 0.5876638576779026 0.5389161985018727 0.5874297752808988
0 0.5630772460117548 0.5731003358522251 0.5626574307304786 0.5774559193954659 0.5594563392107471 0.5808669185558354 0.555363140218304 0.5812867338371116 0.5506926952141058 0.5808144416456759 0.5483837111670865 0.5775608732157851 0.547649034424853 0.5741498740554156 0.548436188077246 0.5700041981528127 0.5515848026868179 0.5675377833753148 0.5556255247691017 0.5667506297229219 0.5613455079764903 0.569636859781696
0 0.5438182199832073 0.5751994122586062 0.5420340050377833 0.5796599496221662 0.5386230058774139 0.5811817800167925 0.5335327455919395 0.5811817800167925 0.5297544080604534 0.577665827036104 0.5289672544080605 0.5747795969773299 0.5295969773299748 0.5718408900083962 0.5314861460957178 0.5689021830394626 0.5352644836272039 0.5673803526448362 0.5405121746431569 0.5672229219143577 0.5428211586901763 0.5707913518052057
0 0.5001590330788804 0.5714853689567431 0.49848918575063617 0.5755407124681934 0.49483142493638677 0.5771310432569974 0.4887881679389313 0.5750636132315521 0.4873568702290077 0.5733142493638678 0.48743638676844786 0.5696564885496184 0.4899809160305344 0.5661577608142494 0.49594465648854963 0.5662372773536896
0 0.45720284237726105 0.5727551679586563 0.456233850129199 0.5776808785529717 0.45066214470284244 0.5804263565891473 0.4442021963824289 0.579780361757106 0.44024547803617575 0.5756621447028424 0.43879198966408267 0.5721899224806202 0.4403262273901809 0.5670219638242894 0.44484819121447033 0.5641957364341085 0.4498546511627907 0.5645187338501292 0.4558301033591731 0.567748708010336
0 0.43128229974160204 0.5743701550387598 0.4282138242894057 0.579295865633075 0.4226421188630491 0.5800226098191215 0.41771640826873385 0.5790536175710594 0.41440568475452194 0.5751776485788114 0.41400193798449614 0.5704134366925064 0.41723191214470284 0.5657299741602068 0.4219153746770026 0.5641957364341085 0.4273255813953489 0.5652454780361758 0.4303940568475452 0.56968669250646
0 0.45591085271317827 0.5943959948320414 0.4541343669250646 0.5993217054263567 0.4502583979328166 0.6012596899224806 0.44291020671834624 0.6008559431524548 0.43968023255813954 0.5974644702842378 0.4389534883720931 0.5930232558139534 0.44097222222222227 0.5886627906976745 0.4481589147286822 0.5855943152454781 0.454780361757106 0.5893087855297158
0 0.43087855297157623 0.5945574935400517 0.4293443152454781 0.5995639534883721 0.42441860465116277 0.6016634366925064 0.41787790697674415 0.6008559431524548 0.41505167958656325 0.5981104651162791 0.41343669250645987 0.5939114987080104 0.4151324289405685 0.5898740310077519 0.4174741602067183 0.5868055555555556 0.4248223514211886 0.5856750645994833 0.4296673126614987 0.590843023255814
0 0.15088572854291415 0.311439620758483 0.14464820359281436 0.30956836327345316 0.14015718562874252 0.3014595808383234 0.14003243512974053 0.29422405189620754 0.1434006986027944 0.2868637724550898 0.1505114770459082 0.28249750499001997 0.16136477045908182 0.28237275449101795 0.16797654690618763 0.2864895209580839 0.17047155688622753 0.29534680638722555 0.1697230538922156 0.30183383233532934 0.1657310379241517 0.30719810379241524 0.15924401197604793 0.3109406187624751
0 0.15666010498687663 0.35925196850393704 0.1469816272965879 0.3585958005249344 0.1391076115485564 0.354002624671916 0.13697506561679787 0.3412073490813648 0.13992782152230968 0.33431758530183725 0.1474737532808399 0.32956036745406825 0.15813648293963253 0.3290682414698162 0.1643700787401575 0.3315288713910761 0.16896325459317585 0.33891076115485563 0.17043963254593175 0.34596456692913385 0.16715879265091863 0.35433070866141736
0 0.22103805394990364 0.3111151252408478 0.2169436416184971 0.3087066473988439 0.21224710982658956 0.3024446050096339 0.2100794797687861 0.2957008670520231 0.21116329479768783 0.2905226396917148 0.21730491329479767 0.28329720616570325 0.22790221579961464 0.28161127167630057 0.2398241811175337 0.2859465317919075 0.2447615606936416 0.2922085741811175 0.245002408477842 0.29967485549132944 0.24030587668593445 0.30834537572254334 0.23175578034682082 0.31340317919075145 0.22453034682080925 0.3123193641618497
0 0.2332008670520231 0.3614523121387283 0.22284441233140653 0.3608501926782273 0.21369219653179192 0.35422687861271673 0.2106815992292871 0.34567678227360304 0.21104287090558765 0.3383309248554913 0.21670279383429672 0.33182803468208094 0.22465077071290945 0.3290582851637765 0.23476637764932562 0.3313463391136801 0.24223265895953755 0.3388126204238921 0.24391859344894026 0.3461584778420039 0.24187138728323698 0.3535043352601156 0.23729527938342965 0.3597663776493256
0 0.2889694940476191 0.34300595238095244 0.28841145833333337 0.3498883928571429 0.28515625000000006 0.35630580357142866 0.27929687500000006 0.359561011904762 0.2711123511904763 0.3604910714285715 0.2640438988095239 0.357514880952381 0.25976562500000006 0.351655505952381 0.25864955357142866 0.3433779761904763 0.26236979166666674 0.3355654761904763 0.2698102678571429 0.3310081845238096 0.27818080357142866 0.3309151785714286 0.28497023809523814 0.3348214285714286
0 0.29101562500000006 0.29380580357142866 0.2901785714285715 0.3018973214285715 0.2886904761904763 0.30617559523809534 0.28394717261904767 0.3107328869047619 0.27743675595238104 0.3129650297619048 0.2705543154761906 0.31194196428571436 0.26320684523809534 0.3076636904761906 0.26060267857142866 0.30078125000000006 0.26097470238095244 0.29427083333333337 0.26450892857142866 0.2881324404761906 0.27036830357142866 0.2836681547619048 0.27864583333333337 0.28264508928571436 0.2854352678571429 0.2847842261904763 0.28980654761904767 0.29027157738095244
0 0.3627136752136752 0.34254807692307687 0.36071047008547 0.35470085470085466 0.3548344017094017 0.36071047008547 0.34268162393162394 0.36124465811965817 0.33587072649572647 0.358974358974359 0.3310630341880342 0.3543002136752137 0.32865918803418803 0.34668803418803423 0.3310630341880342 0.3386752136752137 0.33814102564102566 0.3315972222222222 0.3520299145299145 0.3301282051282051 0.36124465811965817 0.33587072649572647
0 0.35470085470085466 0.31316773504273504 0.3417467948717948 0.31356837606837606 0.3327991452991453 0.3075587606837607 0.3311965811965812 0.29607371794871795 0.33520299145299143 0.2881944444444444 0.344818376068376 0.2831196581196581 0.3576388888888889 0.2845886752136752 0.3644497863247863 0.2956730769230769 0.36351495726495725 0.3055555555555555
0 0.43076313405797095 0.3268229166666667 0.4282721920289854 0.33452219202898553 0.42057291666666663 0.3379189311594203 0.41366621376811596 0.3367866847826087 0.4102694746376812 0.3306725543478261 0.4098165760869565 0.32365262681159424 0.41185461956521735 0.31957653985507245 0.41627038043478265 0.31765172101449274 0.42408288043478265 0.3175384963768116
0 0.42680027173913043 0.298629981884058 0.42600769927536236 0.30576313405797106 0.4197803442028986 0.3090466485507246 0.412307518115942 0.30734827898550726 0.41072237318840576 0.3015738224637681 0.41140172101449274 0.29444067028985504 0.4166100543478261 0.29194972826086957 0.42261096014492755 0.2941009963768116
0 0.427253170289855 0.27881567028985504 0.4247622282608695 0.28526947463768115 0.4189877717391305 0.28662817028985504 0.41310009057971014 0.2843636775362319 0.41038269927536236 0.2782495471014493 0.4119678442028986 0.2734941123188406 0.4163836050724638 0.2703238224637681 0.4218183876811594 0.26941802536231885 0.42702672101449274 0.2734941123188406
0 0.4531816123188405 0.27881567028985504 0.44955842391304346 0.2843636775362319 0.4448029891304347 0.2856091485507246 0.4395946557971014 0.2837975543478261 0.43744338768115937 0.28187273550724634 0.43574501811594196 0.27723052536231885 0.4380095108695652 0.27281476449275366 0.4436707427536231 0.26975769927536236 0.4514832427536231 0.26975769927536236
