0 0.24684115523465702 0.7930204572803851 0.2447352587244284 0.7903880866425992 0.2437575210589651 0.7853489771359808 0.2457129963898917 0.7814380264741276 0.24857099879663053 0.7791064981949458 0.25458784596871237 0.779783393501805 0.2584987966305656 0.7840703971119134 0.25797232250300844 0.7888838748495788 0.25564079422382674 0.792719614921781 0.2515794223826715 0.7942238267148014
0 0.2922341115434501 0.84492542153048 0.2923962386511025 0.8418450064850844 0.2950306236080178 0.8381820712694877 0.2984641796585003 0.8377644766146993 0.30212973273942095 0.8393884558277654 0.303985708982925 0.8437499999999999 0.3014801410541945 0.8480651447661469 0.29832498144023756 0.8492715293244247 0.2944738307349666 0.8482507423904974
0 0.27317994505494503 0.8464400183150184 0.2726076007326007 0.8428914835164835 0.27398122710622713 0.8397435897435896 0.2765567765567765 0.8377403846153846 0.2815361721611721 0.8385416666666666 0.283768315018315 0.8419184981684981 0.283367673992674 0.8461538461538463 0.28130723443223443 0.8486149267399268 0.2782165750915751 0.8492445054945055 0.27501144688644685 0.8483287545787547
0 0.22129755434782608 0.814368206521739 0.21767436594202902 0.8133491847826086 0.2142776268115942 0.8094995471014492 0.21439085144927536 0.804404438405797 0.21812726449275363 0.800101902173913 0.2236752717391304 0.7993093297101449 0.22820425724637683 0.8028192934782608 0.22854393115942032 0.8083673007246376 0.2268455615942029 0.812896286231884
0 0.209841470258137 0.8900462962962964 0.20773709315375985 0.889064253647587 0.20640432098765435 0.8860479797979798 0.20675505050505052 0.8839436026936027 0.20899971941638612 0.8821899551066218 0.21271745230078565 0.8824003928170595 0.21426066217732886 0.886398709315376 0.21257716049382716 0.8897657126823794
0 0.19981751824817523 0.7945559610705595 0.19753649635036502 0.7931113138686131 0.19555961070559616 0.7899178832116788 0.1954075425790755 0.7867244525547444 0.19700425790754264 0.7845954987834549 0.20042579075425795 0.7829227493917275 0.20498783454987843 0.7843673965936739 0.20666058394160589 0.7887013381995134 0.20567214111922147 0.7922749391727494
0 0.23307761732851986 0.8373194945848376 0.2322503008423586 0.8332581227436823 0.23307761732851986 0.8291967509025272 0.23601083032490977 0.8265643802647413 0.24052346570397115 0.825586642599278 0.24556257521058966 0.8282190132370638 0.24691636582430807 0.8334085439229844 0.2457129963898917 0.8376955475330926 0.24150120336943445 0.8401774969915765 0.23736462093862817 0.8403279181708785
0 0.21520456827309242 0.8602221385542168 0.2130710341365462 0.8595318775100401 0.21156501004016068 0.857586596385542 0.21118850401606432 0.8548255522088353 0.2130710341365462 0.8527547690763053 0.21620858433734944 0.8525665160642572 0.21865587349397594 0.8541980421686748 0.21909513052208843 0.8569590863453815 0.21846762048192778 0.8592808734939759
0 0.19819210737179485 0.8726712740384616 0.19563802083333334 0.8712690304487181 0.19463641826923075 0.8695162259615384 0.19443609775641021 0.8675631009615384 0.1959885817307692 0.8651592548076924 0.19864282852564102 0.8648086939102565 0.20159755608974356 0.8662109375 0.20224859775641021 0.8690154246794873 0.20124699519230768 0.8714693509615384
0 0.18411578341013826 0.8547667050691243 0.18272369431643626 0.8532786098310292 0.1820996543778802 0.8509744623655915 0.18272369431643626 0.8489583333333334 0.1850758448540707 0.8472782258064516 0.18805203533026116 0.8477102534562211 0.19035618279569894 0.8502064132104455 0.18968413978494625 0.8530865975422427 0.18776401689708141 0.8544786866359447
0 0.2031415343915344 0.8433531746031746 0.20023148148148148 0.8416997354497354 0.19937169312169312 0.8391203703703703 0.1998346560846561 0.8370701058201059 0.20168650793650794 0.8352182539682541 0.20539021164021165 0.8349537037037037 0.2075727513227513 0.8374669312169313 0.2076388888888889 0.841170634920635 0.2056547619047619 0.8428240740740742
0 0.17195820021299255 0.8368277422790203 0.17009451544195955 0.834365015974441 0.1704273162939297 0.8315029286474974 0.17249068157614483 0.8297723642172523 0.1757521299254526 0.8296392438764645 0.17801517571884987 0.8319022896698617 0.17768237486687966 0.8355630990415335 0.17555244941427048 0.8376930244941426
0 0.15338791267305643 0.8536009052183173 0.1503927050053248 0.8543996272630459 0.14713125665601703 0.8531349840255592 0.1459331735889244 0.8503394568690097 0.14659877529286475 0.8476104898828541 0.14879526091586792 0.8459464856230031 0.15318823216187435 0.8467452076677316 0.15458599574014906 0.8507388178913737
0 0.19077426810477657 0.8275231124807396 0.18942604006163327 0.8271379044684131 0.18852722136620442 0.8254686697483307 0.18839881869542888 0.8237994350282486 0.18929763739085773 0.8223228043143297 0.19035695942475603 0.821712891628146 0.19276450950179766 0.8220980996404726 0.1939843348741654 0.8236710323574731 0.1938559322033898 0.8255007704160248 0.19295711350796096 0.8270416024653313
0 0.19247560349255266 0.8211671802773498 0.19061376476630712 0.8203646635850026 0.18974704673857218 0.8193695428864921 0.18945814072932715 0.8179571135079611 0.18984334874165384 0.8166409861325116 0.19074216743708267 0.815645865434001 0.1922829994863893 0.8152606574216744 0.19459424756034924 0.8160952747817155 0.19513995891114533 0.8176682074987159 0.1947547508988187 0.8199473549049819
0 0.6245235620235621 0.9751819126819127 0.6246534996534997 0.9778239778239779 0.6225311850311851 0.9798596673596673 0.6198891198891199 0.9802927927927927 0.618069993069993 0.9786036036036034 0.617420304920305 0.9768277893277892 0.6180266805266805 0.9742723492723493 0.6202356202356202 0.9728430353430353 0.6226178101178101 0.9731029106029105
0 0.6655634758995248 0.9483621860149354 0.663866259334691 0.9471741344195518 0.6632722335369994 0.9450950441276306 0.6636965376782077 0.9435251188051594 0.6647997284453496 0.9423370672097758 0.6662423625254582 0.9416157501697214 0.6690003394433129 0.9425492192803802 0.6700186693822132 0.9453496266123557 0.6687881873727087 0.947683299389002 0.6675577053632044 0.9483197556008145
0 0.6080729166666666 0.7126507675438596 0.6056058114035088 0.7116456505847952 0.6042808845029239 0.7096354166666666 0.6045093201754386 0.7072596856725146 0.6053316885964912 0.7055692616959064 0.6082099780701754 0.7049296418128654 0.6106313961988304 0.7060261330409356 0.6111796418128654 0.7096811038011696 0.6101288377192983 0.7116456505847952
0 0.618078399122807 0.7086759868421052 0.6166164108187134 0.7061175073099415 0.6165707236842105 0.7043813961988304 0.6178956505847953 0.7027366593567251 0.6201800073099415 0.701594480994152 0.6231953581871346 0.702828033625731 0.6242461622807017 0.7059347587719298 0.6224186769005847 0.7085389254385964 0.6202256944444444 0.7093612938596491
0 0.6303490990990991 0.7049361861861861 0.6292605105105106 0.7024962462462463 0.6298611111111111 0.700319069069069 0.6310623123123122 0.6990052552552553 0.6334647147147147 0.6986298798798799 0.6356794294294295 0.6997184684684685 0.6364677177177178 0.7018581081081081 0.6364677177177178 0.7040352852852853 0.6349286786786786 0.7055743243243243 0.6329016516516517 0.7061373873873874
0 0.7454805996472663 0.6109457671957672 0.7418981481481481 0.6091269841269842 0.7402998236331569 0.6062059082892416 0.7409060846560847 0.6021274250440918 0.7445436507936508 0.5990961199294532 0.7483465608465608 0.599592151675485 0.7510471781305115 0.6011353615520282 0.7525903880070547 0.6049382716049382 0.7512676366843034 0.6087411816578484 0.7490630511463845 0.6107253086419753
0 0.6470525869380831 0.5038698049194232 0.6458333333333334 0.5018023748939779 0.6459923664122137 0.49925784563189146 0.6475826972010178 0.4972964376590331 0.6501272264631044 0.4965012722646311 0.6529898218829516 0.49835665818490243 0.6537319762510602 0.5008481764206955 0.6525657336726038 0.503392705682782 0.6502862595419847 0.5047709923664122 0.6474766751484308 0.5043999151823579
0 0.640479219677693 0.504187871077184 0.6391539440203563 0.5031806615776081 0.638676844783715 0.501696352841391 0.6393129770992366 0.5001590330788804 0.6409563189143341 0.49952290076335876 0.6425466497031382 0.4997349448685327 0.6433418150975403 0.5013782866836302 0.6431297709923665 0.5032336726039016
0 0.44996044303797467 0.4922863924050632 0.44508175105485226 0.4896492616033755 0.444290611814346 0.48239715189873417 0.4481144514767932 0.47817774261603374 0.4547072784810126 0.47791402953586487 0.4591904008438818 0.48186972573839654 0.45879483122362863 0.4876714135021097 0.4553665611814346 0.49215453586497887
0 0.456306882821388 0.4669013083048919 0.45353384527872587 0.4647682025028442 0.4520406712172924 0.46185295790671216 0.45189846416382257 0.45858219567690556 0.45374715585893055 0.4552403299203641 0.45808447098976113 0.453391638225256 0.46355944254835035 0.4548137087599545 0.46626137656427763 0.4589377133105802 0.46540813424345845 0.4632039249146758 0.463061717861206 0.46562144482366324 0.46021757679180886 0.46768344709897613
0 0.48780574516496017 0.4746515927189988 0.4857437428896473 0.47145193401592717 0.48567263936291244 0.46739903299203645 0.48851678043230945 0.4642704778156997 0.49200085324232085 0.46355944254835035 0.4955560295790671 0.46540813424345845 0.49726251422070533 0.4699587599544937 0.49640927189988626 0.47258959044368604 0.49313850967007966 0.47522042093287825
0 0.5083546643913538 0.4712386234357225 0.5050839021615472 0.4689633105802048 0.5032352104664392 0.465905858930603 0.5035196245733788 0.4632039249146758 0.5055816268486917 0.46021757679180886 0.5087812855517634 0.45900881683731515 0.51205204778157 0.4594354379977247 0.5147539817974971 0.46206626848691695 0.5153228100113766 0.4663324800910126 0.5134030147895335 0.4692477246871445
0 0.5259172354948806 0.4605730944254835 0.5233575085324232 0.45843998862343577 0.5225042662116041 0.4548137087599545 0.5237130261660978 0.4518273606370876 0.5267704778156996 0.4493387372013652 0.5311788964732651 0.45004977246871447 0.5341652445961319 0.45332053469852107 0.533098691695108 0.45879550625711035 0.529401308304892 0.4605730944254835
0 0.4957693401592719 0.4517562571103527 0.490863196814562 0.45090301478953354 0.4880901592718999 0.44784556313993173 0.4873080204778157 0.4436504550625711 0.48944112627986347 0.4393131399317406 0.49356513083048925 0.4375355517633675 0.49847127417519915 0.43860210466439137 0.501457622298066 0.44272610921501704 0.5007465870307167 0.4482721843003413
0 0.46683020477815695 0.4435793515358362 0.4617818543799772 0.4411618316268487 0.4598620591581343 0.4366823094425483 0.4612841296928328 0.4314206484641638 0.46739903299203645 0.4286476109215017 0.47237627986348124 0.43085182025028446 0.4745804891922639 0.43554465301478956 0.47394055745164965 0.4395975540386803 0.4710964163822526 0.4425839021615472
0 0.5328714622641509 0.43558372641509435 0.5307095125786163 0.44069378930817604 0.5260908018867924 0.4422661163522013 0.5220617138364779 0.4404972484276729 0.5204893867924528 0.4371560534591195 0.5209807389937107 0.4334217767295597 0.5231426886792453 0.43096501572327045 0.5266804245283019 0.4299823113207547 0.5312991352201257 0.4318494496855346
0 0.5192754154447703 0.42586143695014667 0.5164039589442816 0.42738880742913 0.5115163734115348 0.42683895405669603 0.5089503910068426 0.4235398338220918 0.5091336754643206 0.42011852394916904 0.5113330889540567 0.416636119257087 0.5158541055718475 0.4155364125122189 0.5196419843597263 0.4177358260019551 0.5208027859237537 0.42140151515151514 0.5203140273704789 0.4245173509286413
0 0.4950214460784314 0.42072610294117657 0.4924938725490196 0.42440257352941185 0.4896599264705882 0.42570465686274517 0.4853707107843137 0.42585784313725494 0.4821537990196078 0.42363664215686275 0.4805453431372549 0.418811274509804 0.4816942401960784 0.41475183823529416 0.4856004901960784 0.41161151960784326 0.4901960784313726 0.4113051470588236 0.4944087009803922 0.41436887254901966
0 0.518884268884269 0.40921690921690923 0.5159823284823285 0.40882709632709635 0.5140765765765766 0.40752772002772003 0.5128638253638254 0.4053620928620929 0.5124740124740125 0.4029365904365904 0.513080388080388 0.4002079002079002 0.5160689535689535 0.398042273042273 0.5210932085932086 0.39799896049896055 0.5234320859320859 0.40059771309771314 0.5241683991683992 0.40371621621621623 0.5235620235620235 0.406488218988219 0.5215696465696466 0.4083073458073458
0 0.5064709595959596 0.36903409090909095 0.5045770202020202 0.3668876262626263 0.5047032828282828 0.3639835858585858 0.5057765151515151 0.36234217171717176 0.508364898989899 0.3619002525252525 0.5108270202020202 0.36423611111111115 0.510385101010101 0.36770833333333336 0.5084280303030303 0.3692234848484849
0 0.5227588383838383 0.36013257575757573 0.5203598484848484 0.3568497474747475 0.5200441919191919 0.3529987373737374 0.5225063131313131 0.348074494949495 0.5264204545454546 0.3472537878787879 0.530965909090909 0.3487689393939394 0.5338068181818182 0.353125 0.5322916666666667 0.35874368686868685 0.5288825757575757 0.36082702020202023 0.5247790404040404 0.36082702020202023
0 0.5045770202020202 0.3565972222222222 0.5025568181818182 0.35583964646464644 0.5015467171717172 0.35413510101010104 0.5015467171717172 0.35148358585858586 0.5026199494949495 0.3496527777777778 0.5050820707070707 0.3492739898989899 0.507354797979798 0.35041035353535355 0.5080492424242424 0.35318813131313137 0.5070391414141414 0.3556502525252525
0 0.5007762419871795 0.34287359775641024 0.49887319711538464 0.3418719951923077 0.49822215544871795 0.33961838942307687 0.49882311698717946 0.3374649439102564 0.5003756009615384 0.33631310096153844 0.5034805689102564 0.33666366185897434 0.5046824919871795 0.33901742788461536 0.5042317708333334 0.34167167467948717 0.5028796073717948 0.3428235176282051
0 0.501497005988024 0.3282601463739188 0.5004574184963407 0.32992348636061214 0.49883566200931473 0.33087990685296076 0.4962990685296074 0.33029773785761807 0.49505156353958757 0.3282601463739188 0.49542581503659355 0.32555721889554223 0.49708915502328677 0.3241017964071856 0.5000831669993346 0.32426813040585495 0.5016633399866934 0.32568196939454425
0 0.5165302267002518 0.33375314861460953 0.5144311502938705 0.33091939546599497 0.5136964735516373 0.3272984886649874 0.514850965575147 0.32393996641477746 0.5170549958018472 0.3220507976490344 0.5206234256926953 0.32136859781696053 0.525556255247691 0.3232577665827036 0.5271305625524769 0.32698362720403024 0.5251889168765742 0.332808564231738 0.5226175482787574 0.3347502099076406 0.5187867338371116 0.334592779177162
0 0.5420718916857361 0.3234410755148741 0.5420242181540809 0.3211527459954233 0.5426439740655988 0.3183400076277651 0.544598588863463 0.31590865751334857 0.5491752479023646 0.3146214721586575 0.5533705186880244 0.3169098016781083 0.555182112890923 0.3208190312738367 0.5539426010678871 0.32525266971777267 0.5502717391304348 0.3277316933638444 0.5464578565980168 0.3275886727688787 0.544169527078566 0.32615846681922195
0 0.476261620185923 0.32810424966799473 0.47094953519256316 0.32719123505976094 0.4685424966799469 0.324867197875166 0.4680444887118194 0.32005312084993365 0.4713645418326694 0.31590305444887123 0.4775066401062418 0.3166500664010624 0.48032868525896416 0.3207171314741036 0.48024568393094297 0.3247011952191235
0 0.4527960526315789 0.3196820175438596 0.45 0.31787280701754383 0.44895833333333335 0.31441885964912275 0.44939692982456136 0.31107456140350875 0.45137061403508766 0.3087171052631579 0.45531798245614036 0.30783991228070173 0.4585526315789474 0.30910087719298246 0.46058114035087716 0.3120065789473684 0.45975877192982456 0.31721491228070176 0.4575657894736842 0.3193530701754385
0 0.46048488664987397 0.3025818639798489 0.4580709487825356 0.3006926952141058 0.45654911838790935 0.29780646515533166 0.4566015952980689 0.2949202350965575 0.4579659949622167 0.29250629722921917 0.46032745591939545 0.2912468513853904 0.46368597816960533 0.2909844668345928 0.46620486985726284 0.2926112510495382 0.4678316540722083 0.2952875734676742 0.46762174643157 0.29927581863979846 0.46499790092359355 0.302004617968094
0 0.478012174643157 0.30940386230058775 0.47586062132661633 0.3068849706129303 0.47523089840470184 0.30363140218303947 0.47622795969773296 0.3009026028547439 0.4786418975650713 0.29901343408900083 0.48194794290512166 0.29859361880772456 0.4855163727959698 0.30053526448362716 0.486933249370277 0.30394626364399663 0.48588371116708645 0.30803946263643994 0.48367968094038627 0.3098761544920235 0.4804785894206549 0.31019101595298065
0 0.48316326530612247 0.2914965986394557 0.48188775510204085 0.28809523809523807 0.48214285714285715 0.2843537414965986 0.48409863945578235 0.2822278911564626 0.48775510204081635 0.28120748299319726 0.49149659863945583 0.28282312925170067 0.49362244897959184 0.285969387755102 0.4929421768707483 0.2906462585034013 0.4902210884353741 0.2928571428571428 0.4860544217687075 0.29328231292517004
0 0.475 0.2809523809523809 0.4741496598639456 0.2840986394557823 0.47142857142857136 0.28588435374149657 0.46819727891156465 0.285969387755102 0.4648809523809524 0.2845238095238095 0.4629251700680272 0.28120748299319726 0.46318027210884355 0.27780612244897956 0.46471088435374147 0.2750850340136054 0.4684523809523809 0.2738945578231292 0.4726190476190476 0.27482993197278904 0.4754251700680272 0.2776360544217687
0 0.5188657407407407 0.2969907407407408 0.515625 0.29739583333333336 0.5124421296296297 0.29560185185185184 0.5104166666666666 0.29270833333333335 0.5103009259259259 0.28900462962962964 0.5118055555555555 0.28628472222222223 0.5138888888888888 0.2846064814814815 0.5171875 0.2842013888888889 0.5201967592592592 0.28506944444444443 0.5227430555555556 0.2881944444444444 0.5232638888888889 0.29270833333333335 0.5216435185185184 0.295775462962963
0 0.5352463312368972 0.28651292802236206 0.5351589797344515 0.28384870719776384 0.5360324947589099 0.28105345911949686 0.5374737945492662 0.2794374563242488 0.5401816911250874 0.2783455625436758 0.5439814814814815 0.2785639412997904 0.5469951083158631 0.28074772886093646 0.548087002096436 0.2841544374563243 0.547038784067086 0.28825995807127885 0.5446366177498253 0.29053109713487074 0.541448287910552 0.2911862334032146 0.5374301187980434 0.28978860936408113
0 0.4868787489288775 0.26595972579263066 0.48575407026563844 0.2639245929734362 0.4851113967437875 0.2609254498714653 0.48564695801199664 0.2579263067694944 0.487146529562982 0.25551628106255353 0.4893423307626392 0.25385604113110544 0.4938946015424165 0.2532669237360754 0.49775064267352187 0.25498071979434445 0.4998393316195373 0.25910454155955437 0.49925021422450727 0.2641923736075407 0.4961975149957155 0.26788774635818335 0.49159168808911735 0.26847686375321334
0 0.47359682947729215 0.25931876606683807 0.4686161096829477 0.25926520994001717 0.46486718080548417 0.25573050556983723 0.46395672664952875 0.2519815766923736 0.4650814053127678 0.24780419880034277 0.46829477292202226 0.24437660668380465 0.47440017137960583 0.244751499571551 0.47857754927163665 0.24898243359040276 0.47847043701799485 0.254070265638389 0.47723864610111394 0.2573907455012854
0 0.5022959183673469 0.24451530612244896 0.5010204081632653 0.2425595238095238 0.5003401360544217 0.23983843537414964 0.5005527210884353 0.23745748299319724 0.5019557823129251 0.23465136054421767 0.5045493197278912 0.23303571428571426 0.5088860544217687 0.23256802721088435 0.5121598639455782 0.2346088435374149 0.5136054421768708 0.236734693877551 0.5142431972789115 0.23954081632653057 0.5136479591836735 0.24336734693877546 0.5110544217687074 0.24553571428571425 0.5085459183673469 0.24642857142857139 0.5057397959183674 0.24642857142857139
0 0.48292349726775957 0.23702185792349723 0.48030510018214934 0.23605418943533693 0.47774362477231325 0.23349271402550092 0.4768897996357013 0.23070355191256833 0.4769467213114754 0.22888205828779595 0.4778574681238616 0.22569444444444448 0.4796789617486339 0.22381602914389798 0.48246812386156646 0.22290528233151188 0.4853711293260473 0.22279143897996354 0.48781876138433516 0.22421448087431695 0.48986794171220405 0.22626366120218583 0.49083561020036426 0.23036202185792348 0.4900956284153006 0.23309426229508196 0.48844489981785066 0.2353142076502732 0.4858834244080146 0.23633879781420764
0 0.4990488121752042 0.21833240534521156 0.49733203414996285 0.21666202672605786 0.49603285077951 0.21392446176688934 0.49631124721603564 0.20993411284335556 0.49793522642910176 0.20705734966592426 0.501739977728285 0.20510857461024495 0.5060551224944321 0.20608296213808458 0.5093494803266518 0.20891332590942832 0.5099990720118782 0.2130428730512249 0.5075863028953229 0.2172652190051967 0.5050343355605048 0.2190283964365256 0.5022039717891611 0.21916759465478838
0 0.529216377440347 0.24116503976861892 0.5288096529284164 0.23958333333333334 0.5295327187274042 0.23691702819956617 0.5310240419378163 0.23574204627621115 0.5339163051337671 0.23556127982646421 0.5356787780187996 0.23682664497469272 0.5364470354302241 0.23917660882140274 0.5363566522053506 0.24107465654374546 0.5346393709327548 0.24292751265365145 0.5320182574114244 0.24319866232827186 0.5301202096890816 0.24243040491684742
0 0.5654852642276423 0.17676575203252037 0.5653582317073171 0.17520960365853663 0.5658981199186993 0.17317708333333337 0.5672954776422765 0.1716526930894309 0.569455030487805 0.17069994918699188 0.5723450203252033 0.1714303861788618 0.5739646849593496 0.17336763211382114 0.5741234756097562 0.17686102642276424 0.5720909552845529 0.1786712398373984 0.5697726117886179 0.1794651930894309 0.5669778963414634 0.17879827235772364
0 0.5626687885802468 0.1981819058641975 0.5636815200617283 0.19649402006172834 0.5668161651234567 0.19490258487654322 0.5695650077160493 0.19548128858024688 0.5712528935185185 0.19842303240740738 0.5709635416666665 0.20170235339506168 0.5676842206790124 0.20387249228395057 0.5635368441358024 0.20242573302469136 0.5626687885802468 0.19991801697530862
0 0.5850736481033091 0.1972104519774011 0.5838125504439063 0.1949909200968523 0.5842665456012913 0.19166162227602906 0.5862843018563357 0.18984564164648912 0.590471146085553 0.18974475383373687 0.5925393462469734 0.1924182808716707 0.5921357949959645 0.19635290556900728 0.5893613801452784 0.19842110573042773 0.5866878531073446 0.19816888619854722
0 0.5557208994708995 0.24098875661375657 0.5534060846560848 0.23685515873015872 0.5546461640211641 0.2309854497354497 0.5595238095238095 0.2283399470899471 0.5642361111111112 0.22850529100529102 0.5672949735449736 0.23305224867724864 0.5678736772486773 0.23776455026455026 0.5648148148148149 0.24148478835978834 0.5615906084656085 0.24289021164021166
0 0.58192791005291 0.23553240740740738 0.5790343915343915 0.23230820105820105 0.578290343915344 0.22767857142857142 0.5806878306878307 0.2243716931216931 0.5850694444444445 0.2218088624338624 0.5906084656084657 0.22428902116402114 0.5926752645502645 0.22850529100529102 0.5914351851851852 0.23330026455026456 0.5880456349206349 0.23619378306878303
0 0.6056873479318735 0.23023114355231153 0.6031021897810219 0.22718978102189785 0.6019616788321168 0.22323600973236013 0.6034063260340633 0.21973844282238444 0.6067518248175183 0.21707725060827254 0.6124543795620437 0.21684914841849148 0.6154197080291971 0.22179136253041368 0.6153436739659367 0.22650547445255484 0.6125304136253041 0.22969890510948915
0 0.6277372262773723 0.22346411192214116 0.6259884428223844 0.22171532846715336 0.625 0.21852189781021905 0.6250760340632603 0.21532846715328474 0.6275091240875912 0.21190693430656937 0.6306265206812652 0.21107055961070564 0.635036496350365 0.21236313868613144 0.637697688564477 0.21532846715328474 0.638838199513382 0.2195103406326034 0.6353406326034063 0.22392031630170323 0.6312347931873479 0.2250608272506083
0 0.5782190132370637 0.25872442839951865 0.5782942238267148 0.2553399518652227 0.5803249097472925 0.2523315282791817 0.5834085439229844 0.2507521058965102 0.5888989169675091 0.25172984356197353 0.5913808664259929 0.25594163658243074 0.5897262334536703 0.26180806257521055 0.5862665463297232 0.2638387484957882 0.5817539109506619 0.263161853188929 0.5792719614921781 0.2609055354993983
0 0.6158925318761383 0.2511384335154827 0.6151525500910747 0.2484061930783242 0.6156648451730419 0.24516165755919853 0.6178847905282332 0.24265710382513664 0.6214139344262295 0.2414048269581056 0.625 0.24225865209471767 0.6281306921675774 0.24635701275045535 0.627504553734062 0.2505122950819672 0.6252276867030965 0.2537568306010929 0.6209016393442623 0.25455373406193077 0.6179986338797814 0.2532445355191257
0 0.6521291208791209 0.241929945054945 0.6514423076923077 0.23769459706959703 0.6535027472527473 0.23363095238095236 0.6573374542124543 0.2317994505494505 0.6616872710622711 0.23277243589743588 0.6640911172161171 0.23609203296703293 0.6647206959706959 0.23941163003663002 0.6634043040293041 0.24313186813186813 0.6606570512820513 0.24502060439560439 0.6567651098901098 0.24513507326007325 0.6537889194139194 0.24410485347985347
0 0.6723901098901099 0.2698412698412698 0.6704822954822954 0.26396520146520147 0.6715506715506715 0.2609126984126984 0.6746031746031746 0.2578601953601954 0.6805555555555556 0.2571733821733822 0.6848290598290598 0.26037851037851034 0.6855921855921855 0.26816239316239315 0.681929181929182 0.2715964590964591 0.6773504273504275 0.271978021978022
0 0.6584249084249084 0.2727411477411477 0.6556776556776557 0.2714438339438339 0.6543803418803418 0.26915445665445664 0.6544566544566544 0.26633089133089133 0.6561355311355311 0.2642704517704518 0.6597222222222223 0.2632783882783883 0.6623168498168498 0.2645757020757021 0.6636904761904762 0.2683150183150183 0.6624694749694751 0.27136752136752135
0 0.6439500941619586 0.2758356873822976 0.6418903013182674 0.2747175141242938 0.640830979284369 0.2724811676082862 0.6407721280602636 0.2699505649717514 0.6427142184557438 0.2676553672316384 0.645539077212806 0.2671257062146893 0.6487758945386064 0.2690677966101695 0.64924670433145 0.2718926553672317 0.6481873822975518 0.2748940677966102
0 0.615427927927928 0.28490990990990994 0.6101726726726727 0.28697447447447455 0.6063250750750752 0.28575450450450457 0.6037912912912914 0.2809684684684685 0.6046358858858859 0.27759009009009017 0.6077327327327328 0.2749624624624625 0.6137387387387387 0.27477477477477485 0.6166478978978979 0.2808746246246247
0 0.5884009009009009 0.2876313813813814 0.5879316816816818 0.29110360360360366 0.5849286786786787 0.2933558558558559 0.5792042042042043 0.2921358858858859 0.5776088588588589 0.288475975975976 0.5776088588588589 0.28434684684684686 0.581174924924925 0.28125000000000006 0.5856794294294295 0.2811561561561562 0.5884947447447447 0.28434684684684686
0 0.705183465959328 0.28625110521662245 0.7038572060123783 0.28404067197170646 0.7041887709991158 0.2812223695844385 0.7061229000884173 0.27928824049513706 0.7103779840848806 0.2795092838196287 0.7120358090185677 0.28370910698496904 0.7101016799292661 0.2869694960212202 0.707449160035367 0.287024756852343
0 0.6971706454465074 0.2842617152961981 0.6981653404067196 0.2875221043324492 0.6955128205128205 0.29194297082228116 0.6916998231653403 0.2927718832891247 0.6888262599469496 0.2911140583554377 0.6875552608311228 0.28829575596816975 0.687997347480106 0.2853116710875332 0.6895446507515473 0.28288019451812557 0.691865605658709 0.28199602122015915
0 0.6724129499217528 0.29002836463223786 0.6732932316118937 0.2883656103286385 0.6747114632237872 0.2872408059467919 0.6772055946791863 0.28675176056338025 0.6797975352112676 0.2883656103286385 0.6804821987480438 0.2920334507042254 0.6789172535211269 0.2944786776212833 0.6762764084507044 0.2951144366197183 0.6741246087636933 0.29438086854460094 0.6727552816901409 0.29257140062597814
0 0.6610670970266042 0.29897789514866985 0.6594532472613459 0.2987822769953052 0.6574970657276996 0.29780418622848204 0.6567145931142411 0.2955056729264476 0.6566656885758999 0.29389182316118934 0.6575459702660408 0.2921312597809077 0.6595999608763694 0.291006455399061 0.6624364241001566 0.2913976917057903 0.6639524647887325 0.2935005868544602 0.6640013693270735 0.2962881455399061 0.6629743740219093 0.29829323161189364
0 0.6430214723926381 0.3025306748466258 0.64093387866394 0.3006134969325153 0.6407634628493526 0.2983128834355828 0.6414025221540559 0.2963531015678255 0.6430214723926381 0.29507498295841855 0.6461315610088616 0.2951601908657123 0.6473670756646216 0.2964809134287662 0.6481339468302659 0.2983128834355828 0.6479635310156783 0.30057089297886846 0.6466428084526243 0.3022324471710975 0.6447256305385141 0.3025732788002727
0 0.6288013428120064 0.307513823064771 0.625641785150079 0.30623025276461296 0.6245556872037915 0.30395932069510273 0.624358214849921 0.3015896524486572 0.6259379936808847 0.29912124802527645 0.629887440758294 0.2987263033175356 0.6326520537124803 0.30198459715639814 0.6318621642969985 0.3058353080568721
0 0.6125098736176936 0.3117594786729858 0.6093503159557663 0.30988349131121645 0.6082642180094787 0.3067239336492891 0.6102389415481834 0.3029719589257504 0.6148795418641391 0.30277448657188 0.6166567930489731 0.3058353080568721 0.6160643759873619 0.3100809636650869
0 0.6005627962085308 0.30929107424960506 0.6002665876777251 0.31205568720379145 0.5989830173775672 0.3143266192733018 0.595922195892575 0.3154127172195893 0.5935525276461296 0.3134379936808847 0.5924664296998421 0.3110683254344392 0.5934537914691943 0.3081062401263823 0.5962184044233807 0.30623025276461296 0.598884281200632 0.30682266982622436
0 0.7094184027777778 0.31538318452380953 0.7062562003968254 0.3140811011904762 0.7055121527777778 0.31166294642857145 0.7056981646825397 0.30949280753968256 0.7073102678571429 0.3074466765873016 0.7111545138888888 0.30726066468253965 0.7131386408730158 0.31005084325396826 0.7134486607142857 0.3127170138888889 0.7120225694444445 0.3146391369047619
0 0.6945374503968254 0.312531001984127 0.6956535218253967 0.3157552083333333 0.6939174107142857 0.31928943452380953 0.6911272321428571 0.3200954861111111 0.6885230654761905 0.31842137896825395 0.6878410218253967 0.3158172123015873 0.6877170138888888 0.3140811011904762 0.689639136904762 0.31222098214285715 0.6918712797619048 0.3115389384920635
0 0.6753819444444443 0.3239930555555556 0.6742708333333334 0.3215625 0.6739930555555556 0.31947916666666665 0.6760763888888889 0.31704861111111116 0.6793402777777777 0.31697916666666665 0.6808680555555555 0.3189236111111111 0.6810763888888889 0.32211805555555556 0.6800347222222222 0.32440972222222225 0.6785069444444444 0.3249652777777778
0 0.6672569444444444 0.3274652777777778 0.6647569444444443 0.3262847222222222 0.6638541666666666 0.3247569444444445 0.6637152777777777 0.3223263888888889 0.6649652777777777 0.32024305555555554 0.6673958333333333 0.31961805555555556 0.6698958333333334 0.3205902777777778 0.6709375 0.3233680555555556 0.6703819444444444 0.32579861111111114 0.6685763888888888 0.3271875
0 0.6577875952875952 0.3297817047817048 0.6553187803187803 0.3297817047817048 0.6537162162162162 0.32822245322245325 0.6532397782397782 0.32661988911988915 0.6538028413028413 0.32441094941094945 0.6551888426888427 0.3231981981981983 0.6571812196812197 0.3227217602217602 0.659520097020097 0.32380457380457384 0.6601697851697852 0.3265765765765767 0.6589137214137214 0.32878551628551633
0 0.6479123354123354 0.33311677061677064 0.6450103950103949 0.33376645876645883 0.6422817047817048 0.33277027027027034 0.6414587664587664 0.33051801801801806 0.6416320166320165 0.3278759528759529 0.6429313929313929 0.3259268884268885 0.6448371448371448 0.32519057519057526 0.6475225225225225 0.3260568260568261 0.649471586971587 0.32891545391545396 0.6492983367983368 0.33073458073458073
0 0.6371708246708246 0.3289587664587664 0.637040887040887 0.3319040194040195 0.6354816354816355 0.33372314622314625 0.6333593208593209 0.33428620928620933 0.6308905058905059 0.3333766458766459 0.6294178794178794 0.3319040194040195 0.6292879417879417 0.3291753291753292 0.6300675675675675 0.3272262647262647 0.6321898821898821 0.32618676368676375 0.6351784476784477 0.3262733887733888
0 0.7419674295774649 0.26866930751173707 0.7385196596244132 0.2657350352112676 0.7375660211267606 0.2617737676056338 0.7392532276995305 0.2573723591549296 0.7437279929577465 0.2550982981220657 0.7490096830985916 0.25693221830985913 0.7516505281690141 0.2622139084507042 0.7493031103286386 0.26676203051643194 0.7465889084507044 0.2691094483568075
0 0.7616185897435896 0.25088141025641025 0.7596955128205128 0.24751602564102565 0.7596153846153846 0.24415064102564102 0.7620192307692306 0.2407051282051282 0.7666666666666666 0.23918269230769232 0.7714743589743588 0.24166666666666667 0.7728365384615384 0.2467147435897436 0.7718749999999999 0.2502403846153846 0.7680288461538461 0.25264423076923076 0.7637820512820512 0.25272435897435896
0 0.7252403846153845 0.24695512820512822 0.7193910256410256 0.2448717948717949 0.716426282051282 0.24054487179487177 0.7161858974358973 0.23365384615384613 0.7205128205128204 0.22948717948717948 0.726602564102564 0.22860576923076925 0.7321314102564103 0.23189102564102565 0.7341346153846153 0.23685897435897435 0.7333333333333333 0.24150641025641026 0.7298878205128204 0.24543269230769232
0 0.7119310575635877 0.19168340026773767 0.7124330655957163 0.19770749665327983 0.7092536813922357 0.20239290495314596 0.7047356091030791 0.20398259705488628 0.6980421686746988 0.2032295850066935 0.6960341365461848 0.1997155287817939 0.6944444444444445 0.19469544846050876 0.6961178045515395 0.18908969210174034 0.7005522088353414 0.18607764390896928 0.705739625167336 0.1863286479250335 0.7109270414993307 0.18908969210174034
0 0.6896584084084083 0.1677615115115115 0.6866554054054054 0.17170295295295296 0.6819632132132132 0.17339214214214213 0.6758320820820821 0.17245370370370372 0.6725788288288288 0.16882507507507508 0.6711398898898899 0.16356981981981983 0.6725788288288288 0.1596283783783784 0.6758946446446447 0.1563751251251251 0.6805242742742742 0.15406031031031028 0.6861549049049048 0.15549924924924924 0.6901589089089089 0.15956581581581583
0 0.7213207799145298 0.1476696047008547 0.7224559294871795 0.15434695512820512 0.7197182158119657 0.16089075854700857 0.7157118055555555 0.16336137820512822 0.7117053952991452 0.16396233974358973 0.7072315705128205 0.16249332264957264 0.7037593482905983 0.16049011752136755 0.7011551816239315 0.1550146901709402 0.7012219551282051 0.1510750534188034 0.7032251602564102 0.14700186965811965 0.7076322115384616 0.14379674145299143 0.7130408653846153 0.14259481837606838 0.7199185363247863 0.14513221153846156
0 0.7467105263157895 0.19490131578947376 0.7415021929824561 0.19800804093567262 0.7330043859649124 0.19873903508771937 0.7291666666666666 0.19398757309941525 0.7275219298245614 0.1872258771929825 0.7294407894736842 0.18174342105263164 0.7339181286549707 0.17817982456140358 0.7417763157894737 0.17717470760233928 0.746984649122807 0.18165204678362581 0.7495431286549707 0.18695175438596498 0.7483552631578947 0.19298245614035095
0 0.7697368421052632 0.16164108187134513 0.7616959064327485 0.15963084795321644 0.7579495614035088 0.15542763157894746 0.7560307017543859 0.15113304093567262 0.7578581871345029 0.14501096491228077 0.7608735380116959 0.14080774853801178 0.7659904970760234 0.1395285087719299 0.7732090643274854 0.14071637426900593 0.7776864035087719 0.14519371345029247 0.778234649122807 0.15177266081871352 0.7760416666666667 0.15807748538011704
0 0.7901133040935672 0.19371345029239773 0.7862755847953216 0.19042397660818722 0.7843567251461988 0.18393640350877202 0.7874634502923977 0.1769005847953217 0.792763157894737 0.17415935672514626 0.8020833333333335 0.17626096491228077 0.8063779239766081 0.1833881578947369 0.8053728070175439 0.1907894736842106 0.798702485380117 0.19490131578947376
0 0.7672697368421053 0.21491228070175447 0.7584978070175439 0.21089181286549713 0.7571271929824561 0.2056834795321638 0.7576754385964912 0.19965277777777785 0.7608735380116959 0.19435307017543868 0.7700109649122806 0.1925255847953217 0.7775950292397661 0.19910453216374274 0.777138157894737 0.2095211988304094 0.7738486842105263 0.21345029239766086
0 0.8633944746376813 0.32829483695652173 0.8603374094202898 0.3233129528985507 0.8607903079710145 0.31697237318840576 0.8654325181159421 0.31436820652173914 0.8715466485507246 0.3156136775362319 0.8748301630434784 0.3216145833333333 0.872452445652174 0.32693614130434784
0 0.888190670289855 0.31289628623188404 0.8835484601449275 0.3094995471014493 0.8821897644927538 0.30429121376811596 0.8850203804347827 0.29919610507246375 0.8903419384057971 0.2981770833333333 0.8956634963768116 0.3021399456521739 0.8957767210144927 0.30859375 0.8913609601449275 0.31312273550724634
0 0.8487855450236966 0.3060327804107425 0.8448360979462876 0.3017871248025277 0.8451323064770933 0.295468009478673 0.85016785150079 0.29201224328594 0.8554996050552921 0.2933945497630332 0.8588566350710901 0.29971366508688785 0.8563882306477094 0.30484794628751977
0 0.8322966034755135 0.2841133491311217 0.829433254344392 0.2792752764612954 0.829531990521327 0.2737460505529226 0.8325928120063192 0.2714751184834123 0.836838467614534 0.2699940758293839 0.841084123222749 0.2729561611374408 0.8424664296998421 0.27720181674565564 0.841577804107425 0.28174368088467616 0.8367397314375988 0.2844095576619273
0 0.8185722748815166 0.26229265402843605 0.8137342022116905 0.2600217219589258 0.8130430489731438 0.2522215639810427 0.81788112164297 0.24916074249605055 0.8236078199052134 0.24965442338072671 0.8263724328593999 0.25429502369668244 0.8256812796208531 0.2596267772511849 0.8206457345971564 0.2617989731437599
0 0.8710011848341233 0.29013625592417064 0.8673479462875198 0.28737164296998424 0.8666567930489731 0.28174368088467616 0.8693226698262242 0.2778929699842022 0.8728771721958926 0.276510663507109 0.8780114533965244 0.27799170616113744 0.8803811216429699 0.28342219589257506 0.8785051342812005 0.28806279620853087 0.8746544233807266 0.29043246445497634
0 0.8554996050552921 0.2679206161137441 0.8524387835703001 0.26683451816745657 0.8509577409162717 0.2613052922590838 0.8513526856240127 0.2574545813586098 0.8557958135860978 0.25409755134281203 0.862312401263823 0.25557859399684046 0.8650770142180094 0.2610090837282781 0.8628060821484993 0.2662421011058452 0.8582642180094786 0.2680193522906793
0 0.837727093206951 0.24580371248025276 0.8354561611374408 0.242446682464455 0.8350612164296999 0.2374111374407583 0.836838467614534 0.2335604265402844 0.8425651658767773 0.2318819115323855 0.847600710900474 0.23514020537124802 0.8475019747235388 0.24116311216429703 0.8451323064770933 0.24580371248025276
0 0.8059340442338073 0.24017575039494474 0.8009972353870458 0.2397808056872038 0.7973439968404423 0.23514020537124802 0.7970477883096366 0.22990718799368093 0.8008984992101107 0.2264514218009479 0.8076125592417063 0.226945102685624 0.8107721169036335 0.2308945497630332 0.8107721169036335 0.23474526066350715 0.8085999210110586 0.2393858609794629
0 0.8242989731437599 0.22487164296998424 0.8193621642969984 0.22309439178515011 0.8172887045813586 0.2182563191153239 0.8197571090047394 0.21213467614533968 0.8253850710900476 0.21094984202211692 0.8316054502369667 0.21460308056872043 0.8302231437598737 0.22230450236966826 0.8255825434439179 0.22487164296998424
0 0.9134657118055556 0.2654622395833333 0.913791232638889 0.2743598090277778 0.9093424479166666 0.27935112847222227 0.901095920138889 0.2814127604166667 0.8937174479166666 0.2762044270833333 0.8927408854166666 0.2701280381944445 0.89404296875 0.26394314236111116 0.9006618923611113 0.2591688368055556 0.9087999131944445 0.2604709201388889
0 0.8929578993055556 0.24918619791666666 0.8873155381944445 0.2526584201388889 0.8819986979166666 0.2535264756944445 0.8748372395833334 0.2487521701388889 0.8726671006944445 0.23985460069444448 0.876681857638889 0.23345269097222224 0.8846028645833334 0.23030598958333334 0.8925238715277779 0.2341037326388889 0.895236545138889 0.24115668402777782
0 0.8728841145833334 0.21321614583333334 0.87109375 0.22127278645833334 0.8643391927083334 0.22509765625 0.857177734375 0.22379557291666666 0.852294921875 0.218994140625 0.8507486979166666 0.21175130208333334 0.8564453125 0.205810546875 0.8646647135416666 0.20345052083333334 0.8707682291666666 0.208740234375
