0 0.45489267676767675 0.9853219696969698 0.45249368686868685 0.9827335858585858 0.4519255050505051 0.9799558080808081 0.4522411616161617 0.9766098484848486 0.4548295454545454 0.9738320707070708 0.45880681818181823 0.9729482323232322 0.4626578282828283 0.9744002525252525 0.4642992424242424 0.978314393939394 0.46347853535353534 0.9825441919191921 0.46101641414141414 0.985195707070707 0.45748106060606064 0.9858901515151517
0 0.4952107279693486 0.9866698595146872 0.49145913154533843 0.985153256704981 0.48898467432950193 0.9821200510855684 0.4887452107279694 0.978448275862069 0.4902618135376757 0.9746966794380588 0.49393358876117494 0.9726213282247766 0.49936143039591313 0.9730204342273309 0.5024744572158365 0.976931673052363 0.5023148148148149 0.9827586206896552 0.4992017879948914 0.9860312899106003
0 0.4303240740740741 0.9550595238095237 0.42668650793650803 0.9551256613756615 0.42410714285714285 0.9530753968253968 0.4234457671957672 0.9492394179894179 0.4248346560846561 0.94619708994709 0.42767857142857146 0.944808201058201 0.43210978835978847 0.945734126984127 0.434160052910053 0.950165343915344 0.43290343915343926 0.9538029100529101
0 0.4961928934010152 0.9551078680203047 0.49561125211505913 0.953415820642978 0.49576988155668356 0.9510363790186127 0.4970389170896785 0.9492385786802032 0.5004230118443316 0.9478637901861253 0.503489847715736 0.9488155668358714 0.5054462774957699 0.9515651438240271 0.5050232656514382 0.9543675972927242 0.5033312182741116 0.9567470389170897 0.5001586294416243 0.957804568527919 0.49814932318104904 0.957011421319797
0 0.6315441176470588 0.9857107843137254 0.6291911764705882 0.9854656862745098 0.6268382352941176 0.9837990196078431 0.6256127450980392 0.9814460784313725 0.6258088235294117 0.9778676470588236 0.6278676470588235 0.9752205882352941 0.6299754901960783 0.9742892156862744 0.6333088235294116 0.9745343137254903 0.6357107843137254 0.9764460784313725 0.6371323529411764 0.9796323529411765 0.6360539215686274 0.9829166666666667 0.6337990196078431 0.9856617647058823
0 0.6428186274509804 0.9680637254901961 0.6425735294117646 0.9664460784313725 0.643406862745098 0.9639460784313726 0.6456617647058823 0.9627696078431373 0.648014705882353 0.9626715686274511 0.6503186274509803 0.9644852941176469 0.6508088235294117 0.9672794117647059 0.6499754901960784 0.9692401960784313 0.6485539215686275 0.9705147058823529 0.64625 0.9710539215686275 0.6440931372549019 0.9704166666666667
0 0.6465441176470588 0.9806617647058823 0.644828431372549 0.9804166666666667 0.6428186274509804 0.9787990196078431 0.6426715686274509 0.9765931372549018 0.6431127450980392 0.9744362745098039 0.6450735294117647 0.9728676470588236 0.6471813725490196 0.9727696078431372 0.649142156862745 0.9738480392156862 0.650563725490196 0.9755637254901961 0.6503186274509803 0.9788970588235295 0.6483578431372549 0.9805637254901961
0 0.6433088235294117 0.9913970588235295 0.6420343137254901 0.9899264705882351 0.641593137254902 0.988455882352941 0.6417401960784314 0.9869852941176469 0.6431617647058823 0.9850245098039215 0.6452696078431372 0.9841421568627451 0.6483088235294117 0.9854656862745098 0.6491911764705882 0.9881127450980393 0.6482598039215686 0.9907598039215685 0.6454656862745097 0.9924754901960785
0 0.4640385747938751 0.9226663722025914 0.46212455830388693 0.9216357479387515 0.4606522379269729 0.9194272673733805 0.460136925795053 0.9171451707891637 0.4617564782096584 0.9142741460541814 0.4647011189634865 0.9128018256772674 0.46911808009422845 0.91464222614841 0.4702959363957597 0.9186174911660777 0.46867638398115424 0.9216357479387515 0.46705683156654887 0.9228872202591284
0 0.44424949418310566 0.9225625948406677 0.4422894537177542 0.9218038694992413 0.44105652503793624 0.9190218765806778 0.44111975214972177 0.9166824734446131 0.4423526808295397 0.9143430703085484 0.445703717754173 0.9133630500758727 0.44851732422862917 0.9143746838644411 0.45006638846737484 0.9170302225594337 0.45016122913505313 0.9198438290338898 0.44835925644916536 0.9217406423874559 0.4457669448659585 0.9226258219524532
0 0.44330699233716475 0.9051724137931035 0.44169061302681994 0.9034363026819925 0.44091235632183906 0.9008620689655172 0.4415708812260537 0.8983477011494254 0.44378591954022995 0.896970785440613 0.446779214559387 0.8964918582375478 0.4490541187739464 0.8982279693486591 0.4499521072796935 0.9013409961685823 0.4479765325670498 0.9046336206896552 0.4463601532567049 0.9057112068965517
0 0.4612667624521073 0.9043941570881227 0.4591714559386973 0.9034363026819925 0.4580938697318008 0.9006824712643678 0.45785440613026823 0.8976891762452106 0.4594707854406131 0.8958333333333334 0.4618654214559387 0.89481561302682 0.46545737547892724 0.8950550766283525 0.4680316091954023 0.8983477011494254 0.4675526819923372 0.90205938697318 0.4658165708812261 0.9039152298850576
0 0.48410087719298245 0.8703882868937048 0.4812628998968009 0.8685823013415893 0.4793924148606811 0.8659378224974201 0.4792634158926729 0.86187435500516 0.4809404024767802 0.8589718782249741 0.48545536635706915 0.8567143962848297 0.49003482972136225 0.8580043859649124 0.49216331269349844 0.86187435500516 0.49229231166150667 0.8656798245614035 0.4904863261093912 0.8692272961816305 0.4873258513931889 0.870452786377709
0 0.4543197847067557 0.8834678916109873 0.45199981440237563 0.8821223088344469 0.4508398292501857 0.8801735337787676 0.45056143281366 0.8772967706013362 0.45218541202672613 0.8748376020786933 0.45599016332590947 0.874048812175204 0.45877412769116555 0.8756727913882701 0.4602589086859688 0.8791527468448403 0.4590989235337788 0.8819831106161841 0.45691815144766146 0.883746288047513
0 0.4522318114328137 0.869733667409057 0.4481950631031923 0.869733667409057 0.44573589458054935 0.8683880846325167 0.4442975129918337 0.8649081291759465 0.44452951002227176 0.8618921677802522 0.4468958797327394 0.8593402004454342 0.4506542316258352 0.8584122123236823 0.45376299183370455 0.859943392724573 0.455108574610245 0.8627273570898291 0.4552941722345954 0.8657433184855233 0.4545517817371938 0.8681560876020785
0 0.43329999999999996 0.8835999999999999 0.43163333333333326 0.8823333333333333 0.4305333333333333 0.8798 0.43099999999999994 0.8775333333333333 0.4325 0.8756333333333334 0.4345666666666666 0.8748666666666666 0.4373333333333333 0.8754000000000001 0.43906666666666666 0.8778333333333332 0.4395333333333333 0.8801333333333332 0.43849999999999995 0.8823 0.43666666666666665 0.8835666666666666
0 0.4179496017156863 0.8840571384803922 0.4150773590686274 0.8828316482843138 0.4138518688725491 0.8803806678921569 0.4138901654411765 0.878006280637255 0.4150390625 0.8760148590686274 0.4177581188725491 0.874444699754902 0.4206303615196078 0.8752872242647058 0.4227749693627451 0.8776999080882354 0.4228898590686274 0.880304074754902 0.421664368872549 0.8824486825980392 0.4198261335784314 0.8836358762254902
0 0.4182350187265917 0.8651451310861423 0.41505149812734077 0.8643960674157302 0.4128979400749063 0.8611657303370787 0.4131320224719101 0.8574204119850187 0.41514513108614226 0.8546114232209737 0.4194054307116105 0.8535814606741572 0.4231975655430711 0.8555009363295879 0.4241807116104868 0.8598080524344569 0.42254213483146064 0.8629915730337077
0 0.43555711610486897 0.8532537453183522 0.4334035580524344 0.8530196629213483 0.4320926966292135 0.8514279026217229 0.4317181647940075 0.8496488764044944 0.432186329588015 0.847682584269663 0.4336376404494382 0.8462780898876405 0.4365870786516854 0.8458567415730337 0.43920880149812735 0.8479166666666665 0.4388810861423221 0.8510533707865169 0.43789794007490634 0.8528323970037454
0 0.4196395131086142 0.8422986891385769 0.41753277153558044 0.8422050561797753 0.4158473782771535 0.8411282771535581 0.4149578651685393 0.8390215355805243 0.4148642322097378 0.8369616104868914 0.4164559925093632 0.835369850187266 0.41917134831460673 0.834808052434457 0.42160580524344565 0.8360252808988763 0.42244850187265914 0.8386001872659176 0.4218867041198502 0.8408005617977528
0 0.3871470099667774 0.853578349944629 0.38458610188261355 0.8527477851605758 0.38340946843853824 0.8501176633444075 0.383686323366556 0.8474183277962348 0.38555509413067557 0.8451342746400886 0.3886004983388705 0.8441652823920266 0.3911614064230344 0.8453419158361019 0.3929609634551495 0.8481104651162791 0.3921996124031008 0.8515019379844961 0.3906076965669989 0.8535091362126246
0 0.36984357696567005 0.8521248615725359 0.36762873754152825 0.853578349944629 0.3647217607973422 0.853578349944629 0.3627837763012182 0.8521248615725359 0.3613302879291252 0.8494255260243632 0.3619532115171651 0.8470030454042081 0.36382198228128465 0.8447189922480619 0.3674903100775194 0.8444421373200443 0.36956672203765234 0.8458264119601329 0.3708817829457365 0.8484565337763011
0 0.36866694352159474 0.8385589700996677 0.3658983942414175 0.8385589700996677 0.36299141749723146 0.8372439091915836 0.360984219269103 0.8339908637873754 0.36119186046511637 0.831014673311185 0.36396040974529353 0.8282461240310077 0.367421096345515 0.8270694905869324 0.37136627906976744 0.8294919712070874 0.37295819490586934 0.8329526578073089 0.3720584163898118 0.8364133444075305 0.37025885935769665 0.8379360465116278
0 0.38687015503875977 0.8386281838316721 0.3843784606866003 0.8380052602436322 0.3820251937984497 0.8353751384274639 0.38188676633444085 0.8320528792912513 0.3835478959025472 0.8290766888150609 0.38721622369878184 0.8270694905869324 0.39143826135105203 0.8295611849390918 0.3928917497231451 0.8335755813953488 0.3912998338870432 0.837174695459579
0 0.34389740566037735 0.8719044811320755 0.34360259433962265 0.876818003144654 0.33868907232704404 0.8803557389937108 0.33465998427672955 0.8796678459119498 0.33181014150943394 0.8776041666666666 0.3310239779874214 0.8748525943396226 0.3313187893081761 0.8713148584905661 0.33289111635220126 0.8681702044025156 0.33574095911949686 0.8666961477987423 0.33868907232704404 0.8664013364779873 0.3420302672955975 0.8675805817610062
0 0.318936713836478 0.8752456761006291 0.31765919811320753 0.8782920597484277 0.3142197327044025 0.8800609276729559 0.310190644654088 0.8802574685534591 0.3073408018867924 0.8779972484276728 0.306063286163522 0.8740664308176099 0.30596501572327045 0.8711183176100629 0.30852004716981135 0.8677771226415094 0.3121560534591195 0.8655169025157231 0.3177574685534591 0.8677771226415094 0.3199194182389937 0.8713148584905661
0 0.2954500786163522 0.8735750786163521 0.29377948113207547 0.8776041666666666 0.2906348270440251 0.8796678459119498 0.28640919811320753 0.8802574685534591 0.2833628144654088 0.878488600628931 0.28139740566037735 0.873181996855346 0.2825766509433962 0.8693494496855347 0.2862126572327044 0.8667944182389938 0.2908313679245283 0.8659099842767296 0.2947621855345912 0.8686615566037736
0 0.31875 0.8493421052631579 0.31869517543859643 0.8515350877192982 0.31798245614035087 0.8535087719298244 0.31595394736842103 0.8547697368421052 0.3138157894736842 0.8550986842105263 0.31107456140350875 0.853782894736842 0.3098684210526316 0.8513157894736841 0.3104166666666667 0.8484649122807016 0.3118421052631579 0.8467105263157895 0.3152960526315789 0.8459429824561404 0.3177631578947368 0.847094298245614
0 0.336228287841191 0.8345223325062033 0.3364867659222498 0.8371588089330024 0.33524607113316784 0.8387613730355665 0.33255789909015715 0.8393300248138956 0.33028329197684037 0.8386062861869313 0.32955955334987586 0.8370554177005789 0.3293010752688172 0.8345223325062033 0.3296629445822994 0.8333333333333334 0.33116211745244 0.8318341604631926 0.33317824648469807 0.8314205955334988 0.3355045492142266 0.8323511166253103
0 0.32376964433416044 0.8364867659222498 0.323045905707196 0.8383995037220844 0.32025434243176176 0.8390198511166251 0.31844499586435066 0.8380893300248139 0.31735938792390406 0.8367969396195201 0.31715260545905705 0.8349875930521091 0.3176178660049627 0.8331782464846981 0.3201509511993383 0.8317307692307693 0.3226840363937138 0.8314205955334988 0.32340777502067825 0.8331782464846981
0 0.39475308641975304 0.8753858024691357 0.3960648148148148 0.8783950617283949 0.3957561728395062 0.880787037037037 0.393287037037037 0.8819444444444444 0.3902006172839506 0.8818672839506172 0.3886574074074074 0.8798611111111111 0.38858024691358023 0.8773148148148147 0.38935185185185184 0.8749228395061728 0.391820987654321 0.8743055555555554
0 0.38125 0.86929012345679 0.3808641975308642 0.8717592592592592 0.37839506172839504 0.8725308641975308 0.3760802469135802 0.8719907407407406 0.3749228395061729 0.8702932098765431 0.3750771604938271 0.8674382716049382 0.3768518518518519 0.8661265432098765 0.3800154320987654 0.8660493827160493
0 0.39439655172413796 0.8060344827586208 0.39098419540229895 0.8051364942528736 0.3886494252873564 0.8019935344827587 0.3886494252873564 0.7983117816091956 0.3893678160919541 0.7960668103448277 0.39304956896551724 0.7937320402298851 0.397808908045977 0.7950790229885059 0.4004130747126437 0.7978627873563219 0.3996048850574713 0.8036099137931035 0.39637212643678166 0.8058548850574713
0 0.14697802197802196 0.6916781135531136 0.1466918498168498 0.693738553113553 0.14377289377289376 0.6959706959706959 0.14096840659340656 0.6949404761904762 0.1395375457875458 0.6929945054945055 0.13970924908424906 0.6907623626373627 0.14131181318681318 0.6886446886446886 0.14417353479853479 0.6877861721611722 0.14674908424908423 0.6891597985347986
0 0.16168727106227104 0.6860119047619048 0.1596268315018315 0.6858402014652014 0.15848214285714282 0.6851533882783883 0.1579097985347985 0.6831501831501832 0.1591117216117216 0.6816048534798536 0.16122939560439556 0.6812042124542125 0.16328983516483514 0.6822344322344323 0.1630608974358974 0.6844093406593407
0 0.1674679487179487 0.6839514652014652 0.16649496336996336 0.6834935897435898 0.16615155677655674 0.6817193223443223 0.16683836996336993 0.6803456959706959 0.16866987179487178 0.6798878205128205 0.17004349816849815 0.681146978021978 0.170157967032967 0.6831501831501832 0.1692994505494505 0.6840659340659341
0 0.1626602564102564 0.6931662087912087 0.16185897435897437 0.6945970695970696 0.16008470695970695 0.6947687728937729 0.15888278388278385 0.6941964285714286 0.15853937728937728 0.6927655677655677 0.15876831501831498 0.6912202380952381 0.16002747252747251 0.6903617216117216 0.16208791208791207 0.6904761904761905 0.1627174908424908 0.692135989010989
0 0.16741071428571425 0.6952266483516484 0.16563644688644685 0.6947687728937729 0.16454899267399264 0.693738553113553 0.1646062271062271 0.69253663003663 0.16506410256410253 0.691334706959707 0.16660943223443223 0.6904761904761905 0.16838369963369962 0.690934065934066 0.1692422161172161 0.6923076923076924 0.1692422161172161 0.6933379120879121 0.16866987179487178 0.6944826007326008
0 0.17673992673992672 0.6953983516483516 0.17530906593406595 0.6947115384615384 0.17450778388278385 0.6933951465201466 0.17502289377289376 0.6918498168498168 0.17570970695970695 0.6908768315018315 0.17782738095238093 0.6903044871794872 0.17960164835164832 0.6912774725274725 0.17988782051282048 0.6932234432234432 0.17925824175824176 0.6944826007326008 0.17805631868131863 0.6951121794871795
0 0.03397097625329815 0.6816182937554969 0.034135883905013195 0.6836521547933158 0.032102022867194366 0.6857409850483729 0.029738346525945474 0.6854111697449429 0.02841908531222515 0.6838170624450308 0.02841908531222515 0.6823878627968338 0.02924362357080035 0.6804639401934917 0.031442392260334205 0.6795294635004397 0.033476253298153034 0.68051890941073
0 0.02660510114335973 0.683047493403694 0.025670624450307832 0.6848065083553211 0.02341688654353561 0.6852462620932278 0.02176781002638522 0.6850263852242745 0.021163148636763416 0.6837071240105541 0.020943271767810027 0.6820030782761654 0.02171284080914687 0.6806838170624451 0.023361917326297263 0.6796943711521548 0.025945470536499565 0.6802990325417766
0 0.018909410729991204 0.6834872471416008 0.017370272647317508 0.6850263852242745 0.01456684256816183 0.6851363236587511 0.013742304309586627 0.6837620932277925 0.01352242744063324 0.6821130167106421 0.0141820580474934 0.6801341248900615 0.016380826737027263 0.6794744942832014 0.019129287598944594 0.6804639401934917
0 0.18549048556430445 0.7553313648293963 0.18491633858267714 0.7570948162729659 0.1834809711286089 0.7578330052493439 0.181758530183727 0.7577099737532809 0.1803641732283464 0.7568077427821523 0.18011811023622046 0.7548392388451444 0.1815534776902887 0.7529527559055118 0.1837270341207349 0.7529527559055118 0.18536745406824143 0.7543061023622047
0 0.1914780183727034 0.761975065616798 0.19012467191601046 0.7611958661417323 0.18996062992125984 0.7589812992125984 0.1910269028871391 0.7572178477690289 0.1928313648293963 0.7567257217847769 0.1945127952755905 0.7577509842519685 0.19512795275590547 0.759883530183727 0.19426673228346455 0.761482939632546 0.19315944881889763 0.7621801181102362
0 0.19447178477690286 0.7689468503937008 0.19307742782152226 0.7688238188976378 0.19205216535433073 0.767716535433071 0.19164206036745407 0.7662811679790027 0.19201115485564302 0.7649278215223098 0.1934055118110236 0.7639435695538058 0.19549704724409447 0.7639845800524935 0.19656332020997372 0.7656660104986877 0.19631725721784776 0.7673474409448818 0.19553805774278213 0.7685367454068242
0 0.1390246741154562 0.6447276536312849 0.1394514276846679 0.6462406890130354 0.13844273743016758 0.6474821539416512 0.1366193358162632 0.6475985412787089 0.13564944134078208 0.6464734636871509 0.13576582867783984 0.6449992240844196 0.13638656114214773 0.6440293296089385 0.1374340471756673 0.6437965549348231
0 0.13460195530726252 0.6458915270018621 0.1339812228429547 0.6474821539416512 0.13250698324022342 0.6479477032898822 0.13165347610180012 0.6473657666045934 0.1310327436374922 0.6464734636871509 0.13095515207945374 0.6452707945375543 0.13211902545003104 0.6445724705152079 0.1332828988206083 0.6443396958410925 0.1340976101800124 0.6446888578522657
0 0.14593032278088142 0.6451544072004965 0.14530959031657356 0.6470941961514587 0.14313702669149597 0.6478701117318436 0.14189556176288018 0.6472105834885165 0.1411196461824953 0.645697548106766 0.1417403786468032 0.6437965549348231 0.14263268156424577 0.6432534140285537 0.14488283674736185 0.6430982309124768
0 0.1465510552451893 0.6372400682805711 0.14678382991930478 0.6394126319056487 0.14499922408441962 0.640731688392303 0.1429042520173805 0.6406153010552451 0.14193435754189945 0.6394126319056487 0.14158519553072624 0.6380159838609559 0.14205074487895714 0.6361925822470516 0.14368016759776533 0.6353390751086282 0.14577513966480443 0.6351838919925512
0 0.1544653941651148 0.6379383923029174 0.1542714152700186 0.6394126319056487 0.15202126008690253 0.6396842023587834 0.15109016139044068 0.6391022656734948 0.1506246120422098 0.6375504345127251 0.15109016139044068 0.6363477653631285 0.1527195841092489 0.6356882371198014 0.15458178150217255 0.6367745189323402
0 0.1540774363749224 0.6448828367473619 0.15283597144630662 0.6463958721291124 0.1510125698324022 0.6464734636871509 0.15004267535692112 0.6451932029795159 0.1503530415890751 0.6436413718187461 0.1522152389819987 0.6429042520173806 0.15392225325884543 0.6443784916201117
0 0.3837870654396729 0.548344836400818 0.38123082822085896 0.5505176380368099 0.37835506134969327 0.5502620143149285 0.37701303680981596 0.5494951431492843 0.3764378834355829 0.5475140593047035 0.3766296012269939 0.545596881390593 0.3775242842535788 0.5438714212678937 0.37937755623721886 0.5430406441717792 0.3821894171779142 0.5431684560327199 0.3834036298568508 0.5449578220858896
0 0.4702119883040936 0.7863669590643275 0.46777534113060426 0.7911184210526316 0.4642422027290449 0.7937987329434698 0.4576632553606238 0.7936769005847955 0.4540082846003899 0.7899000974658869 0.4526681286549708 0.7858796296296298 0.4529117933723197 0.7816154970760234 0.45595760233918126 0.7777168615984406 0.4605872319688109 0.7761330409356725 0.46655701754385964 0.7771076998050682 0.46923732943469787 0.7807626705653022
0 0.5068311078140456 0.7923157764589516 0.5041110286844709 0.792253956478734 0.5001545499505441 0.7906466369930762 0.4982999505440158 0.7872465380811079 0.49805267062314545 0.7840937190900099 0.4983617705242334 0.7811881800197823 0.5017618694362017 0.7780353610286845 0.5054710682492581 0.77686078140455 0.509736646884273 0.7781590009891197 0.511776706231454 0.7806936201780416 0.5128276458951533 0.7842791790306627 0.5128276458951533 0.7876174579624134 0.5110348664688428 0.7901520771513353
0 0.5577103429796356 0.7825897642015006 0.5559686495176849 0.7881497856377278 0.5522173097534833 0.7909632904608789 0.5472601822079315 0.791432207931404 0.5429729367631299 0.7896905144694535 0.5406283494105036 0.7858051982851019 0.5399584673097536 0.7817859056806001 0.5410972668810289 0.7785704715969989 0.54337486602358 0.7756899785637728 0.5475951232583065 0.7736803322615219 0.5523512861736335 0.773881296891747 0.5552987674169346 0.7765608252947481 0.5571744372990353 0.7807810825294748
0 0.5921843047034765 0.7826878834355829 0.5915452453987731 0.7859470858895705 0.5897558793456033 0.7883755112474436 0.5865605828220859 0.7898453476482618 0.582342791411043 0.7888867586912065 0.5796587423312883 0.7852441206543967 0.5796587423312883 0.7815375766871165 0.5826623210633947 0.7778310327198364 0.5861771472392638 0.776808537832311 0.5903310327198364 0.7780227505112475
0 0.5969169719169719 0.7408424908424909 0.5959249084249084 0.7440476190476191 0.5916514041514042 0.7461843711843712 0.5872252747252747 0.7448870573870573 0.5860042735042735 0.7422161172161171 0.5855463980463981 0.7392399267399268 0.5869200244200243 0.7365689865689865 0.5899725274725275 0.7344322344322344 0.5943986568986569 0.735042735042735 0.5971459096459096 0.737942612942613
0 0.5557836577453366 0.7415095296025953 0.5553781427412814 0.7434864152473641 0.5530464314679643 0.7464770884022709 0.549802311435523 0.7477443227899432 0.5457978507704785 0.7467305352798053 0.5426044201135442 0.7447536496350364 0.5414892538523924 0.7410026358475263 0.5417933901054339 0.7372516220600163 0.5447333738848337 0.7344130170316301 0.549802311435523 0.7326895782643958 0.5537053933495539 0.7348185320356853 0.5558343471208435 0.7384174776966748
0 0.5107920420420421 0.7406468968968969 0.5094156656656657 0.7445257757757757 0.5065377877877878 0.7461524024024024 0.5036599099099099 0.7463400900900901 0.5009071571571572 0.7448385885885885 0.4996559059059059 0.7424612112112112 0.4993430930930931 0.7404592092092092 0.5003440940940941 0.7373936436436437 0.5014702202202203 0.736204954954955 0.5059121621621622 0.7350788288288288 0.5101664164164164 0.7377064564564565
0 0.4683291245791246 0.7423891694725028 0.46692620650953987 0.7454755892255892 0.4651024130190797 0.7472292368125701 0.4620861391694725 0.7482112794612794 0.4581579685746353 0.7477904040404041 0.45556257014590346 0.74540544332211 0.4535984848484849 0.7414071268237935 0.4547909652076319 0.7361461840628507 0.457807239057239 0.7340418069584737 0.46292789001122336 0.7329896184062851 0.46748737373737376 0.7363566217732884
0 0.42237190812720843 0.7385527090694934 0.42281360424028275 0.7414973498233216 0.42207744405182573 0.7442947585394583 0.419795347467609 0.7464296230859835 0.41611454652532387 0.7470185512367491 0.41265459363957596 0.745325382803298 0.4114031213191991 0.7404667255594817 0.41243374558303886 0.7379637809187279 0.4145686101295642 0.7361233804475854 0.4189119552414605 0.7353872202591284
0 0.42399267399267404 0.6962759462759462 0.4236874236874237 0.6999389499389499 0.4221611721611721 0.7023046398046398 0.41933760683760685 0.7039835164835165 0.41567460317460314 0.7045940170940171 0.4122405372405373 0.7033730158730158 0.41010378510378503 0.7000152625152625 0.40956959706959706 0.6970390720390721 0.40995115995115994 0.6937576312576313 0.412469474969475 0.6913919413919414 0.4146825396825397 0.6901709401709402 0.4195665445665446 0.6897130647130647 0.42254273504273504 0.6913156288156288
0 0.473119918699187 0.6960873983739839 0.47149390243902434 0.7016768292682927 0.4689532520325203 0.7041158536585367 0.463770325203252 0.7060467479674797 0.4579776422764229 0.7052337398373983 0.454420731707317 0.7002540650406506 0.4540142276422764 0.693140243902439 0.4561483739837399 0.689380081300813 0.4617378048780489 0.6864329268292683 0.4684451219512196 0.6878556910569106 0.47271341463414634 0.692428861788618
0 0.509959177927928 0.6947846283783784 0.5097480292792792 0.698022240990991 0.5074253941441442 0.7007671734234234 0.5048212274774775 0.7017525337837838 0.5010909346846847 0.7004856418918919 0.499683277027027 0.6980926238738738 0.4994721283783784 0.694432713963964 0.502146677927928 0.6911247184684685 0.505665822072072 0.6905616554054054 0.5092553490990991 0.6923916103603603
0 0.5535978132387707 0.6923389479905439 0.5542627068557919 0.6974364657210403 0.5518247635933807 0.7011303191489363 0.5473182624113476 0.7020907210401892 0.5431072695035462 0.6991356382978724 0.5429595153664303 0.6959589243498819 0.5436982860520095 0.6931515957446809 0.5461362293144209 0.6904920212765957 0.5508643617021278 0.6901226359338062
0 0.596709927140255 0.6956967213114754 0.5957422586520947 0.6985997267759563 0.5942622950819673 0.7003642987249544 0.5920423497267759 0.7014458105646629 0.5887408925318761 0.7012750455373407 0.5866347905282332 0.6991689435336976 0.5850409836065573 0.695525956284153 0.5864640255009108 0.6925091074681239 0.5884562841530054 0.6907445355191257 0.5918146630236795 0.6899476320582878 0.5950022768670309 0.6914275956284153
0 0.5099977658623771 0.6434316353887399 0.5101653261840929 0.6460567470956211 0.5092158176943701 0.6485701519213584 0.5058087578194818 0.6510835567470956 0.501787310098302 0.6503016085790885 0.4996648793565684 0.6484584450402145 0.49893878462913316 0.6447162645218946 0.4996090259159965 0.6420352993744415 0.5022899910634495 0.6398011617515639 0.5062555853440572 0.6390192135835568 0.5094950848972296 0.6414767649687221
0 0.5540476190476191 0.6440476190476191 0.5539285714285714 0.6469642857142858 0.5511904761904762 0.6495238095238095 0.54875 0.6503571428571429 0.5457142857142857 0.6498809523809524 0.5435119047619048 0.6470238095238096 0.5430357142857144 0.6443452380952381 0.5448214285714286 0.6410714285714286 0.5469047619047619 0.6392857142857143 0.5513095238095239 0.6400595238095239 0.5536309523809524 0.6429761904761906
0 0.7897089243498819 0.8214760638297874 0.788600768321513 0.8182254728132389 0.788600768321513 0.8146054964539008 0.7899305555555556 0.8109116430260047 0.7928117612293145 0.8086214539007093 0.7973182624113476 0.8075871749408985 0.8021202718676125 0.808916962174941 0.8051492316784872 0.8123891843971631 0.8056663711583925 0.8174128250591017 0.8037455673758866 0.8222148345153666 0.8011598699763594 0.8244311465721043 0.7968011229314421 0.825465425531915 0.7932550236406621 0.8244311465721043
0 0.7547743055555555 0.8133346688034188 0.7561097756410255 0.8102630876068375 0.7580462072649572 0.8081263354700855 0.762386485042735 0.8070579594017094 0.7661258012820512 0.8083266559829059 0.7678619123931624 0.8105969551282052 0.7687967414529915 0.8146701388888887 0.7671274038461537 0.8178752670940169 0.7645232371794871 0.8204794337606836 0.7595152243589743 0.8208133012820512 0.7566439636752136 0.8191439636752136
0 0.7568224174653887 0.7789869542066028 0.7540268903088392 0.7759917465388712 0.7530950479233227 0.7716653354632589 0.7533612886048989 0.7690694888178914 0.7566227369542066 0.7643437167199149 0.7630125133120341 0.7630790734824281 0.7686701277955272 0.7659411608093717 0.7704672523961661 0.7735955804046859 0.7670726837060703 0.7786541533546326 0.7634784345047924 0.7803847177848775 0.7604166666666666 0.7803847177848775
0 0.7903047703180212 0.7772011189634865 0.78861160188457 0.77388839811543 0.7880962897526501 0.7694714369846879 0.791335394581861 0.7644655477031802 0.7984025323910483 0.7626987632508834 0.8035556537102474 0.7653489399293286 0.8051752061248527 0.7696186690223793 0.8050279740871614 0.775581566548881 0.8017888692579506 0.7793359835100118 0.7970774440518257 0.7809555359246173 0.7934702591283864 0.7798512956419317
0 0.7200907590759077 0.8157487623762375 0.7197813531353134 0.8127578382838283 0.7216377887788779 0.8086324257425741 0.726227310231023 0.8066728547854786 0.7312293729372936 0.8077557755775577 0.7332920792079208 0.8115202145214521 0.7336014851485148 0.815851897689769 0.730868399339934 0.8196163366336632 0.7276712046204621 0.8207508250825081 0.722720709570957 0.8198741749174917
0 0.6939306972789115 0.8202062074829932 0.6925488945578231 0.818080357142857 0.6914859693877551 0.8144132653061225 0.6922300170068028 0.8096301020408163 0.6957908163265306 0.8067070578231293 0.6990858843537414 0.8055909863945578 0.7037627551020408 0.8064413265306123 0.706845238095238 0.809311224489796 0.7079613095238095 0.8131909013605442 0.7068983843537414 0.8181335034013605 0.7032844387755102 0.8212691326530612 0.6987138605442177 0.8220131802721088
0 0.6674741602067183 0.8161337209302326 0.6649709302325582 0.815124354005168 0.6625080749354005 0.8123788759689923 0.662750322997416 0.8091085271317829 0.6644460594315246 0.8067264211886305 0.6674741602067183 0.805515180878553 0.6709867571059431 0.8067264211886305 0.6727632428940569 0.8091085271317829 0.6726421188630491 0.8125807493540053 0.6706637596899224 0.8149628552971577
0 0.6166617181314331 0.6154245843230404 0.6160678939034047 0.6135936262866192 0.6162658353127474 0.6117131828978621 0.6176514251781472 0.6098327395091053 0.6201751781472684 0.6089420031670626 0.6222040775930324 0.6096842834520981 0.6238865795724465 0.6117626682501979 0.6234906967537609 0.6155235550277118 0.6212143705463182 0.6167606888361045 0.6188885589865399 0.6172555423594617
0 0.6125049485352336 0.6075564133016627 0.6117131828978621 0.6067151623119557 0.6113173000791766 0.6045378068091846 0.6123564924782264 0.6028058194774346 0.6143853919239904 0.6019150831353919 0.6171070863024545 0.6026573634204275 0.6180473079968329 0.6049336896278701 0.6163648060174188 0.6078038400633413 0.6140884798099762 0.6082492082343626
0 0.6097832541567696 0.6172060570071259 0.6077048693586699 0.6169091448931117 0.6054285431512273 0.6151771575613618 0.6050821456848773 0.6128513460015835 0.6061708234362628 0.6104265637371339 0.6073089865399841 0.6094863420427553 0.6105750197941409 0.6093873713380838 0.6127523752969121 0.6114657561361837 0.6130492874109263 0.6138410530482977 0.6124059778305622 0.6159194378463975
0 0.6046043417366946 0.6078806522609044 0.6034538815526211 0.6080057022809124 0.6017782112845138 0.6077556022408963 0.6009028611444578 0.6069302721088435 0.6007027811124449 0.6052295918367347 0.6006777711084434 0.6042542016806722 0.6012780112044818 0.6031037414965987 0.6032788115246098 0.6021033413365346 0.6052295918367347 0.6025035014005602 0.6064800920368147 0.6038540416166467 0.6067802120848339 0.6053046218487396 0.6064800920368147 0.6066051420568227
0 0.5995762711864406 0.6168464304057525 0.5972971237801746 0.6169427324088341 0.5951784797123779 0.6163007190549564 0.5942154596815614 0.6139894709809963 0.5943438623523369 0.6121597329224449 0.595210580380072 0.6105868002054442 0.5968798151001541 0.609816384180791 0.5993836671802774 0.6096558808423216 0.6018233179250128 0.6113893168977914 0.6022727272727273 0.6132511556240369 0.6018875192604006 0.6150166923472007 0.6005392912172574 0.6162365177195686
0 0.5927223467862481 0.6083551320378675 0.591009591429995 0.6079502989536623 0.5899507972097658 0.6067357997010463 0.5893902590931739 0.6050541853512705 0.5899819382162431 0.6035282760338815 0.5917258345789737 0.6022203537618336 0.5936877179870453 0.6022826357747882 0.5953693323368211 0.6035282760338815 0.5958987294469357 0.6059261335326358 0.5945285251619332 0.6074831838565022
0 0.5857183908045976 0.6169252873563218 0.584051724137931 0.6158333333333333 0.583419540229885 0.6142528735632183 0.5833333333333334 0.6124712643678161 0.5842816091954023 0.6107471264367816 0.5863505747126436 0.6096264367816091 0.5895402298850575 0.610028735632184 0.5908045977011495 0.6117241379310344 0.5912068965517241 0.6132471264367816 0.5908045977011495 0.6151149425287356 0.5895114942528735 0.6163793103448275 0.5879885057471264 0.6170977011494253
0 0.580081300813008 0.6137533875338752 0.5797764227642276 0.6152439024390244 0.5781842818428183 0.6167682926829268 0.5759485094850948 0.6172425474254742 0.5739498644986449 0.61670054200542 0.5729336043360432 0.615311653116531 0.5725271002710026 0.6135840108401084 0.5727642276422764 0.6120934959349592 0.5736449864498644 0.6105352303523034 0.5751693766937669 0.6095189701897019 0.5785230352303522 0.6099254742547424 0.5801490514905149 0.6116869918699186
0 0.5686314363143631 0.6160569105691056 0.5676490514905148 0.6168360433604335 0.5662601626016259 0.6174119241192411 0.5642953929539294 0.6174119241192411 0.5626016260162601 0.6165650406504064 0.5617208672086721 0.6148373983739837 0.5614498644986449 0.6130081300813007 0.5623306233062331 0.6109078590785907 0.5639227642276422 0.6098577235772357 0.5663617886178861 0.6097899728997289 0.5683265582655825 0.6109417344173441 0.5695121951219512 0.613550135501355
0 0.5583395895895896 0.6134572072072072 0.5575888388388389 0.6158971471471472 0.5556493993993994 0.6178365865865866 0.5526463963963963 0.6173360860860861 0.5512074574574574 0.6159597097097097 0.5503941441441441 0.6132069569569569 0.55127002002002 0.611204954954955 0.5533345845845846 0.6097034534534534 0.5555242742742742 0.6097034534534534 0.5577765265265264 0.6107044544544544
0 0.5393831331331331 0.6127064564564565 0.5387575075075075 0.6150838338338338 0.5367555055055055 0.6156468968968969 0.5350037537537538 0.6148335835835835 0.5339401901901901 0.6130192692692693 0.5343155655655656 0.6115803303303303 0.5353791291291291 0.6101413913913915 0.5385072572572572 0.6103916416416416
0 0.536515748031496 0.6082020997375327 0.5353674540682415 0.6079724409448819 0.534481627296588 0.6071522309711286 0.5343503937007874 0.6056758530183727 0.5345800524934383 0.6046259842519685 0.5354658792650918 0.6038057742782152 0.5371391076115486 0.6035761154855642 0.5386811023622048 0.6050196850393701 0.5387795275590551 0.6066272965879265 0.538221784776903 0.6074475065616798 0.5372047244094488 0.6081692913385827
0 0.5327099737532808 0.6120078740157481 0.5314960629921259 0.6131233595800525 0.5298228346456693 0.6129265091863517 0.5292979002624671 0.6123687664041995 0.529232283464567 0.6111876640419948 0.5293307086614173 0.6102362204724409 0.5299212598425197 0.6096456692913386 0.5313976377952756 0.609481627296588 0.5321850393700788 0.6096784776902887 0.5326771653543306 0.6109251968503937
0 0.5328083989501312 0.6061679790026246 0.5322178477690288 0.6074803149606299 0.5313320209973753 0.607775590551181 0.5299540682414698 0.607775590551181 0.5293307086614173 0.607283464566929 0.5288713910761155 0.6058070866141733 0.5294291338582676 0.6045931758530184 0.530741469816273 0.6038713910761154 0.5325459317585302 0.6043307086614172
0 0.5326443569553806 0.599245406824147 0.5326115485564304 0.600721784776903 0.5322178477690288 0.6018372703412073 0.5305774278215223 0.6019356955380577 0.5295275590551182 0.601509186351706 0.5290026246719159 0.6005905511811023 0.5290354330708662 0.5992782152230971 0.5295603674540682 0.5983595800524935 0.5311351706036745 0.5978674540682415 0.5321194225721785 0.5984580052493438
0 0.5379265091863517 0.6016732283464566 0.5365485564304462 0.6021981627296588 0.5349081364829397 0.6017060367454068 0.5345472440944882 0.6006233595800524 0.5343832020997374 0.5995406824146982 0.5350393700787401 0.598228346456693 0.5364173228346456 0.5978018372703412 0.5378280839895013 0.5980643044619423 0.5383858267716536 0.5988188976377953 0.5386154855643045 0.5998687664041994
0 0.5325787401574803 0.594488188976378 0.5324146981627297 0.595767716535433 0.5311679790026247 0.5961942257217848 0.5297900262467191 0.5961286089238845 0.5293307086614173 0.5949475065616798 0.5293635170603674 0.593766404199475 0.5303477690288714 0.5927165354330708 0.5316929133858268 0.5927165354330708 0.5325459317585302 0.593766404199475
0 0.5376968503937007 0.595734908136483 0.536515748031496 0.5961614173228347 0.5352034120734908 0.5958661417322835 0.5347769028871391 0.5944553805774277 0.5352362204724409 0.5934055118110236 0.536253280839895 0.59251968503937 0.537762467191601 0.5926837270341206 0.5382874015748031 0.5936023622047244 0.538221784776903 0.5948818897637795
0 0.24775055370985608 0.22594822812846074 0.24781976744186054 0.23017026578073096 0.24574335548172765 0.23363095238095247 0.24152131782945743 0.23480758582502773 0.23688399778516062 0.23397702104097456 0.23453073089701001 0.23023947951273538 0.2348767995570322 0.22553294573643418 0.2370916389811739 0.22207225913621267 0.2402754706533777 0.22103405315614622 0.2444975083056479 0.2212416943521595
0 0.2449820044296789 0.21591223698781847 0.23986018826135114 0.21653516057585834 0.23556893687707647 0.21432032115171656 0.23418466223698786 0.2098214285714286 0.23605343300110745 0.205530177187154 0.23951411960132896 0.2033845514950167 0.24345930232558147 0.20379983388704329 0.24553571428571436 0.20463039867109642 0.24712763012181627 0.20677602436323372 0.24816583610188264 0.20989064230343307 0.24830426356589153 0.21307447397563684
0 0.2428097345132744 0.19874631268436588 0.23727876106194695 0.1982853982300886 0.23515855457227147 0.19515117994100303 0.2346054572271387 0.18897492625368736 0.23884587020648976 0.1857485250737464 0.24502212389380537 0.1859328908554573 0.2484328908554573 0.19210914454277292 0.2460361356932154 0.19727138643067857
0 0.24373156342182895 0.1804941002949853 0.23903023598820064 0.18021755162241898 0.23515855457227147 0.1775442477876107 0.23469764011799418 0.17293510324483782 0.2370022123893806 0.16906342182890863 0.24133480825958709 0.167127581120944 0.24575958702064904 0.1685103244837759 0.2484328908554573 0.17330383480825967 0.24723451327433638 0.1775442477876107
0 0.2797750737463127 0.1912794985250738 0.2748893805309735 0.1902654867256638 0.27175516224188795 0.1850110619469027 0.2723082595870207 0.1798488200589971 0.2771017699115045 0.17680678466076705 0.2843842182890856 0.1785582595870207 0.2861356932153393 0.18436578171091456 0.28484513274336287 0.18823746312684372
0 0.2810623123123123 0.21368243243243246 0.27402402402402404 0.21152402402402407 0.2711148648648649 0.20645645645645652 0.27327327327327333 0.19998123123123127 0.27712087087087095 0.197728978978979 0.28462837837837845 0.19923048048048056 0.28603603603603606 0.20476726726726735 0.28490990990990994 0.20936561561561565
0 0.2863175675675676 0.22682057057057062 0.28556681681681684 0.23179429429429432 0.2833145645645646 0.23564189189189194 0.2781531531531532 0.23667417417417422 0.27280405405405406 0.2345157657657658 0.27158408408408413 0.23010510510510515 0.27261636636636644 0.22494369369369374 0.27590090090090097 0.22194069069069072 0.2804054054054055 0.22184684684684688 0.2851914414414415 0.22428678678678685
