0 0.16972862632084532 0.20058837656099907 0.16774735830931797 0.1997478386167147 0.1646853986551393 0.19650576368876083 0.16384486071085494 0.1935638808837656 0.16492555235350626 0.18912103746397696 0.16816762728146012 0.18665946205571568 0.17255043227665703 0.18611911623438998 0.176933237271854 0.18894092219020175 0.17843419788664747 0.19212295869356386 0.17843419788664747 0.19638568683957733 0.17645292987512007 0.19950768491834775 0.17351104707012485 0.2010086455331412
0 0.13730540293040291 0.15567765567765568 0.1344436813186813 0.15464743589743588 0.1315819597069597 0.15224358974358973 0.13032280219780218 0.1488667582417582 0.13043727106227104 0.14583333333333334 0.1320970695970696 0.14262820512820512 0.13501602564102563 0.14108287545787543 0.1395947802197802 0.1408539377289377 0.14325778388278385 0.1433150183150183 0.14537545787545786 0.14697802197802196 0.14434523809523805 0.1519001831501831 0.14096840659340656 0.15533424908424906
0 0.12122650036153289 0.13261478669558932 0.11828904555314533 0.1324792118582791 0.1146737165582068 0.13044558929862618 0.11331796818510483 0.12678506869125086 0.11358911785972524 0.12267263195950832 0.11584869848156183 0.11991594360086764 0.11901211135213302 0.1177919378163413 0.12316973969631234 0.11801789587852492 0.12615238611713664 0.12059381778741866 0.12764370932754882 0.12330531453362255 0.1277340925524223 0.12669468546637744 0.1261071945046999 0.13017443962400577 0.1237572306579899 0.1320724873463485
0 0.10093273420479301 0.11019199346405228 0.09882216775599129 0.10848992374727667 0.09623502178649238 0.10529003267973856 0.09616693899782135 0.10079656862745097 0.0986179193899782 0.09725626361655773 0.10263480392156862 0.09534994553376906 0.10842184095860564 0.09664351851851852 0.11094090413943355 0.10038807189542484 0.11128131808278865 0.10651552287581699 0.10712826797385619 0.11019199346405228
0 0.07113941548183254 0.06561018957345971 0.0659063981042654 0.0638329383886256 0.06343799368088468 0.060179699842022115 0.063141785150079 0.05534162717219588 0.06640007898894155 0.050799763033175356 0.07410150078988943 0.050898499210110575 0.07765600315955767 0.054946682464454985 0.07745853080568721 0.06096958925750394 0.07459518167456557 0.0642278830963665
0 0.17390188834154358 0.1571736453201971 0.1705151888341544 0.15553160919540238 0.16897577996715935 0.15183702791461418 0.17061781609195406 0.148142446633826 0.1742097701149426 0.1470135467980296 0.1786227422003285 0.1489634646962234 0.17934113300492616 0.1539922003284073 0.1771859605911331 0.1568657635467981
0 0.16138136288998364 0.14362684729064049 0.15891830870279156 0.14116379310344834 0.15789203612479483 0.13726395730706084 0.1608682266009853 0.13377463054187197 0.16569170771756986 0.13326149425287365 0.16887315270935968 0.1373665845648605 0.16794950738916262 0.140958538587849 0.1648706896551725 0.14362684729064049
0 0.150250872600349 0.1244000872600349 0.14556064572425828 0.12450916230366493 0.14108856893542757 0.1224367364746946 0.13934336823734728 0.11709205933682372 0.1413067190226876 0.11185645724258289 0.14621509598603838 0.1093477312390925 0.1525414485165794 0.11032940663176265 0.15526832460732984 0.11567408376963349 0.1549410994764398 0.11992801047120419 0.15330497382198954 0.12287303664921465
0 0.13159516765285995 0.10200936883629193 0.12752712031558186 0.10188609467455623 0.12395216962524655 0.0985576923076923 0.12284270216962526 0.0933801775147929 0.12419871794871795 0.08943540433925048 0.12863658777120315 0.0866000986193294 0.13541666666666666 0.08684664694280081 0.13849852071005916 0.09202416173570019 0.13849852071005916 0.09720167652859961 0.1359097633136095 0.10065335305719922
0 0.11409023668639054 0.07908037475345168 0.10928254437869822 0.07797090729783039 0.10546104536489154 0.07291666666666667 0.10706360946745562 0.06786242603550297 0.11137820512820513 0.06391765285996055 0.11840483234714005 0.06453402366863906 0.12160996055226825 0.06897189349112426 0.12074704142011834 0.07538214990138069 0.11828155818540435 0.07797090729783039
0 0.09929733727810652 0.05627465483234715 0.0944896449704142 0.05664447731755423 0.0899285009861933 0.05430226824457594 0.08857248520710058 0.048878205128205135 0.09029832347140039 0.04382396449704141 0.09498274161735701 0.04098865877712032 0.10213264299802761 0.04234467455621302 0.10472140039447732 0.04813856015779092 0.1049679487179487 0.053316074950690344
0 0.12641765285996057 0.056397928994082844 0.12173323471400394 0.054548816568047345 0.11939102564102565 0.05146696252465484 0.11951429980276133 0.047029092702169636 0.12234960552268245 0.04456360946745562 0.12555473372781065 0.04320759368836292 0.13060897435897437 0.044440335305719926 0.13221153846153844 0.04912475345167652 0.13233481262327415 0.05319280078895465 0.12875986193293887 0.05541173570019725
0 0.13714250493096647 0.07020463510848127 0.13208826429980278 0.06909516765285995 0.13060897435897437 0.06515039447731756 0.13307445759368838 0.06293145956607496 0.13862179487179488 0.06354783037475345 0.14010108481262326 0.06613658777120317 0.13948471400394477 0.06921844181459567
0 0.14626479289940827 0.06798570019723867 0.1434294871794872 0.06613658777120317 0.14232001972386588 0.06330128205128205 0.14392258382642997 0.06071252465483236 0.14688116370808682 0.059603057199211044 0.14996301775147933 0.06095907297830375 0.1510724852071006 0.06404092702169625 0.14971646942800787 0.06724605522682445
0 0.1726454635108481 0.10731015779092704 0.17030325443786984 0.10336538461538462 0.17128944773175542 0.0981878698224852 0.17486439842209076 0.09547583826429981 0.18041173570019722 0.09547583826429981 0.18386341222879685 0.09843441814595662 0.18509615384615385 0.10299556213017752 0.18386341222879685 0.10558431952662722 0.18152120315581854 0.10804980276134121 0.17745315581854043 0.10928254437869822 0.17400147928994084 0.10854289940828404
0 0.18238412228796846 0.07846400394477318 0.17683678500986194 0.07809418145956608 0.1756040433925049 0.07439595660749507 0.17745315581854043 0.06946499013806706 0.18127465483234714 0.06847879684418146 0.18571252465483237 0.07032790927021695 0.18719181459566078 0.07501232741617357
0 0.24220058626465657 0.416928391959799 0.23979271356783916 0.41504396984924624 0.23885050251256285 0.41096105527638194 0.23958333333333334 0.4082391122278057 0.24146775544388607 0.4052030988274707 0.2453412897822446 0.4038421273031826 0.24963358458961474 0.4056218592964824 0.2523555276381909 0.4085531825795645 0.2514133165829146 0.4136829983249581 0.2484819932998325 0.4170330820770519 0.24471314907872702 0.41787060301507534
0 0.25193676716917923 0.43378350083752093 0.24942420435510892 0.4338881909547738 0.2460741206030151 0.4325272194304857 0.24492252931323283 0.4289677554438861 0.24471314907872702 0.4254082914572864 0.24670226130653267 0.42184882747068675 0.2506804857621441 0.42090661641541033 0.2565431323283083 0.4216394472361809 0.2579041038525963 0.42582705192629816 0.2579041038525963 0.42928182579564483 0.25507747068676717 0.43336474036850914
0 0.30619934143870314 0.37129559270516715 0.3044896149949341 0.371105623100304 0.302653242147923 0.3697758358662614 0.30271656534954405 0.3670529381965552 0.30347644376899696 0.3653432117527862 0.3067692502532928 0.3643933637284701 0.3093021783181357 0.3663563829787234 0.30911220871327255 0.36901595744680854 0.30778242147923 0.37097897669706176
0 0.325766210739615 0.3693325734549139 0.32367654508611954 0.36686296859169204 0.3238031914893617 0.363443515704154 0.32582953394123604 0.3612905268490375 0.32918566362715296 0.36065729483282677 0.33241514690982776 0.3626836372847011 0.33317502532928067 0.36546985815602834 0.33152862208713274 0.3689526342451874 0.3282358156028369 0.3702190982776089
0 0.3140514184397163 0.38111068895643363 0.3118984295845998 0.3802874873353596 0.3101887031408308 0.3784511144883485 0.31025202634245186 0.3754116008105369 0.31202507598784196 0.3738285207700101 0.3145580040526849 0.3735119047619047 0.3170276089159068 0.3752216312056738 0.3177241641337386 0.3778812056737589 0.3160777608915907 0.3800341945288754
0 0.33703175895765475 0.3888097176981542 0.335335233441911 0.38643458197611297 0.33472448425624324 0.3841951682953312 0.33581026058631924 0.38032709011943544 0.33798181324647125 0.37842698154180243 0.342121335504886 0.377748371335505 0.34646444082519007 0.38100570032573294 0.34687160694896857 0.38562024972855596 0.3444286102062975 0.3889454397394137 0.34151058631921827 0.3900990770901195
0 0.3552170868347338 0.405578898225957 0.352532679738562 0.4040616246498599 0.3501984126984127 0.4005602240896359 0.35014005602240894 0.39705882352941174 0.35270774976657326 0.39402427637721754 0.3577264239028945 0.3933239962651727 0.36233660130718953 0.3968837535014005 0.36210317460317454 0.4021942110177404 0.3595354808590102 0.40505368814192344
0 0.3751846926713948 0.4161125886524823 0.3727467494089835 0.41456117021276595 0.3712692080378251 0.4100546690307329 0.3732638888888889 0.406286938534279 0.3770316193853428 0.4047355200945627 0.3803560874704492 0.4057697990543735 0.3834589243498819 0.4093158983451537 0.38308953900709225 0.41374852245862886 0.3806515957446809 0.4161125886524823
0 0.35812991021324353 0.4253998316498317 0.3549031986531987 0.4238566217732885 0.35314955106621776 0.42020903479236815 0.354412177328844 0.4164211560044893 0.3582702020202021 0.4147376543209877 0.3628998316498317 0.4164913019079686 0.36409231200897874 0.4211910774410775 0.36212822671156003 0.42406705948372614 0.35960297418630754 0.42554012345679015
0 0.31037414965986393 0.46215986394557823 0.30476190476190473 0.46164965986394557 0.303656462585034 0.45790816326530615 0.303656462585034 0.4545918367346939 0.3064625850340136 0.45178571428571423 0.31062925170068023 0.45076530612244897 0.3142006802721088 0.45374149659863944 0.3148809523809524 0.45824829931972794 0.31352040816326526 0.4607993197278912
0 0.3070578231292517 0.44634353741496596 0.30450680272108843 0.4451530612244898 0.3022108843537415 0.44234693877551023 0.30229591836734687 0.4391156462585034 0.3037414965986394 0.43656462585034017 0.3067176870748299 0.43494897959183676 0.30943877551020404 0.4350340136054422 0.31258503401360543 0.436734693877551 0.31386054421768705 0.4405612244897959 0.31284013605442174 0.44353741496598637 0.3105442176870748 0.4456632653061225
0 0.29940476190476184 0.4347789115646258 0.2972789115646258 0.4352040816326531 0.29430272108843536 0.4348639455782313 0.29209183673469385 0.4328231292517007 0.29107142857142854 0.4308673469387755 0.2906462585034013 0.4284863945578231 0.2920068027210884 0.4259353741496598 0.2950680272108843 0.42397959183673467 0.29957482993197276 0.424234693877551 0.3018707482993197 0.42670068027210883 0.30238095238095236 0.42942176870748305 0.30229591836734687 0.4321428571428571
0 0.3866857021996616 0.453415820642978 0.3823498307952623 0.4524640439932318 0.3805520304568528 0.44823392554991537 0.3812923011844332 0.4453785956006768 0.38372461928934015 0.4425232656514382 0.3879547377326565 0.44220600676818944 0.39186759729272425 0.44474407783417935 0.39165609137055846 0.45077199661590517 0.38911802030456855 0.4525697969543147
0 0.37463609898107714 0.46724890829694327 0.3709970887918486 0.46824963609898107 0.36717612809315864 0.46733988355167394 0.36590247452692864 0.4636098981077147 0.3668122270742358 0.46033478893740903 0.3696324599708879 0.457150655021834 0.3736353711790393 0.4572416302765648 0.3763646288209607 0.45878820960698685 0.3776382823871907 0.46306404657933037 0.3764556040756914 0.4662481804949054
0 0.3359375 0.46827318075117375 0.3325630868544601 0.46790639671361506 0.3307291666666667 0.46511883802816906 0.33050909624413144 0.4627714201877935 0.3315360915492958 0.4604973591549296 0.33410357981220656 0.4590302230046949 0.3371112089201878 0.4599838615023475 0.3390918427230047 0.46291813380281693 0.33879841549295775 0.4654856220657278 0.3371112089201878 0.4675396126760564
0 0.3492489270386266 0.4847103004291845 0.3456723891273247 0.48408440629470667 0.3425429184549356 0.4814914163090128 0.3419170243204578 0.4784513590844062 0.34298998569384836 0.47523247496423454 0.3463876967095851 0.47317596566523606 0.3516630901287553 0.4742489270386266 0.3535407725321888 0.4780042918454935 0.352914878397711 0.4815808297567954 0.3516630901287553 0.48390557939914164
0 0.36136926889714993 0.49512081784386625 0.35881350681536556 0.49434634448574966 0.35695477075588605 0.49256505576208176 0.35633519206939285 0.4907063197026023 0.35649008674101607 0.4881505576208178 0.3573420074349442 0.4862918215613382 0.3595105328376704 0.4845105328376705 0.36291821561338283 0.48396840148698894 0.36679058240396534 0.4864467162329616 0.3676425030978935 0.49031908302354393 0.3665582403965304 0.49326208178438663 0.36353779429987604 0.4950433705080546
0 0.36311026936026936 0.5142045454545455 0.3610058922558923 0.5137135241301908 0.35974326599326595 0.512030022446689 0.35939253647586983 0.5097853535353536 0.3599537037037037 0.5079615600448933 0.3619879349046016 0.5067690796857464 0.36549523007856344 0.5071198092031425 0.3666877104377104 0.5095047699214366 0.3666877104377104 0.512030022446689 0.3652847923681258 0.5137135241301908
0 0.37615740740740744 0.5043841189674523 0.37433361391694725 0.5044542648709316 0.37272025813692483 0.5036125140291807 0.37173821548821556 0.5016484287317621 0.37236952861952866 0.499544051627385 0.37412317620650953 0.4981411335578002 0.3774200336700337 0.49905303030303033 0.37826178451178455 0.5010872615039282 0.37812149270482603 0.5030513468013468
0 0.34101044852191637 0.5306766055045872 0.337506371049949 0.5304217635066258 0.33534021406727826 0.5283830275229359 0.33483053007135577 0.5247515290519877 0.33534021406727826 0.5225853720693171 0.3378249235474006 0.5201006625891947 0.34228465851172274 0.5200369520897045 0.345151630988787 0.5216297145769623 0.34578873598369014 0.5252612130479103 0.3457250254841998 0.5276822120285423 0.34394113149847094 0.5294661060142711
0 0.336487003058104 0.5446929153924566 0.33406600407747195 0.5441832313965341 0.3315175840978593 0.542144495412844 0.33119903160040776 0.5385767074413864 0.3331103465851172 0.5350089194699287 0.3355313455657492 0.5333524464831804 0.3397999490316004 0.5341806829765545 0.3420935270132518 0.5366016819571865 0.3426669215086646 0.5405517329255861 0.34101044852191637 0.5432275739041794 0.3377612130479103 0.5446292048929663
0 0.34820973496432206 0.5413162589194699 0.3450242099898063 0.5376847604485219 0.34476936799184504 0.5342443934760449 0.34617099898063197 0.532269367991845 0.34770005096839957 0.5303580530071355 0.35037589194699287 0.5299120795107033 0.3540073904179409 0.5308677370030582 0.35617354740061163 0.533479867482161 0.3559187054026504 0.5376210499490316 0.3535614169215086 0.5401694699286442 0.3508218654434251 0.5411251274209989
0 0.340118501529052 0.5590277777777777 0.3374426605504587 0.5592189092762487 0.333874872579001 0.5578172782874617 0.33240953109072374 0.5548865953109072 0.3332377675840979 0.5508728338430173 0.3351490825688073 0.5486429663608563 0.3394176860346585 0.5478147298674821 0.3433677370030581 0.5501720183486238 0.34425968399592255 0.5538672273190621 0.3426669215086646 0.5576261467889909
0 0.379212204007286 0.5272654826958106 0.3766507285974499 0.5286316029143898 0.3723246812386157 0.5281762295081966 0.370332422586521 0.5249886156648452 0.3695924408014572 0.5220856102003643 0.3715277777777778 0.5186703096539163 0.37426001821493626 0.5168488160291439 0.3787568306010929 0.5183287795992714 0.38097677595628415 0.520662568306011 0.3805783242258652 0.52367941712204 0.38000910746812383 0.5263547358834244
0 0.38331056466302366 0.5178734061930783 0.38080601092896177 0.5165072859744991 0.37978142076502736 0.5138319672131147 0.3801229508196721 0.5104735883424408 0.3824567395264117 0.5084813296903461 0.3878073770491803 0.508879781420765 0.38957194899817854 0.5121243169398907 0.3887750455373406 0.5154826958105646 0.3872950819672132 0.5175318761384335 0.3859289617486339 0.5179872495446266
0 0.40132454739084134 0.5359757720979765 0.3996605431309904 0.5346445686900958 0.39859558040468585 0.5320487220447284 0.398861821086262 0.529319755058573 0.40025958466453676 0.5269235889243876 0.40378727369542067 0.5255258253461128 0.4078474440894569 0.5270567092651757 0.4094448881789138 0.5301184771033014 0.40937832800851975 0.5334464856230031 0.4074480830670926 0.5355098509052183 0.40372071352502664 0.5365082534611288
0 0.44252558479532167 0.5349963450292399 0.43951023391812866 0.5339912280701754 0.43759137426900596 0.5325292397660819 0.4379568713450293 0.5290570175438597 0.4396016081871345 0.5268640350877194 0.4434393274853802 0.5263157894736842 0.4462719298245615 0.5279605263157895 0.4470942982456141 0.5307931286549707 0.44563230994152053 0.5328947368421053 0.4434393274853802 0.5344480994152048
0 0.43923611111111116 0.547514619883041 0.4354897660818714 0.5469663742690059 0.43311403508771934 0.545687134502924 0.43247441520467844 0.5422149122807018 0.43393640350877194 0.5403874269005848 0.438139619883041 0.5388340643274854 0.4406067251461989 0.5406615497076024 0.44097222222222227 0.5445906432748537
0 0.46884137426900585 0.533625730994152 0.46536915204678364 0.5338998538011696 0.4629934210526316 0.531889619883041 0.4619883040935673 0.5279605263157895 0.46345029239766083 0.5243969298245614 0.46573464912280704 0.5222039473684211 0.4697551169590644 0.5221125730994153 0.47359283625730997 0.5247624269005848 0.47404970760233917 0.5294225146198831 0.47222222222222227 0.5320723684210527
0 0.47076023391812866 0.5062134502923977 0.4654605263157895 0.5044773391812866 0.46472953216374274 0.5010964912280702 0.4662828947368421 0.4970760233918129 0.469389619883041 0.49533991228070184 0.4745065789473685 0.49616228070175444 0.4765168128654971 0.4991776315789474 0.4763340643274854 0.5028326023391813 0.47322733918128657 0.5057565789473685
0 0.48245614035087725 0.5177266081871346 0.4791666666666667 0.5158991228070176 0.4783442982456141 0.5122441520467836 0.47925804093567254 0.5091374269005848 0.48117690058479534 0.5077668128654971 0.48474049707602346 0.5065789473684211 0.4879385964912281 0.5069444444444445 0.4912280701754386 0.5101425438596491 0.4901315789473685 0.514985380116959 0.48802997076023397 0.5177266081871346 0.4853801169590644 0.5180921052631579
0 0.35163690476190473 0.43774801587301587 0.34806547619047623 0.44072420634920634 0.3434027777777777 0.4419146825396825 0.34062499999999996 0.4398313492063492 0.3390376984126984 0.4358630952380952 0.34102182539682535 0.4321924603174602 0.3436011904761905 0.4301091269841269 0.3482638888888889 0.4298115079365079 0.3499503968253968 0.43179563492063483 0.3519345238095238 0.4365575396825397
0 0.390758547008547 0.48112535612535623 0.3875534188034188 0.4830840455840456 0.38319088319088324 0.4828169515669516 0.3804309116809117 0.48005698005698005 0.3805199430199431 0.47542735042735046 0.3823896011396012 0.4721331908831909 0.385772792022792 0.4708867521367522 0.38933404558404555 0.4715099715099716 0.3914707977207978 0.4746260683760684 0.3926282051282051 0.47872150997151003
0 0.40197649572649574 0.46794871794871806 0.3980591168091169 0.4678596866096867 0.395744301994302 0.4642094017094017 0.39521011396011396 0.46055911680911693 0.3972578347578347 0.4577991452991454 0.4013532763532764 0.4558404558404559 0.40625000000000006 0.457175925925926 0.4079415954415954 0.4622507122507123 0.4067841880341881 0.4659900284900286
0 0.40268874643874647 0.4994658119658121 0.3978810541310541 0.49857549857549865 0.39485398860398857 0.4965277777777778 0.3947649572649573 0.4915420227920229 0.3969907407407407 0.48789173789173795 0.40268874643874647 0.48753561253561256 0.40562678062678065 0.4899394586894587 0.4061609686609687 0.4940349002849003 0.4048254985754986 0.49866452991453003
0 0.4168447293447294 0.4828169515669516 0.41239316239316237 0.4821047008547009 0.40918803418803423 0.47827635327635337 0.4107905982905983 0.47320156695156695 0.4151531339031339 0.4706196581196582 0.41907051282051283 0.4715990028490029 0.4220975783475784 0.4747150997150998 0.4213853276353276 0.4798789173789174
0 0.35524691358024685 0.5679783950617283 0.3523148148148148 0.5699074074074073 0.3487654320987654 0.5698302469135802 0.3470679012345679 0.5674382716049382 0.34652777777777777 0.5637345679012346 0.3487654320987654 0.5604938271604938 0.3526234567901234 0.5594135802469135 0.35686728395061723 0.5617283950617283 0.3574074074074074 0.5665123456790123
0 0.36338495575221247 0.69054203539823 0.3586836283185841 0.6918325958702064 0.3542588495575222 0.6901733038348082 0.3514933628318585 0.6869469026548672 0.35213864306784665 0.6823377581120944 0.3565634218289086 0.6777286135693215 0.36117256637168144 0.6772676991150441 0.36651917404129797 0.6803097345132744 0.36698008849557523 0.6862094395280236
0 0.37619837758112096 0.674410029498525 0.3721423303834809 0.6739491150442477 0.36919247787610626 0.6710914454277286 0.3680862831858408 0.6672197640117994 0.37048303834808266 0.6631637168141592 0.37324852507374634 0.6610435103244837 0.3797935103244839 0.6623340707964601 0.3818215339233039 0.665929203539823 0.3829277286135694 0.6690634218289085 0.3797935103244839 0.6731194690265486
0 0.38965707964601776 0.6595685840707964 0.3843104719764013 0.6579092920353983 0.3832042772861357 0.6520095870206489 0.3850479351032449 0.6484144542772862 0.3877212389380532 0.646386430678466 0.39251474926253693 0.6456489675516224 0.3970317109144543 0.6503502949852508 0.3953724188790561 0.6568030973451326
0 0.4033001474926254 0.6434365781710915 0.40035029498525077 0.6409476401179941 0.39859882005899705 0.6373525073746312 0.3994284660766962 0.6327433628318584 0.40265486725663724 0.6297935103244837 0.4073561946902655 0.6299778761061947 0.4117809734513275 0.633480825958702 0.41187315634218297 0.6380899705014749 0.41021386430678475 0.6415007374631269 0.40726401179941013 0.6436209439528023
0 0.3915696486928105 0.6926317401960784 0.3886080473856209 0.6918658088235293 0.3872293709150327 0.6894658905228758 0.38692299836601307 0.6869638480392156 0.3886080473856209 0.6839001225490197 0.3922334558823529 0.6816533905228758 0.3956546160130719 0.6825214460784313 0.39769709967320266 0.684717116013072 0.3983098447712418 0.6871170343137255 0.3979013480392157 0.6894658905228758 0.3956546160130719 0.6916104983660131 0.39305044934640526 0.6926828022875817
0 0.45465225563909767 0.5900689223057644 0.4505795739348371 0.5907738095238095 0.44674185463659144 0.5892073934837092 0.4451754385964912 0.5848214285714285 0.44783834586466165 0.5805137844611529 0.4512061403508772 0.5789473684210527 0.45590538847117795 0.5805921052631579 0.45762844611528813 0.5834899749373433 0.4572368421052631 0.587640977443609
0 0.47062969924812026 0.5734649122807017 0.46734022556390975 0.5731516290726817 0.46420739348370926 0.5714285714285714 0.46342418546365916 0.5676691729323309 0.4645206766917293 0.5634398496240601 0.4679667919799498 0.5618734335839598 0.4722744360902255 0.5619517543859648 0.4745457393483709 0.5660244360902256 0.47470238095238093 0.5698621553884712 0.4718828320802005 0.5728383458646616
0 0.47736528822055135 0.5864661654135338 0.47470238095238093 0.5864661654135338 0.47258771929824556 0.5846647869674185 0.47243107769423553 0.581845238095238 0.47384085213032584 0.5794956140350876 0.4761904761904762 0.5784774436090225 0.4793233082706767 0.5796522556390977 0.4804197994987468 0.5827067669172932 0.4795582706766917 0.5857612781954887
0 0.48323934837092725 0.5785557644110275 0.48135964912280704 0.5777725563909775 0.47971491228070173 0.575579573934837 0.4802631578947368 0.5722901002506265 0.4822994987468672 0.5703320802005013 0.4860588972431077 0.5709586466165413 0.4883302005012531 0.5743264411027569 0.487468671679198 0.5773026315789473 0.4850407268170426 0.5786340852130326
0 0.4851973684210526 0.5567825814536341 0.4822994987468672 0.5556077694235588 0.47994987468671674 0.5534147869674185 0.47901002506265666 0.550281954887218 0.4805764411027568 0.5465225563909775 0.48316102756892226 0.5448778195488722 0.487703634085213 0.5454260651629073 0.4903665413533834 0.549890350877193 0.4893483709273183 0.5541979949874687 0.48723370927318294 0.5562343358395989
0 0.4916979949874687 0.5705670426065163 0.48880012531328315 0.5693139097744361 0.487468671679198 0.5664160401002506 0.4883302005012531 0.5635181704260651 0.49052318295739344 0.562108395989975 0.4942042606516291 0.56296992481203 0.49608395989974935 0.5665726817042606 0.49467418546365916 0.5698621553884712
0 0.5008709587513935 0.5607232441471571 0.49822324414715713 0.5596084169453736 0.49689938684503904 0.5561245819397993 0.49801421404682267 0.553476867335563 0.5003135451505016 0.5522923634336678 0.5033096432552954 0.5531284838350056 0.505260590858417 0.5556368450390191 0.5044244704570793 0.5590510033444817
0 0.506723801560758 0.5517349498327759 0.504703177257525 0.5497840022296545 0.504703177257525 0.5472756410256411 0.5062360646599777 0.5452550167224081 0.5089534559643255 0.5444188963210702 0.5120889074693423 0.5449763099219621 0.5132037346711259 0.5472756410256411 0.5127159977703457 0.5502717391304348 0.5105560200668896 0.5523620401337793 0.5084657190635452 0.5525710702341138
0 0.5161301560758083 0.5442795429208473 0.5139005016722409 0.5429556856187291 0.512785674470457 0.5411440914158305 0.513064381270903 0.5382873467112597 0.5147366220735786 0.5371725195094761 0.5162695094760312 0.5361273690078038 0.519265607580825 0.5371028428093645 0.5207984949832777 0.5390537904124861 0.521146878483835 0.5418408584169454 0.5184294871794873 0.5442795429208473
0 0.5008012820512822 0.539332497212932 0.49829292084726867 0.5386357302118173 0.49557552954292095 0.5365454292084727 0.49487876254180607 0.5330615942028986 0.49662068004459303 0.5300654960981048 0.4998258082497214 0.5276268115942029 0.5050515607580826 0.5279055183946489 0.5078386287625418 0.5313893534002229 0.507141861761427 0.5365454292084727 0.5037277034559643 0.5387750836120402
0 0.5183047493403694 0.5792656112576957 0.5156662269129287 0.5800351802990326 0.5125879507475813 0.5791007036059806 0.5113236587510994 0.5764072119613016 0.5121481970096746 0.573603781882146 0.5139072119613016 0.5716798592788039 0.5169305189094108 0.5718447669305189 0.519184256816183 0.5727792436235708 0.5198988566402815 0.5758575197889183 0.5197339489885664 0.5783311345646438
0 0.5264951627088831 0.5914687774846087 0.5245712401055409 0.5905892700087951 0.5227572559366754 0.588830255057168 0.5225923482849605 0.5856420404573439 0.523801671064204 0.5832233948988567 0.5268249780123132 0.5822339489885664 0.530288038698329 0.5842678100263853 0.5308927000879508 0.5874010554089709 0.5299032541776605 0.5903144239226034
0 0.5376539138082674 0.6020778364116095 0.5351253298153034 0.6010883905013192 0.5329815303430079 0.5986697449428321 0.5338610378188214 0.5948218997361477 0.5373790677220757 0.5933927000879508 0.5416666666666666 0.5953166226912929 0.5419964819700968 0.5991094986807387 0.5410620052770448 0.6009234828496042
0 0.5524294019933556 0.6156907530454042 0.549937707641196 0.6154138981173864 0.5477920819490587 0.6113302879291251 0.5483457918050941 0.609046234772979 0.5503529900332226 0.6069698228128461 0.5545750276854928 0.6062776854928018 0.5567898671096345 0.6091846622369879 0.5568590808416389 0.6121608527131783 0.5560285160575857 0.6141680509413068
0 0.5607350498338871 0.6268341638981173 0.5586586378737541 0.6249653931339978 0.5575512181616833 0.6223352713178294 0.5581049280177187 0.6195667220376523 0.5603197674418605 0.6179748062015503 0.563295957918051 0.6173518826135105 0.5665490033222592 0.6194975083056479 0.5675872093023255 0.6224736987818383 0.5661337209302326 0.625657530454042 0.5642649501661129 0.6269033776301217 0.5617732558139534 0.6273878737541528
0 0.5723629568106312 0.6379083610188261 0.5695251937984497 0.6361780177187154 0.5691791251384275 0.6321636212624585 0.5716016057585825 0.6288413621262459 0.5739548726467331 0.6285645071982281 0.5783845514950166 0.6309869878183831 0.5791459025470653 0.6347937430786268 0.576515780730897 0.637562292358804 0.5728474529346622 0.6384620708748615
0 0.5531600560897435 0.6485126201923076 0.5492538060897435 0.6472105368589743 0.5473006810897435 0.6442558092948717 0.5479016426282051 0.6410506810897435 0.5500050080128205 0.6379957932692307 0.552959735576923 0.6367437900641025 0.5573667868589743 0.6379957932692307 0.5594200721153846 0.6412510016025641 0.5587189503205128 0.6454076522435896 0.5569661458333334 0.6473106971153846
0 0.5761430678466076 0.6055494100294985 0.5716261061946902 0.6033370206489675 0.5698746312684365 0.5978060471976401 0.5712573746312685 0.5918141592920353 0.5765117994100295 0.5898783185840708 0.5832411504424778 0.5908001474926253 0.586098820058997 0.59375 0.5864675516224188 0.5980825958702064 0.586098820058997 0.6017699115044248 0.5826880530973451 0.6045353982300885
0 0.5680436337625179 0.6617489270386265 0.5644670958512159 0.6603183118741058 0.5625894134477826 0.6562947067238912 0.5629470672389126 0.6536123032904148 0.5667024320457796 0.6503934191702432 0.5730507868383405 0.6528969957081545 0.5744814020028612 0.6578147353361946 0.5700107296137339 0.6619277539341917
0 0.5973673633440514 0.6299236334405145 0.5949557877813504 0.628717845659164 0.5927451768488746 0.6255024115755626 0.5924102357984994 0.6223539657020365 0.5943528938906752 0.618870578778135 0.5967644694533762 0.6175308145766345 0.6000468917470526 0.6173298499464094 0.6034632904608789 0.6190045551982852 0.6051379957127545 0.6230238478027867 0.6046020900321545 0.6267751875669881 0.6022575026795285 0.628717845659164
0 0.6132435691318328 0.6455318863879957 0.6101621114683816 0.6437232047159699 0.6083534297963559 0.6385651125401929 0.6098271704180064 0.6346797963558415 0.6145833333333334 0.6328041264737406 0.6194064844587354 0.6347467845659164 0.6211481779206861 0.6406417470525189 0.6184686495176849 0.6443930868167203 0.6161910503751341 0.6453979099678457
0 0.6334048640915594 0.6676502145922747 0.6291130185979971 0.6633583690987124 0.6280400572246065 0.6585300429184548 0.630901287553648 0.6534334763948498 0.6346566523605149 0.6515557939914163 0.640379113018598 0.6533440629470673 0.6433297567954219 0.6565629470672388 0.6433297567954219 0.6618383404864091 0.6417203147353361 0.665414878397711 0.6380543633762518 0.6672925608011444
0 0.6156115879828326 0.6866058655221745 0.6104256080114449 0.6839234620886981 0.6095314735336195 0.6790951359084406 0.6117668097281831 0.6741773962804006 0.6161480686695279 0.6729256080114449 0.6209763948497854 0.6756974248927039 0.6219599427753935 0.6790951359084406 0.6216022889842632 0.6829399141630901 0.619277539341917 0.6849964234620887
0 0.6342961487383799 0.700863213811421 0.6314741035856574 0.701527224435591 0.6265770252324038 0.7001162018592297 0.6258300132802126 0.6969621513944223 0.6256640106241701 0.6933100929614874 0.6285690571049137 0.6903220451527226 0.6333831341301461 0.689160026560425 0.6366201859229748 0.6915670650730412 0.6381142098273573 0.6953021248339973 0.6369521912350598 0.6994521912350598
0 0.6541334661354582 0.6835989375830013 0.6499003984063745 0.6820219123505976 0.6494853917662683 0.6783698539176627 0.6496513944223108 0.6739707835325366 0.6542994687915007 0.6710657370517928 0.6591135458167331 0.6725597609561753 0.662101593625498 0.6769588313413014 0.6603585657370518 0.6815239043824701 0.6579515272244356 0.6835989375830013
0 0.6727402280130292 0.6993417480998915 0.6700936482084691 0.6992060260586319 0.6662255700325733 0.6973737785016286 0.6648683496199783 0.6937771444082519 0.6653433767643866 0.6903162323561347 0.6688042888165039 0.6874660694896851 0.6732831161780672 0.6872624864277959 0.6765404451682954 0.6892304560260587 0.6775583604777417 0.6943200325732899 0.6769476112920738 0.6962880021715527 0.6734866992399566 0.6994774701411509
0 0.6487852877307275 0.7178678067318132 0.6450529315960912 0.7167141693811075 0.6419313246471227 0.7133889793702498 0.6428813789359392 0.7076886536373508 0.6455279587404994 0.7051777958740499 0.650549674267101 0.7050420738327905 0.653264115092291 0.7075529315960912 0.654349891422367 0.7115567318132465 0.6531962540716613 0.715492671009772
0 0.6887825325325325 0.7151213713713713 0.6865928428428428 0.7151213713713713 0.6829016516516517 0.7133696196196195 0.6811498998998998 0.7101789289289289 0.6817755255255256 0.7068005505505505 0.6835272772772772 0.7039226726726726 0.6872184684684685 0.7029842342342342 0.691285035035035 0.7039852352352353 0.693724974974975 0.7074887387387387 0.6935998498498499 0.7115553053053053 0.6919732232232232 0.7141203703703703
0 0.6657965393794749 0.7321748210023867 0.6628629673826572 0.7322245425616547 0.6601282816229118 0.7307328957836118 0.6586863564041369 0.7279484884645983 0.6589349642004774 0.724269093078759 0.6607249403341289 0.721783015115354 0.664802108194113 0.7204405330151153 0.6690781622911695 0.7223796738265712 0.6706195306284806 0.726804892601432 0.6695256563245823 0.7301859586316627
0 0.7101905684754523 0.7316698966408268 0.7076873385012921 0.7311046511627908 0.7040536175710594 0.7281976744186047 0.7040536175710594 0.7240794573643411 0.7059916020671835 0.7206072351421189 0.7112403100775194 0.7193152454780363 0.7162467700258398 0.7228682170542636 0.7164082687338502 0.7274709302325582 0.7136627906976745 0.7310239018087856
0 0.6890733506944445 0.7476671006944445 0.6856011284722223 0.7483181423611112 0.68115234375 0.7460394965277778 0.6795247395833334 0.7410481770833334 0.6814778645833334 0.7357313368055556 0.68603515625 0.7335611979166666 0.6910264756944445 0.7346462673611112 0.6937391493055556 0.7394205729166666 0.6929796006944445 0.74365234375
0 0.6719488770685579 0.7659205082742317 0.6678856382978724 0.7667331560283689 0.6633052600472814 0.762891548463357 0.6621971040189125 0.7587544326241136 0.6647828014184398 0.7541001773049646 0.6699541962174942 0.7524010047281323 0.6746084515366431 0.753730791962175 0.6762337470449172 0.7568336288416075 0.676455378250591 0.7611923758865248 0.6739435579196218 0.7646645981087471
0 0.65668630017452 0.7836496509598603 0.6533049738219895 0.7845222513089004 0.6479602966841186 0.7844131762652705 0.6456697207678882 0.7802683246073298 0.6453424956369982 0.7764506980802791 0.6486147469458987 0.7719786212914485 0.6540684991273996 0.7704515706806281 0.6590859511343804 0.7742691972076788 0.6596313263525305 0.7792866492146595
0 0.5417729591836735 0.7782738095238094 0.5401785714285714 0.7799213435374148 0.5367240646258503 0.780452806122449 0.5340136054421768 0.7785395408163265 0.5341198979591837 0.7748724489795917 0.5365646258503401 0.7723745748299319 0.5395408163265306 0.7725340136054422 0.5417198129251701 0.7744472789115646
0 0.5512470657276994 0.7886003521126759 0.5495745305164318 0.7900968309859153 0.546963028169014 0.7903315727699529 0.5449677230046949 0.7890404929577464 0.5442341549295774 0.7864583333333331 0.5445275821596244 0.7843163145539904 0.5464348591549295 0.7828198356807512 0.5493984741784036 0.7828785211267605 0.5512470657276994 0.7844923708920186 0.5518045774647887 0.786957159624413
0 0.5170603674540682 0.8260608048993875 0.5173884514435696 0.8289588801399825 0.5155839895013123 0.8315288713910761 0.5125765529308837 0.8313101487314086 0.5105533683289589 0.8300524934383202 0.5101159230096238 0.8262795275590552 0.5114282589676291 0.8249671916010499 0.5146544181977253 0.823982939632546
0 0.5305367332382311 0.848445672848312 0.5284266524013315 0.8502585592011414 0.5260193770803614 0.8506449120304328 0.5229582738944365 0.8497533285782216 0.5207293152639088 0.8473163338088445 0.5206550529747351 0.843087815810921 0.5225397310513448 0.8404390790546047 0.5260544009779952 0.8395222086389569 0.5300784433577832 0.8411012632436837 0.5316574979625102 0.8451253056234719
0 0.5436277506112469 0.8645833333333334 0.5416411980440098 0.8651945802770986 0.5379737163814181 0.8644305215973922 0.5360381010594947 0.8618836593317034 0.5356815403422983 0.8589292991035045 0.5362418500407499 0.8564843113284436 0.5384321515892421 0.8544468215158926 0.541590260798696 0.8536318255908721 0.5443918092909535 0.8548543194784027 0.5464292991035045 0.8565352485737572 0.5471933577832111 0.8595405460472697 0.5465311735941321 0.8622402200488997 0.5450030562347189 0.8642267726161371
0 0.5549877707896576 0.8497990915443746 0.551974143955276 0.8488382250174702 0.5498777078965758 0.8466981132075471 0.5495283018867925 0.8438591893780573 0.5510569531795947 0.8403651292802237 0.5529350104821803 0.8391422082459817 0.5572589098532496 0.8390548567435359 0.5601851851851852 0.8411512928022361 0.5610587002096437 0.8438155136268344 0.5606219426974144 0.8463487071977639 0.5588312368972747 0.8487508735150244 0.5560359888190077 0.8497554157931517
0 0.5448549965059399 0.8331149545772188 0.5428459119496856 0.8345562543675752 0.5392208245981831 0.8354297693920335 0.5367313067784766 0.8339884696016772 0.5353773584905661 0.8314552760307476 0.5350279524807827 0.8284416491963662 0.5366876310272537 0.8256464011180993 0.5400943396226415 0.8242924528301886 0.5435447239692522 0.8248165618448637 0.5461652690426275 0.8281359189378057 0.5458158630328442 0.8309311670160727
0 0.5550751222921034 0.8206673654786862 0.551450034940601 0.8200995807127882 0.5494846261355696 0.8177847658979736 0.5490478686233403 0.8149021663172606 0.5497466806429071 0.8123252969951084 0.551450034940601 0.810359888190077 0.5556865828092243 0.8098357791754018 0.5581761006289309 0.8111460517120894 0.5601415094339623 0.8133735150244584 0.5600541579315165 0.816911250873515 0.55861285814116 0.8193570929419987
0 0.5738448844884487 0.8332817656765676 0.5708539603960396 0.8344678217821783 0.5659550330033003 0.833384900990099 0.5647689768976898 0.8299298679867987 0.5651299504950494 0.8265779702970296 0.5679661716171618 0.8238448844884487 0.57204001650165 0.8237933168316831 0.5746699669966997 0.8257013201320131 0.5758044554455446 0.8289500825082508
0 0.5885165056360709 0.861161433172303 0.5865036231884059 0.8623691626409019 0.5834842995169083 0.8618659420289856 0.5832830112721417 0.8598530595813205 0.583786231884058 0.8579408212560388 0.58539653784219 0.857236312399356 0.5872081320450886 0.8573369565217394
0 0.6700621546961326 0.9256445672191529 0.6662638121546961 0.925126611418048 0.6650552486187845 0.9214433701657458 0.6672997237569059 0.9187960405156539 0.6703499079189686 0.918565837937385 0.6727094843462247 0.9206952117863719 0.673054788213628 0.923572744014733
0 0.7275066401062417 0.7491699867197875 0.724269588313413 0.7480909694555112 0.7199535192563081 0.7433598937583001 0.7214475431606906 0.738628818061089 0.7267596281540505 0.7348937583001328 0.7335657370517928 0.7380478087649404 0.7338147410358566 0.7434428950863214 0.7322377158034529 0.7475099601593626
0 0.7073373173970784 0.7709163346613547 0.7013612217795485 0.7719123505976097 0.6977091633466136 0.7689243027888446 0.6962981407702524 0.7641932270916335 0.698207171314741 0.7592961487383799 0.7017762284196547 0.7573041168658698 0.7083333333333334 0.7581341301460823 0.7107403718459495 0.7618691899070386 0.7111553784860558 0.7667662682602921
0 0.6891968325791855 0.7860105580693817 0.6848604826546004 0.7844079939668176 0.6835407239819005 0.7787518853695325 0.6858974358974359 0.7744155354449472 0.6908936651583711 0.7733785822021116 0.6955128205128205 0.7773378582202112 0.6947586726998491 0.7830882352941176
0 0.6785444947209653 0.7975113122171945 0.6745852187028657 0.7956259426847662 0.672605580693816 0.7928921568627452 0.6736425339366516 0.7889328808446456 0.6752450980392157 0.7870475113122172 0.6781674208144797 0.7858220211161387 0.6810897435897436 0.786293363499246 0.6837292609351433 0.7895927601809954 0.6839177978883861 0.7935520361990951 0.6804298642533937 0.7967571644042233
0 0.6736425339366516 0.808446455505279 0.6698717948717949 0.8098604826546003 0.6675150829562595 0.8092948717948719 0.6653469079939669 0.8065610859728507 0.6656297134238311 0.802978883861237 0.6679864253393666 0.80052790346908 0.6725113122171945 0.8003393665158371 0.6750565610859728 0.8038273001508296 0.6747737556561086 0.8065610859728507
0 0.6566742081447964 0.8273001508295628 0.6534690799396682 0.8259803921568627 0.6517722473604827 0.8231523378582202 0.6517722473604827 0.8207013574660634 0.6550716440422323 0.8186274509803921 0.6596907993966817 0.8201357466063349 0.6600678733031675 0.8246606334841629
0 0.6902721774193548 0.8276209677419354 0.686575940860215 0.8278729838709676 0.6827116935483871 0.8256888440860215 0.6809475806451613 0.8204805107526882 0.6824596774193548 0.8176243279569892 0.6880040322580645 0.8161122311827957 0.691364247311828 0.8182123655913978 0.6922883064516129 0.8230006720430108
0 0.7075772849462365 0.8083837365591399 0.7030409946236559 0.808719758064516 0.6999327956989247 0.8059475806451611 0.6995967741935484 0.8023353494623656 0.7012768817204301 0.7991431451612903 0.7048051075268817 0.7969590053763441 0.7092573924731183 0.7985551075268817 0.711861559139785 0.8032594086021504
0 0.7262264784946236 0.824260752688172 0.7225302419354839 0.8241767473118279 0.7209341397849462 0.8219086021505376 0.7217741935483871 0.8182963709677419 0.7251344086021505 0.8172043010752688 0.7287466397849462 0.8198084677419354
0 0.7420194892473118 0.8099798387096775 0.7367271505376344 0.8079637096774193 0.735299059139785 0.8026713709677419 0.7381552419354839 0.7987231182795699 0.7426075268817204 0.797799059139785 0.7472278225806451 0.8010752688172043 0.7466397849462365 0.8059475806451611
0 0.7233702956989247 0.790994623655914 0.71875 0.7900705645161291 0.7165658602150538 0.7866263440860215 0.7174899193548387 0.7820060483870968 0.719758064516129 0.7805779569892474 0.7229502688172043 0.7794018817204301 0.7272345430107526 0.7813340053763441 0.7284106182795699 0.7850302419354838 0.7280745967741935 0.7882224462365591
0 0.7087127483443709 0.8437155077262694 0.7048496136865342 0.8435085540838853 0.7024351545253864 0.8422668322295807 0.702366169977925 0.8397833885209713 0.7034009381898455 0.837299944812362 0.7062293046357616 0.835989238410596 0.7087127483443709 0.8374379139072847 0.7103683774834437 0.840473233995585 0.7094025938189846 0.8437155077262694
0 0.7442397902869757 0.8432326158940399 0.7413424392935982 0.8424737858719648 0.739617825607064 0.8397833885209713 0.7405836092715231 0.8372309602649006 0.742791114790287 0.8356443156732893 0.7466542494481236 0.8366100993377484 0.747275110375276 0.8399903421633554 0.7468612030905077 0.8414390176600443
0 0.7646076287657919 0.8251032555879494 0.7620566083576287 0.8277150145772594 0.758412293488824 0.8277150145772594 0.7557397959183673 0.825224732750243 0.7540998542274052 0.8226129737609329 0.7547679786200194 0.8188471817298347 0.7578656462585034 0.8162354227405249 0.7611455296404276 0.8159924684159379 0.7646683673469388 0.8181183187560738 0.7656401846452867 0.821155247813411
0 0.7768817204301075 0.8431899641577061 0.7722520908004779 0.8428166069295101 0.769862604540024 0.8393817204301075 0.7694145758661888 0.8353494623655915 0.7719534050179211 0.8310185185185185 0.7785244922341698 0.830421146953405 0.7825567502986858 0.8329599761051374 0.7824820788530467 0.8389336917562724 0.7792712066905616 0.8424432497013142
0 0.7634408602150538 0.8608124253285543 0.7611260454002389 0.8608870967741935 0.7588112305854241 0.8583482676224611 0.7592592592592592 0.8558094384707289 0.7612753882915174 0.8542413381123058 0.7653823178016727 0.8542413381123058 0.7665770609318996 0.8573775388291517 0.7651583034647551 0.8596923536439666
