0 0.6909871244635193 0.8633762517882689 0.6902718168812589 0.8600679542203147 0.6911659513590843 0.855060801144492 0.6948319027181689 0.8518419170243205 0.7004649499284692 0.8505007153075822 0.7043097281831187 0.8513054363376252 0.7094062947067239 0.855060801144492 0.7093168812589413 0.8623927038626609 0.7060979971387696 0.8672210300429183 0.701090844062947 0.8685622317596566 0.6964413447782547 0.8683834048640915
0 0.6995784695201037 0.8326037613488976 0.698443579766537 0.8288748378728925 0.6995784695201037 0.8243352788586253 0.7033884565499352 0.8205252918287939 0.7087386511024644 0.8190661478599223 0.713440337224384 0.8202821011673153 0.7175745784695202 0.8244974059662776 0.7183041504539559 0.8293612191958497 0.7153047989623866 0.8347114137483789 0.7106841763942932 0.8374675745784697 0.7059014267185474 0.8373054474708171
0 0.39390896921017404 0.5129685408299867 0.3937416331994646 0.5186579651941098 0.3908132530120482 0.523008701472557 0.3883032128514057 0.5251840696117805 0.38345046854083 0.5266064257028114 0.37851405622489964 0.5262717536813923 0.37391231593038826 0.5228413654618475 0.3713186077643909 0.5189089692101742 0.3712349397590362 0.5133868808567604 0.37324297188755023 0.5082831325301206 0.37717536813922353 0.5049364123159304 0.38261378848728245 0.5035977242302544 0.38813587684069617 0.50510374832664 0.39173360107095045 0.5081157965194111
0 0.3542596726190476 0.5425037202380952 0.35518973214285715 0.5395275297619048 0.35692584325396826 0.5376054067460317 0.3598400297619047 0.5376674107142857 0.3621341765873016 0.5391555059523809 0.36312624007936506 0.5407056051587301 0.3628162202380953 0.5435577876984128 0.36077008928571425 0.5449838789682541 0.35766989087301587 0.5457899305555555
0 0.3475975975975976 0.5351914414414415 0.34872372372372373 0.5387575075075075 0.3469406906906908 0.5422297297297298 0.3432807807807808 0.5421358858858859 0.34102852852852855 0.5413851351351352 0.3402777777777778 0.5388513513513514 0.3405593093093094 0.5357545045045046 0.3429992492492493 0.5341591591591591
0 0.3289226726726727 0.5257132132132133 0.32713963963963966 0.5286223723723724 0.322728978978979 0.5309684684684685 0.3181306306306307 0.5307807807807808 0.31447072072072074 0.5283408408408409 0.31250000000000006 0.5235548048048048 0.31484609609609615 0.5177364864864865 0.31897522522522526 0.5150150150150151 0.3244181681681682 0.5151088588588589 0.3278903903903904 0.5177364864864865 0.3291103603603604 0.5215840840840842
0 0.3422453703703704 0.5109375 0.340625 0.5108217592592592 0.3380208333333333 0.5097222222222222 0.33599537037037036 0.50625 0.3361689814814815 0.5035300925925926 0.3372685185185185 0.5005787037037036 0.33998842592592593 0.49895833333333334 0.3445023148148148 0.499074074074074 0.3476273148148148 0.5013888888888889 0.34913194444444445 0.5052662037037036 0.34809027777777773 0.5085069444444443 0.3451967592592593 0.5109953703703702
0 0.36022534013605445 0.48968962585034004 0.36086309523809523 0.4921343537414966 0.3609162414965986 0.495376275510204 0.35921556122448983 0.4973958333333333 0.3563988095238096 0.49893707482993194 0.3539540816326531 0.4988839285714285 0.3495429421768707 0.4973958333333333 0.3477891156462585 0.4937287414965986 0.34842687074829937 0.4899022108843537 0.35044642857142855 0.48772321428571425 0.3529443027210885 0.48639455782312924 0.3568239795918368 0.4864477040816326 0.3594812925170068 0.4885735544217687
0 0.36952593537414963 0.4921875 0.3676126700680273 0.4922406462585034 0.36601828231292516 0.49144345238095233 0.36447704081632654 0.4898490646258503 0.3642644557823129 0.4875106292517007 0.36522108843537415 0.48527848639455784 0.367718962585034 0.48410926870748294 0.37064200680272114 0.48490646258503406 0.37234268707483 0.4864477040816326 0.3731930272108844 0.48926445578231287 0.37143920068027214 0.49154974489795916
0 0.44386261261261256 0.4934684684684684 0.44459459459459455 0.49634009009009 0.44408783783783784 0.5003378378378378 0.4421734234234234 0.5023648648648649 0.43935810810810805 0.5038288288288288 0.4373310810810811 0.5038288288288288 0.43457207207207205 0.5027590090090089 0.4326576576576576 0.5009009009009009 0.4311373873873873 0.4980855855855856 0.4309684684684684 0.4953265765765766 0.4324324324324324 0.4920045045045045 0.43789414414414407 0.4899211711711712 0.441554054054054 0.49093468468468465
0 0.4287618483412322 0.4697373617693523 0.4306378357030016 0.47378554502369674 0.4305390995260664 0.47734004739336494 0.4291567930489732 0.4808945497630332 0.42362756714060035 0.4836591627172196 0.41928317535545023 0.48346169036334913 0.41553120063191157 0.48069707740916273 0.4136552132701422 0.4764514218009479 0.41454383886255924 0.4733906003159558 0.4150375197472354 0.47062598736176936 0.41701224328594 0.4677626382306478 0.42017180094786727 0.4667752764612954 0.42688586097946296 0.46726895734597157
0 0.3965322151224708 0.43360623003194887 0.3972643769968051 0.4310103833865815 0.40025958466453676 0.4281482960596379 0.40412007454739085 0.426550851970181 0.4097776890308839 0.4273495740149095 0.4123735356762513 0.4305444621938232 0.41357161874334397 0.435536474973376 0.41117545260915866 0.4401291267305644 0.407980564430245 0.4426584132055378 0.40358759318423854 0.44292465388711394 0.40005990415335463 0.44159345047923326 0.39846246006389774 0.43979632587859424 0.3977302981895634 0.43753328008519704
0 0.3252128136200717 0.45413306451612895 0.3201724910394265 0.45368503584229386 0.3168122759856631 0.4502128136200716 0.3165882616487455 0.44528449820788524 0.32073252688172044 0.44125224014336906 0.32801299283154123 0.4415882616487455 0.32991711469534046 0.44685259856630816 0.3285730286738351 0.45122087813620065
0 0.33719758064516125 0.4369959677419354 0.3328293010752688 0.4354278673835124 0.33148521505376344 0.43117159498207885 0.3348454301075269 0.42680331541218636 0.3402217741935484 0.42725134408602145 0.3427979390681003 0.43240367383512535
0 0.34851030465949817 0.41896281362007165 0.3488463261648745 0.41425851254480284 0.3515344982078853 0.4100022401433691 0.35691084229390685 0.409554211469534 0.3607190860215053 0.4122423835125448 0.36206317204301075 0.41672267025089604 0.3588149641577061 0.42221102150537637 0.35422267025089604 0.42232302867383514
0 0.36620743727598565 0.40417786738351247 0.3644153225806452 0.40182571684587814 0.3644153225806452 0.3968974014336918 0.3683355734767025 0.3943212365591398 0.3724798387096774 0.39532930107526887 0.3755040322580645 0.3998095878136201 0.373711917562724 0.40428987455197135 0.36934363799283154 0.40585797491039427
0 0.17154605263157893 0.4643092105263158 0.17209429824561404 0.46228070175438596 0.17384868421052627 0.4603618421052631 0.1764254385964912 0.46041666666666664 0.17856359649122805 0.4616776315789474 0.1793859649122807 0.46458333333333335 0.1781798245614035 0.4671052631578947 0.17478070175438595 0.4680921052631579 0.17225877192982456 0.4669407894736842
0 0.17708333333333331 0.4811951754385964 0.17653508771929824 0.47889254385964913 0.17719298245614035 0.4764254385964912 0.17911184210526312 0.47505482456140347 0.18207236842105262 0.475109649122807 0.18366228070175436 0.4766995614035088 0.18432017543859647 0.4794407894736842 0.18349780701754387 0.4822916666666667 0.18157894736842103 0.4830592105263158 0.1790570175438596 0.48251096491228074
0 0.18656798245614034 0.4932565789473684 0.18547149122807016 0.4919407894736842 0.1855811403508772 0.48974780701754383 0.18711622807017542 0.4881030701754385 0.1893640350877193 0.4880482456140351 0.19095394736842103 0.48941885964912285 0.19128289473684207 0.49172149122807013 0.18980263157894733 0.493640350877193
0 0.12132048092868994 0.334007048092869 0.11510157545605315 0.33379975124378114 0.10908996683250421 0.32986111111111116 0.10784618573797687 0.32312396351575456 0.10940091210613606 0.31783789386401334 0.11416873963515764 0.31348466003316755 0.12018034825870652 0.3121372305140962 0.12474087893864019 0.3151430348258707 0.12899046434494205 0.32001451077943616 0.12919776119402993 0.3260261194029851 0.1255700663349918 0.3308975953565506
0 0.10908440629470671 0.27977467811158796 0.10532904148783977 0.2784334763948497 0.10139484978540772 0.2742310443490701 0.10067954220314736 0.2689556509298998 0.10300429184549355 0.26412732474964234 0.10792203147353362 0.26189198855507867 0.11534334763948498 0.2640379113018598 0.11900929899856938 0.26940271816881256 0.11704220314735338 0.27557224606580827 0.11301859799713876 0.2795958512160229
0 0.1371602288984263 0.2885371959942775 0.13322603719599427 0.2873748211731044 0.13224248927038626 0.2833512160228898 0.1341201716738197 0.27968526466380544 0.13957439198855506 0.27968526466380544 0.14243562231759654 0.2819206008583691 0.14127324749642345 0.2865701001430615
0 0.13841201716738197 0.26627324749642345 0.13501430615164517 0.2647532188841202 0.1334942775393419 0.2608190271816881 0.13510371959942774 0.25688483547925606 0.13760729613733905 0.25473891273247495 0.14368741058655218 0.25616952789699565 0.14583333333333334 0.259656652360515 0.1446709585121602 0.26394849785407726 0.142346208869814 0.2655579399141631
0 0.1675608011444921 0.24356223175965663 0.16416309012875535 0.24132689556509296 0.16165951359084402 0.23631974248927037 0.16380543633762515 0.23149141630901282 0.16917024320457794 0.22782546494992842 0.17551859799713876 0.22863018597997134 0.17998927038626608 0.23363733905579398 0.17945278969957076 0.24016452074391986 0.17480329041487838 0.2440987124463519
0 0.0996417797888386 0.21823152337858223 0.09558823529411763 0.21634615384615385 0.09257164404223227 0.21182126696832582 0.09285444947209652 0.20569381598793363 0.09643665158371041 0.2018288084464555 0.10312971342383108 0.1996606334841629 0.10831447963800905 0.20267722473604827 0.11142533936651584 0.20729638009049772 0.11085972850678734 0.21219834087481143 0.10897435897435898 0.21568627450980396 0.1028469079939668 0.21823152337858223
0 0.18766891891891893 0.16463963963963962 0.18479729729729727 0.1637387387387387 0.18372747747747747 0.16041666666666668 0.18451576576576575 0.15703828828828828 0.18789414414414415 0.15546171171171166 0.19189189189189187 0.15675675675675674 0.19341216216216214 0.1599099099099099 0.19132882882882882 0.163795045045045
0 0.1940878378378378 0.14487612612612613 0.18997747747747748 0.14206081081081082 0.1885698198198198 0.13766891891891891 0.19003378378378377 0.13367117117117114 0.1927927927927928 0.13125 0.19808558558558553 0.1305743243243243 0.2036036036036036 0.13372747747747749 0.20439189189189189 0.138231981981982 0.20275900900900898 0.14256756756756753 0.19921171171171168 0.14481981981981978 0.19465090090090087 0.14510135135135135
0 0.15977822580645162 0.12941028225806453 0.15805611559139787 0.12726814516129034 0.15759408602150538 0.1250840053763441 0.15998823924731184 0.12210181451612902 0.16360047043010753 0.1218918010752688 0.16595262096774197 0.12365591397849461 0.16658266129032262 0.1273521505376344 0.16389448924731184 0.12953629032258063
0 0.15589080459770113 0.10001596424010219 0.15333652618135377 0.09714240102171137 0.1532567049808429 0.09410919540229887 0.15573116219667946 0.09211366538952745 0.15940293742017878 0.0911558109833972 0.16235632183908044 0.09323116219667944 0.1629948914431673 0.09754150702426564 0.1605204342273308 0.10017560664112388
0 0.28344470649895176 0.10210298742138366 0.279186320754717 0.10079271488469602 0.27676231656184486 0.09751703354297693 0.27787604821802936 0.09345518867924528 0.280037997903564 0.09142426624737945 0.2842963836477987 0.09076912997903565 0.2886857966457023 0.09397929769392034 0.2890788784067086 0.09745151991614255 0.28770309224318663 0.10066168763102726
0 0.33175505050505055 0.05309343434343441 0.3263257575757576 0.05183080808080813 0.3243055555555556 0.0434974747474748 0.32796717171717177 0.03996212121212126 0.33377525252525253 0.03907828282828287 0.33680555555555564 0.0416035353535354 0.33819444444444446 0.044760101010101076 0.3380681818181819 0.049431818181818236 0.3342803030303031 0.05233585858585865
