0 0.5096531413612565 0.6655213787085514 0.506489965095986 0.6617037521815008 0.5052901396160557 0.6575589005235601 0.5073625654450261 0.6510143979057591 0.5110711169284468 0.6487238219895287 0.5190335951134379 0.6482875218150087 0.525578097731239 0.6523232984293194 0.5275414485165794 0.6596313263525305 0.5248145724258289 0.6649760034904013 0.519251745200698 0.6681391797556718 0.5148887434554973 0.6682482547993018
0 0.4724585514834205 0.6266906631762652 0.4680955497382198 0.6240728621291448 0.4655868237347295 0.619600785340314 0.4671138743455497 0.6143651832460733 0.46907722513089 0.6117473821989527 0.47453097731239086 0.6107657068062826 0.48031195462478177 0.6136016579406631 0.4820571553228621 0.619164485165794 0.48085732984293195 0.6233093368237347 0.4771487783595113 0.6260362129144851
0 0.5084533158813263 0.6216732111692844 0.5045266143106457 0.6182918848167538 0.5032177137870855 0.6138198080279231 0.5053992146596858 0.6088023560209423 0.5111801919720768 0.6069480802792321 0.5168520942408376 0.6091295811518325 0.5189245200698079 0.6138198080279231 0.5182700698080278 0.6187281849912739 0.5152159685863874 0.6215641361256543
0 0.5052901396160557 0.5857875218150087 0.5017997382198952 0.5833878708551483 0.4997273123909249 0.5786976439790575 0.500054537521815 0.5741164921465968 0.5039812390924955 0.5710623909249563 0.5099803664921465 0.5705170157068062 0.5140161431064572 0.5735711169284468 0.5141252181500872 0.5789157940663175 0.512380017452007 0.5831697207678882 0.5088896160558464 0.5849149214659685
0 0.4721313263525305 0.5897142233856894 0.46787739965095987 0.5893869982547992 0.46395069808027917 0.5860056719022687 0.4627508726003489 0.5819698952879581 0.4641688481675393 0.5774978184991273 0.46744109947643975 0.5746618673647469 0.4736583769633507 0.5745527923211169 0.4764943280977312 0.5773887434554973 0.4782395287958115 0.5831697207678882 0.47671247818499124 0.5856784467713787
0 0.43421474358974355 0.5698717948717948 0.43197115384615375 0.5680288461538461 0.4318108974358974 0.5644230769230769 0.4334134615384615 0.5622596153846153 0.4377403846153845 0.5620993589743589 0.4399839743589743 0.5642628205128204 0.4400641025641025 0.5672275641025641 0.4383814102564102 0.5690705128205128
0 0.4177083333333333 0.5626602564102563 0.41498397435897433 0.5616185897435897 0.41378205128205126 0.5588141025641025 0.41418269230769234 0.5554487179487179 0.4165064102564103 0.5539262820512819 0.41963141025641026 0.5534455128205128 0.42299679487179487 0.5554487179487179 0.42403846153846153 0.5590544871794871 0.4226762820512821 0.5617788461538461
0 0.3936429127725856 0.5543711059190032 0.38926207165109034 0.5535922897196262 0.38614680685358255 0.5520346573208723 0.38468652647975077 0.5481405763239875 0.38419976635514014 0.5448306074766355 0.38643886292834895 0.5422021028037384 0.39130646417445475 0.540255062305296 0.3967581775700934 0.5405471183800623 0.39948403426791274 0.5434676791277259 0.39997079439252337 0.5478485202492211 0.3990946261682243 0.5512558411214953 0.39549260124610586 0.5535922897196262
0 0.40084696261682246 0.5381133177570093 0.39724493769470404 0.5379186137071651 0.3938376168224299 0.534511292834891 0.3927667445482866 0.5297410436137071 0.39422702492211836 0.5259443146417446 0.39773169781931456 0.5242893302180686 0.40367017133956384 0.5243866822429907 0.4069801401869159 0.5280860591900312 0.4071748442367601 0.5321748442367601 0.4042542834890966 0.5368477414330218
0 0.409608644859813 0.5472644080996885 0.4063960280373832 0.5457067757009345 0.4042542834890966 0.5436623831775701 0.4049357476635514 0.5399630062305296 0.40659073208722735 0.5383080218068536 0.4098033489096573 0.5376265576323987 0.41301596573208715 0.5388921339563862 0.4143788940809969 0.5417153426791277 0.41408683800623053 0.5442464953271029 0.41233450155763235 0.5460961838006231
0 0.4122371495327103 0.5338298286604362 0.41009540498442365 0.5326616043613708 0.4098033489096573 0.529546339563863 0.4113609813084112 0.5270151869158878 0.4142815420560747 0.5255549065420562 0.4169100467289719 0.5254575545171339 0.41944119937694696 0.5280860591900312 0.41885708722741427 0.5329536604361371 0.41593652647975077 0.534511292834891
0 0.4289816978193146 0.5427862149532711 0.42635319314641745 0.5431756230529595 0.42206970404984423 0.5406444704049844 0.4207067757009345 0.5370424454828661 0.4214855919003115 0.5340245327102804 0.4231405763239875 0.5312013239875389 0.4271320093457944 0.5301304517133956 0.43170755451713394 0.5312013239875389 0.4340440031152648 0.5350954049844238 0.4340440031152648 0.5400603582554517
0 0.4436818535825545 0.5506717289719626 0.44056658878504673 0.5496008566978193 0.43754867601246106 0.5464855919003115 0.43686721183800625 0.5431756230529595 0.4386195482866044 0.5399630062305296 0.4413454049844237 0.5376265576323987 0.4466024143302181 0.5367503894080997 0.4503017912772586 0.5390868380062306 0.4516647196261682 0.5448306074766355 0.450691199376947 0.5484326323987538 0.44708917445482865 0.5498929127725857
0 0.4579926012461059 0.523802570093458 0.45701908099688476 0.5297410436137071 0.4524435358255452 0.5324669003115264 0.4489388629283489 0.5315907320872274 0.44640771028037385 0.5296436915887851 0.444947429906542 0.526236370716511 0.4451421339563863 0.5232184579439253 0.4475759345794393 0.5195190809968847 0.45185942367601245 0.5185455607476636 0.45585085669781933 0.5200058411214953
0 0.4362830996884735 0.524678738317757 0.4326810747663551 0.5254575545171339 0.42820288161993775 0.5219528816199377 0.4278134735202493 0.5170852803738318 0.43014992211838005 0.5124123831775701 0.43667250778816197 0.5118282710280374 0.44173481308411217 0.5151382398753894 0.44192951713395645 0.5215634735202492
0 0.47454244548286606 0.5521320093457944 0.4704536604361371 0.5504770249221184 0.4691880841121496 0.5466802959501558 0.4706483644859813 0.5430782710280374 0.47386098130841126 0.5418126947040499 0.47804711838006225 0.5430782710280374 0.47960475077881626 0.545998831775701 0.479410046728972 0.5494061526479751 0.4762947819314642 0.5522293613707165
0 0.4807729750778816 0.5396709501557633 0.47697624610591904 0.5388921339563862 0.4743477414330218 0.5364583333333334 0.4743477414330218 0.5332457165109035 0.47678154205607476 0.5303251557632399 0.4821359034267913 0.529546339563863 0.485153816199377 0.5331483644859812 0.48495911214953275 0.5384053738317757
0 0.41253306878306883 0.5188161375661376 0.41061507936507935 0.5178902116402118 0.4093584656084656 0.5162367724867726 0.40929232804232807 0.5139219576719577 0.41081349206349205 0.5121362433862434 0.41365740740740736 0.5115410052910053 0.41597222222222224 0.5133267195767197 0.41676587301587303 0.5153769841269842 0.41583994708994715 0.5175595238095239 0.41418650793650796 0.5184193121693123
0 0.40307539682539684 0.5144510582010582 0.4015542328042328 0.5138558201058202 0.40009920634920637 0.5131944444444445 0.3995039682539682 0.5115410052910053 0.3993055555555556 0.5092261904761906 0.40122354497354495 0.5077711640211641 0.40267857142857144 0.5071097883597885 0.40499338624338627 0.5078373015873016 0.40664682539682534 0.5090939153439153 0.40664682539682534 0.5121362433862434 0.4056547619047619 0.513260582010582
0 0.4086309523809524 0.5044642857142857 0.4069775132275132 0.5047949735449736 0.4051256613756614 0.5040013227513228 0.404265873015873 0.5028108465608466 0.4035383597883598 0.5010251322751323 0.40406746031746027 0.49884259259259267 0.4064484126984127 0.49745370370370373 0.4096230158730159 0.4982473544973545 0.41121031746031744 0.49976851851851856 0.4111441798941799 0.5024140211640212 0.40968915343915346 0.5038029100529101
0 0.4176256613756614 0.509160052910053 0.41504629629629636 0.5083002645502646 0.4138558201058201 0.5069775132275133 0.41352513227513227 0.5053902116402117 0.41392195767195766 0.5033399470899472 0.41557539682539685 0.5016203703703703 0.4177579365079365 0.5017526455026455 0.420271164021164 0.5031415343915344 0.42060185185185184 0.5057208994708995 0.41994047619047614 0.5074404761904762
0 0.3802561162079511 0.4964640672782874 0.3791093272171254 0.49493501529051986 0.37917303771661565 0.49130351681957185 0.3806383792048929 0.4893922018348623 0.38458843017329253 0.488117991845056 0.38885703363914376 0.48964704383282365 0.3907046381243629 0.49366080530071355 0.3894941386340469 0.4973560142711519 0.3873916921508665 0.4986939347604486 0.38490698267074414 0.49882135575942904 0.3821674311926605 0.4982479612640162
0 0.3795553007135576 0.5067214576962283 0.37713430173292556 0.505829510703364 0.3759238022426095 0.5039819062181448 0.37573267074413863 0.503217380224261 0.37611493374108057 0.5009875127421 0.37834480122324154 0.4997133027522936 0.38102064220183485 0.49945846075433226 0.38254969418960244 0.5013060652395515 0.3831867991845056 0.5033448012232417 0.3819762996941896 0.5053835372069316
0 0.4745748299319728 0.5129251700680272 0.47568027210884356 0.5092687074829931 0.47780612244897963 0.5078231292517007 0.4820578231292517 0.5085034013605442 0.48367346938775513 0.5113095238095238 0.48180272108843536 0.5154761904761904 0.4793367346938775 0.516156462585034 0.4772108843537415 0.5159013605442176
0 0.48767006802721086 0.513095238095238 0.4846938775510204 0.5102891156462586 0.48426870748299317 0.5061224489795919 0.48613945578231293 0.5043367346938775 0.4886054421768708 0.5033163265306122 0.49226190476190473 0.5043367346938775 0.4939625850340136 0.5072278911564626 0.49404761904761907 0.5099489795918367 0.4925170068027211 0.5123299319727892 0.4902210884353741 0.5134353741496599 0.4887755102040816 0.5134353741496599
0 0.46981292517006806 0.5129251700680272 0.4672619047619047 0.5120748299319728 0.46496598639455783 0.5092687074829931 0.46573129251700685 0.5062074829931973 0.46853741496598633 0.5039965986394558 0.4720238095238095 0.5037414965986394 0.4739795918367347 0.5060374149659863 0.4738095238095238 0.5092687074829931 0.4721938775510204 0.5125
0 0.46692176870748303 0.5033163265306122 0.46394557823129245 0.5028061224489796 0.46198979591836736 0.500765306122449 0.4613945578231292 0.4973639455782313 0.46318027210884355 0.4939625850340136 0.46658163265306124 0.49362244897959184 0.46998299319727893 0.49515306122448977 0.4710884353741497 0.498469387755102 0.46981292517006806 0.5016156462585034
0 0.5171515804597702 0.5199353448275862 0.5135596264367817 0.5199353448275862 0.5104166666666667 0.5166127873563219 0.5114044540229886 0.5123922413793104 0.5142780172413793 0.5105962643678161 0.5185883620689656 0.5107758620689656 0.5206537356321839 0.5132004310344829 0.5199353448275862 0.5179597701149425
0 0.5649541884816753 0.5141252181500872 0.5622273123909248 0.5216513961605584 0.556555410122164 0.5229602966841186 0.5493564572425828 0.5193608202443281 0.5494655322862129 0.5137979930191972 0.5532831588132635 0.5089986910994764 0.5584096858638743 0.5074716404886561 0.5629908376963351 0.5092168411867365
0 0.5745506535947713 0.5018722766884532 0.5728485838779956 0.5017361111111112 0.5707720588235293 0.5002723311546841 0.569614651416122 0.49714052287581695 0.5704316448801743 0.49475762527233114 0.5720656318082789 0.49336192810457513 0.5743804466230937 0.4926811002178649 0.5771718409586056 0.4935321350762527 0.5787037037037037 0.49533632897603486 0.5790781590413944 0.4975149782135076 0.578125 0.5001021241830066 0.5765590958605664 0.5012595315904139
0 0.5920824670824671 0.47648128898128905 0.593988218988219 0.47444559944559944 0.5976264726264726 0.4736659736659737 0.5997920997920998 0.4747920997920998 0.601004851004851 0.47648128898128905 0.600918225918226 0.4791233541233541 0.5995322245322245 0.48250173250173245 0.5968901593901593 0.4833679833679833 0.5943780318780318 0.48263167013167013 0.5926455301455301 0.48167879417879417 0.5919525294525294 0.48020616770616775
0 0.6073284823284824 0.4597626472626473 0.6056392931392931 0.4588530838530839 0.603950103950104 0.4569906444906445 0.6034736659736659 0.45499826749826755 0.604123354123354 0.45248613998614 0.6058125433125433 0.4505803880803881 0.608584546084546 0.4501472626472627 0.6121361746361746 0.45136001386001384 0.6132189882189881 0.4539154539154539 0.6131756756756757 0.45616770616770613 0.611529799029799 0.45854989604989604 0.6090609840609841 0.45954608454608453
0 0.9826523994811934 0.45314526588845655 0.9814364461738004 0.44998378728923477 0.9826523994811934 0.4469033722438392 0.9861381322957199 0.44495784695201035 0.9901102464332038 0.44568741893644626 0.99189364461738 0.4480382619974061 0.99189364461738 0.45168612191958496 0.9894617380025941 0.45460440985732814 0.9863002594033723 0.45541504539559013
0 0.984516861219196 0.44130998702983143 0.9827334630350195 0.4400940337224385 0.9818417639429314 0.437094682230869 0.9828145265888457 0.43409533073929957 0.9858138780804152 0.4323929961089495 0.9892185473411155 0.4324740596627756 0.9907587548638134 0.43409533073929957 0.9920557717250326 0.4375 0.990596627756161 0.4404182879377432 0.9886511024643322 0.44130998702983143
0 0.9867055771725033 0.4303664072632944 0.9843547341115436 0.43004215304798965 0.9821660181582361 0.4276102464332037 0.9832198443579767 0.42420557717250323 0.9869487678339819 0.4228274967574579 0.9892996108949418 0.42339494163424124 0.9911640726329444 0.4255836575875486 0.9913261997405967 0.42833981841763946 0.9898670557717251 0.42979896238651105
0 0.9741407263294425 0.4501459143968871 0.9704928664072634 0.4507133592736706 0.9679798962386511 0.44884889753566803 0.9676556420233464 0.44601167315175094 0.9683852140077821 0.44414721141374836 0.9718709468223089 0.4426070038910507 0.9750324254215305 0.443174448767834 0.9764915693904022 0.44682230869001294
0 0.9725194552529183 0.4415531776913101 0.9697632944228277 0.4405804150453955 0.9688715953307394 0.4388780804150455 0.9683852140077821 0.436689364461738 0.9696011673151751 0.43433852140077817 0.9722762645914399 0.4338521400778211 0.9755188067444878 0.4348249027237354 0.9767347600518808 0.4385538261997406 0.9755188067444878 0.4408236057068742
