0 0.2956064947468959 0.8520176695319962 0.29506924546322827 0.8547039159503342 0.29381566380133717 0.8567335243553007 0.29118911174785095 0.8569723018147086 0.28880133715377265 0.8560171919770773 0.28754775549188155 0.853808500477555 0.28754775549188155 0.8515998089780324 0.28856255969436484 0.8498089780324737 0.29118911174785095 0.8482569245463228 0.2944126074498567 0.8492717287488061
0 0.28402578796561606 0.8557784145176696 0.28157831900668573 0.8572707736389683 0.2794890162368672 0.8578080229226359 0.27763849092645654 0.856494746895893 0.27662368672397325 0.8553008595988537 0.27662368672397325 0.8522564469914039 0.2776981852913085 0.8502268385864374 0.2811007640878701 0.8493911174785099 0.2838467048710602 0.8502268385864374 0.2849808978032473 0.8525549188156638
0 0.2718481375358166 0.8579871060171919 0.26946036294173825 0.8584646609360076 0.2661771728748806 0.8573304680038204 0.2652817574021012 0.8547636103151861 0.26510267430754536 0.8523161413562559 0.26725167144221584 0.8499283667621775 0.2710721107927411 0.8502268385864374 0.2733404966571156 0.8523161413562559 0.2736389684813753 0.8561365807067812
0 0.2729823304680038 0.8397803247373448 0.2730420248328557 0.8419890162368673 0.2705945558739255 0.8438992359121299 0.26850525310410694 0.843779847182426 0.26677411652340016 0.8425262655205349 0.2664756446991404 0.8398997134670486 0.26725167144221584 0.8377507163323782 0.27017669531996175 0.8369746895893027 0.2723853868194842 0.8384670487106016
0 0.28199617956064943 0.8392430754536772 0.2818767908309456 0.8410936007640877 0.28044412607449853 0.8425859598853868 0.27859360076408785 0.8435410697230181 0.27686246418338106 0.8428844317096467 0.27572827125119387 0.8419293218720153 0.2750119388729704 0.8400787965616044 0.27531041069723017 0.8382879656160458 0.27692215854823304 0.8368553008595988 0.2790711556829035 0.836437440305635 0.281220152817574 0.8371537726838585
0 0.30050143266475643 0.8386461318051576 0.29930754536771725 0.8417502387774594 0.296800382043935 0.8423471824259791 0.2944126074498567 0.8417502387774594 0.2936962750716332 0.8401981852913084 0.2936962750716332 0.8384073543457496 0.2942335243553008 0.8369746895893027 0.2962034383954154 0.8356017191977076 0.29847182425978985 0.8361389684813753
0 0.2909494535519126 0.8296106557377049 0.29088114754098365 0.8318647540983607 0.2893784153005465 0.8339139344262294 0.2860997267759563 0.8339139344262294 0.2845969945355192 0.8327527322404371 0.2838456284153006 0.8310450819672129 0.28398224043715853 0.8285177595628416 0.2858948087431694 0.8270833333333333 0.2890368852459017 0.827561475409836
0 0.2817964480874317 0.8298838797814208 0.28193306010928965 0.8322062841530055 0.2800204918032787 0.8342554644808743 0.27742486338797817 0.834596994535519 0.27517076502732246 0.8334357923497268 0.2745560109289618 0.830976775956284 0.27537568306010934 0.8284494535519125 0.27742486338797817 0.8276297814207649 0.28015710382513664 0.827698087431694
0 0.31308040078201366 0.7195442326490714 0.314241202346041 0.7241874389051808 0.3109420821114369 0.7297470674486803 0.3072152981427175 0.7334127565982405 0.29884530791788855 0.7346346529814273 0.2933467741935484 0.7328018084066471 0.29016984359726294 0.728769550342131 0.28845918866080156 0.7224767839687195 0.2896199902248289 0.7172226295210166 0.29316348973607037 0.7116630009775171 0.29951735092864123 0.709463587487781 0.3074596774193548 0.7115408113391984 0.31185850439882695 0.7161840175953079
0 0.27900267249757044 0.7152879008746356 0.2771805150631681 0.7189322157434402 0.2729895529640427 0.7210580660835763 0.2699526239067055 0.7206936345966958 0.2664905247813411 0.7192966472303207 0.26406098153547136 0.7161989795918368 0.2639395043731778 0.7110969387755102 0.26539723032069973 0.7087281341107871 0.26989188532555874 0.7060556365403304 0.27438654033041787 0.7062985908649173 0.2771805150631681 0.7084851797862002 0.27930636540330417 0.7130405733722059
0 0.3642628205128205 0.6840544871794871 0.3677083333333333 0.6856570512820512 0.36915064102564105 0.6897435897435897 0.36818910256410253 0.6951121794871795 0.36346153846153845 0.6970352564102563 0.35841346153846154 0.6963942307692307 0.35528846153846155 0.6937499999999999 0.3552083333333333 0.6894230769230769 0.35721153846153847 0.6850961538461537 0.3608173076923077 0.6835737179487179
0 0.3864627849002849 0.648704594017094 0.388065349002849 0.6471465455840456 0.39073628917378916 0.6467459045584046 0.3928730413105414 0.6482594373219374 0.3934962606837607 0.6505742521367522 0.3924724002849003 0.6529780982905984 0.3905582264957265 0.6540019586894588 0.3881098646723647 0.6536903490028491 0.3864627849002849 0.6519987535612536 0.3863292378917379 0.6498620014245015
0 0.28094993141289437 0.6639231824417009 0.28592249657064467 0.6610082304526749 0.29320987654320985 0.6611796982167352 0.29946844993141286 0.665380658436214 0.30118312757201643 0.672153635116598 0.3017832647462277 0.6782407407407407 0.29809670781893 0.6832990397805212 0.2902091906721536 0.6869855967078189 0.28335048010973934 0.6851851851851851 0.27863511659807955 0.6816700960219478 0.2762345679012346 0.6758401920438957 0.2768347050754458 0.6693244170096022
0 0.32098765432098764 0.6500342935528121 0.32561728395061723 0.648576817558299 0.33007544581618653 0.6505486968449931 0.33204732510288065 0.6552640603566529 0.33076131687242794 0.661093964334705 0.3261316872427983 0.6632373113854595 0.3199588477366255 0.6626371742112482 0.31644375857338813 0.6589506172839505 0.31730109739368995 0.6550068587105624 0.3191015089163237 0.6509773662551439
0 0.3033264746227709 0.619684499314129 0.3026406035665295 0.6262002743484225 0.29766803840877915 0.6315157750342935 0.29329561042524 0.6309156378600823 0.28737997256515774 0.6280006858710562 0.2858367626886145 0.6214849108367627 0.28746570644718794 0.6172839506172839 0.291838134430727 0.6127400548696844 0.2988683127572016 0.6136831275720164
0 0.2771776406035665 0.5963648834019204 0.27494855967078186 0.5997085048010973 0.2698045267489712 0.6004801097393689 0.2644890260631001 0.5979080932784636 0.2616598079561042 0.592335390946502 0.2633744855967078 0.5855624142661179 0.2692901234567901 0.5829046639231824 0.27546296296296297 0.5841049382716049 0.2792352537722908 0.5879629629629629 0.2784636488340192 0.5949074074074073
0 0.2949245541838134 0.5991083676268861 0.2914951989026063 0.5991941015089163 0.28695130315500683 0.5973936899862825 0.2847222222222222 0.5931927297668037 0.284636488340192 0.5876200274348422 0.2878943758573388 0.583247599451303 0.2933813443072702 0.5821330589849107 0.29826817558299035 0.5841049382716049 0.301440329218107 0.5891632373113854 0.301440329218107 0.5949074074074073 0.2985253772290809 0.5976508916323731
0 0.31961591220850477 0.5980795610425239 0.31327160493827155 0.5986796982167352 0.3088134430727023 0.5958504801097394 0.30701303155006854 0.5916495198902606 0.30821330589849105 0.5847050754458162 0.3131001371742112 0.5808470507544581 0.3201303155006858 0.5813614540466392 0.32433127572016457 0.5869341563786008 0.3245027434842249 0.5925068587105624 0.32184499314128945 0.5973079561042524
0 0.3724399717514124 0.5753884180790961 0.3721751412429379 0.5836864406779662 0.3671433615819209 0.5885416666666666 0.36122881355932207 0.589600988700565 0.35602048022598876 0.5870409604519774 0.3526659604519774 0.5819209039548023 0.3526659604519774 0.5753884180790961 0.3556673728813559 0.569385593220339 0.3632591807909605 0.566649011299435 0.37076271186440685 0.57079802259887
0 0.39699813631522896 0.5470247603833865 0.397064696485623 0.5522164536741214 0.39533413205537804 0.5564763045793397 0.3926717252396166 0.5600705537806177 0.3848176251331204 0.5616014376996805 0.37942625133120345 0.5577409478168265 0.37776224707135253 0.5532814164004259 0.3774294462193823 0.547823482428115 0.37962593184238547 0.5433639510117146 0.3842851437699681 0.5399693823216187 0.3904752396166134 0.5399028221512246 0.3938698083067093 0.5416999467518637 0.3965322151224708 0.5452941959531417
0 0.2897869674185463 0.5515873015873016 0.29229323308270677 0.5490810359231412 0.2973057644110276 0.5480889724310777 0.301952798663325 0.5498642439431913 0.30435463659147866 0.5535192147034251 0.3046157059314954 0.5593149540517961 0.3028926482873851 0.5625522138680034 0.3003863826232247 0.564797410192147 0.29662698412698413 0.5658416875522139 0.29291979949874686 0.5653195488721804 0.2879594820384294 0.56265664160401 0.2878028404344194 0.5594193817878028 0.2874895572263993 0.5553467000835421
0 0.2774122807017544 0.5652151211361738 0.27542815371762736 0.5660505430242272 0.27062447786132 0.5657372598162071 0.2673872180451128 0.5634398496240601 0.26571637426900585 0.5592627401837927 0.26597744360902253 0.5548245614035088 0.2681182121971596 0.5522660818713451 0.27177318295739344 0.5497076023391813 0.27767335004177107 0.5500208855472013 0.28023182957393483 0.552422723475355 0.2816938178780284 0.5559732664995822 0.28174603174603174 0.5598893065998329 0.27986633249791143 0.5641186299081036
0 0.26277573529411763 0.5306066176470587 0.262530637254902 0.5276041666666667 0.2633272058823529 0.524234068627451 0.26700367647058826 0.5215992647058824 0.2713541666666667 0.5214767156862746 0.27429534313725495 0.5238664215686274 0.27503063725490196 0.5285232843137254 0.27417279411764706 0.5318321078431372 0.27068014705882354 0.5344669117647058 0.2671875 0.5339767156862746
0 0.3125317581300813 0.5201028963414634 0.3165967987804878 0.5181338922764228 0.3215510670731707 0.5187055386178863 0.3238376524390244 0.522580030487805 0.323266006097561 0.5281694613821138 0.3204712906504065 0.5315993394308943 0.3155805386178862 0.5314087906504066 0.31221417682926833 0.5295668191056911 0.3108803353658537 0.5268356199186993 0.3108803353658537 0.5225165142276423
0 0.1414750247279921 0.5283444609297725 0.14326780415430262 0.5263044015825915 0.14536968348170126 0.5259953016815035 0.14759520276953508 0.5266753214638972 0.14901706231454004 0.5287153808110782 0.14895524233432245 0.5319918397626113 0.14660608308605338 0.5334136993076162 0.14382418397626112 0.5334136993076162 0.14227868447082098 0.5319300197823937 0.1417223046488625 0.529828140454995
0 0.14388600395647871 0.5216060830860534 0.14295870425321464 0.5197514836795253 0.14258778437190897 0.5176496043521267 0.14376236399604353 0.515547725024728 0.1457406033630069 0.5146822453016815 0.14839886251236398 0.5151149851632048 0.1501916419386746 0.5167223046488625 0.15068620178041542 0.5192569238377843 0.1495116221562809 0.5221006429277942 0.146667903066271 0.5223479228486647
0 0.13133654797230462 0.5237697823936697 0.13238748763600394 0.5212969831849654 0.13393298714144408 0.5202460435212661 0.13683852621167159 0.5198751236399605 0.13918768545994065 0.5214824431256182 0.1398058852621167 0.5245734421364985 0.13869312561819977 0.5272935212660732 0.13578758654797227 0.527788081107814 0.13275840751730958 0.5264898615232444
0 0.13745672601384765 0.517278684470821 0.13504574678536102 0.5167223046488625 0.13393298714144408 0.5150531651829872 0.13300568743818 0.5133840257171117 0.13343842729970323 0.5105403066271018 0.13523120672601385 0.5088711671612265 0.138816765578635 0.5086857072205737 0.1409804648862512 0.5110348664688428 0.14104228486646883 0.5143731454005935 0.13918768545994065 0.5163513847675568
0 0.1250309099901088 0.5246970820969337 0.12280539070227495 0.5232752225519288 0.1210126112759644 0.5217297230464886 0.12088897131552917 0.5191332838773491 0.12200173095944607 0.5171550445103857 0.12515454995054404 0.5161041048466865 0.12731824925816024 0.5167841246290801 0.128925568743818 0.5187623639960435 0.12917284866468842 0.5217915430267062 0.12738006923837783 0.5235843224530169
0 0.10595168231611893 0.5174833724569641 0.10648963223787168 0.5160651408450705 0.10829910015649453 0.5153315727699531 0.11035309076682318 0.5157228090766823 0.11128227699530517 0.5176789906103287 0.11108665884194054 0.5197818857589985 0.1097173317683881 0.520857785602504 0.10800567292644757 0.5209066901408451 0.10619620500782474 0.5198307902973396 0.10600058685446011 0.5190483176838812
0 0.09778462441314555 0.516211854460094 0.0986649061032864 0.5147447183098592 0.10032766040688576 0.5139133411580595 0.10243055555555557 0.5145980046948357 0.1034575508607199 0.5158206181533647 0.10360426447574336 0.5174344679186229 0.10262617370892019 0.5189505086071988 0.10047437402190926 0.5191950312989047 0.09861600156494522 0.5186570813771518
0 0.10257726917057904 0.5102944053208138 0.10311521909233179 0.5086805555555556 0.10458235524256652 0.5074090375586855 0.10683196400625979 0.5077513693270735 0.10854362284820032 0.5092185054773084 0.10864143192488264 0.5108812597809077 0.10707648669796557 0.5130819640062598 0.10468016431924883 0.5127396322378718 0.10296850547730829 0.511908255086072
0 0.11098884976525823 0.5115659233176839 0.11084213615023475 0.5098542644757433 0.11142899061032864 0.5088272691705791 0.1135807902973396 0.5081426056338029 0.11583039906103287 0.5091206964006261 0.11622163536776213 0.5111257824726135 0.11548806729264477 0.512837441314554 0.11377640845070423 0.5134732003129892 0.11216255868544603 0.5128863458528953
0 0.12547866520787745 0.493002370532458 0.1262080598103574 0.492318563092633 0.12716539022611228 0.4918626914660831 0.12921681254558715 0.49259208606856303 0.12999179431072208 0.49418763676148797 0.12939916119620715 0.49596553610503274 0.12753008752735226 0.4965125820568927 0.1261168854850474 0.4958287746170678 0.12534190371991244 0.4951449671772428
0 0.1301285557986871 0.4971052151714077 0.12971827133479208 0.49614788475565275 0.1300373814733771 0.4947346827133479 0.13176969365426697 0.4937773522975929 0.1335475929978118 0.49432439824945285 0.13445933625091172 0.49578318745441274 0.13436816192560172 0.4972875638220277 0.13290937272064185 0.4985640043763676 0.13154175784099195 0.49833606856309254
0 0.21470111896348645 0.46595259128386335 0.21146201413427562 0.46543727915194344 0.20866460541813897 0.46293433451118965 0.20778121319199058 0.4599160777385159 0.20962161366313312 0.45638250883392223 0.21278710247349825 0.45513103651354536 0.2168359835100118 0.45557273262661957 0.21801383981154301 0.457928445229682 0.2188972320376914 0.4611675500588928 0.2170568315665489 0.4649219670200236
0 0.22522820965842166 0.465069199057715 0.22294611307420495 0.4643330388692579 0.22117932862190812 0.4613883981154299 0.22117932862190812 0.4583701413427562 0.22287249705535928 0.4557199646643109 0.22463928150765605 0.45468934040047115 0.22832008244994115 0.45439487632508835 0.23074941107184926 0.4560144287396938 0.23207449941107186 0.45910630153121323 0.23082302709069494 0.46183009422850413 0.22861454652532393 0.4642594228504122
0 0.19871270014556042 0.44621088064046577 0.19593795487627366 0.44625636826783116 0.19284479621542938 0.4436635735080058 0.19188955604075691 0.44138919213973793 0.19298125909752548 0.43847798398835514 0.19484625181950505 0.4367039665211062 0.19875818777292575 0.43634006550218335 0.20107805676855894 0.438341521106259 0.20189683406113534 0.4414801673944687 0.20057769286754 0.4449372270742358
0 0.20535389374090243 0.4445733260553129 0.20408024017467247 0.44284479621542944 0.20335243813682677 0.44025200145560406 0.20398926491994174 0.43734079330422126 0.2061726710334789 0.4354303129548762 0.2094022925764192 0.4349299490538573 0.2122225254730713 0.4372498180494905 0.21331422852983986 0.43993358806404653 0.2130867903930131 0.4425263828238719 0.21144923580786024 0.4445733260553129 0.20862900291120814 0.44530112809315864
0 0.19049163783160325 0.36487168396770475 0.18991493656286043 0.36227652825836215 0.19128460207612458 0.3596092848904267 0.1943843713956171 0.35831170703575543 0.19777249134948097 0.35860005767012687 0.1994305074971165 0.3620602652825836 0.19842128027681663 0.36631343713956166 0.19604238754325262 0.36703431372549017 0.19287053056516726 0.36660178777393315
0 0.19359140715109574 0.35232843137254904 0.19070790080738179 0.35139129181084194 0.18962658592848905 0.3493728373702422 0.19034746251441756 0.3459126297577855 0.19315888119953864 0.34468713956170705 0.19640282583621682 0.34555219146482125 0.19770040369088812 0.3482915224913494 0.19683535178777395 0.35095876585928487
0 0.2051975201845444 0.35189590542099186 0.20339532871972318 0.35074250288350634 0.20238610149942332 0.34850778546712796 0.2026744521337947 0.346128892733564 0.20469290657439443 0.34418252595155713 0.20764850057670126 0.34439878892733566 0.20959486735870822 0.3462730680507497 0.21002739331026526 0.3495170126874279 0.20685553633217993 0.3522563437139562
0 0.20909025374855825 0.36552047289504036 0.20599048442906573 0.36487168396770475 0.20404411764705885 0.36256487889273353 0.20418829296424454 0.35996972318339104 0.20606257208765857 0.35787918108419836 0.20995530565167242 0.3574466551326413 0.2113970588235294 0.36011389850057673 0.2116854094579008 0.36335784313725494
0 0.2199754901960784 0.3660250865051903 0.21687572087658594 0.36516003460207613 0.2153618800461361 0.3628532295271049 0.21586649365628602 0.3592488465974625 0.21896626297577854 0.3578070934256055 0.22156141868512108 0.35831170703575543 0.22321943483275666 0.3598976355247981 0.22350778546712802 0.36256487889273353 0.2224264705882353 0.36501585928489044
0 0.22040801614763553 0.35095876585928487 0.21694780853517878 0.35045415224913495 0.2152177047289504 0.3485798731257208 0.21471309111880046 0.34533592848904265 0.21644319492502884 0.3431732987312572 0.22048010380622837 0.3430291234140715 0.22264273356401384 0.34555219146482125 0.22264273356401384 0.34944492502883506
0 0.23093281430219145 0.35009371395617067 0.22840974625144175 0.34944492502883506 0.2270400807381776 0.34684976931949246 0.2274005190311419 0.3446150519031142 0.22970732410611305 0.3425245098039216 0.23302335640138408 0.3423803344867359 0.234969723183391 0.3451196655132641 0.234969723183391 0.3479310841983852 0.23302335640138408 0.3500216262975778
0 0.23381632064590543 0.3653042099192618 0.23093281430219145 0.36501585928489044 0.2290585351787774 0.36415080738177624 0.22812139561707037 0.362348615916955 0.22812139561707037 0.3605464244521338 0.22934688581314877 0.3579512687427912 0.23360005767012684 0.35751874279123413 0.23511389850057668 0.35982554786620524 0.23561851211072665 0.36256487889273353
0 0.19949324324324322 0.32471846846846847 0.1990427927927928 0.3273648648648648 0.19712837837837835 0.3298986486486486 0.19369369369369366 0.3305743243243243 0.1904279279279279 0.3289414414414414 0.189527027027027 0.32668918918918916 0.18986486486486484 0.3226914414414414 0.19284909909909909 0.3204954954954955 0.1956644144144144 0.3202702702702703 0.19797297297297295 0.3211711711711711
0 0.22065972222222224 0.3297569444444445 0.21711805555555558 0.3283680555555556 0.2146875 0.3257291666666667 0.21586805555555558 0.3212152777777778 0.21878472222222223 0.3191319444444445 0.22378472222222223 0.3198263888888889 0.22559027777777782 0.3235763888888889 0.22510416666666666 0.32788194444444446
0 0.1962152777777778 0.31190972222222224 0.19350694444444447 0.31197916666666664 0.19128472222222223 0.31052083333333336 0.18947916666666667 0.30704861111111115 0.19038194444444448 0.30378472222222225 0.1928125 0.3019791666666667 0.19649305555555557 0.30163194444444447 0.1993402777777778 0.30392361111111116 0.20017361111111115 0.30684027777777784 0.19961805555555556 0.3104513888888889
0 0.21142361111111113 0.31114583333333334 0.20690972222222223 0.3110069444444445 0.20413194444444446 0.30927083333333333 0.20378472222222224 0.30552083333333335 0.2048263888888889 0.30302083333333335 0.2084375 0.3010763888888889 0.21121527777777782 0.30149305555555556 0.21385416666666668 0.3044791666666667 0.2135763888888889 0.3084375
0 0.2246875 0.30711805555555555 0.21975694444444446 0.3059375 0.21885416666666666 0.3030902777777778 0.22079861111111115 0.2998263888888889 0.22524305555555557 0.2984375 0.22684027777777782 0.30163194444444447 0.22600694444444447 0.3053819444444445
0 0.2623828647925034 0.2130187416331995 0.26087684069611783 0.21728580990629187 0.257781124497992 0.21820615796519416 0.2546854082998662 0.2160307898259706 0.25384872824631866 0.21285140562248997 0.2559404283801875 0.21000669344042844 0.259119812583668 0.20933734939759038
0 0.2704149933065596 0.21828982597054888 0.26790495314591706 0.2170348058902276 0.2663989290495315 0.21460843373493982 0.26690093708166 0.21151271753681394 0.2693273092369478 0.20942101740294514 0.2726740294511379 0.21000669344042844 0.27451472556894246 0.21276773761713524 0.2740963855421687 0.21661646586345384
0 0.2876506024096386 0.21946117804551543 0.28346720214190096 0.21787148594377512 0.28179384203480595 0.21326974564926374 0.28237951807228917 0.20992302543507368 0.28580990629183406 0.20732931726907636 0.2905789825970549 0.20724564926372158 0.29334002677376175 0.20950468540829992 0.29334002677376175 0.21360441767068275 0.29191767068273095 0.2175368139223561
0 0.2879852744310576 0.20046854082998664 0.284136546184739 0.19996653279785814 0.28171017402945114 0.19670348058902282 0.2818775100401607 0.1909303882195449 0.2869812583668006 0.18850401606425707 0.291582998661312 0.18992637215528788 0.293591030789826 0.19410977242302546 0.2911646586345382 0.19938085676037487
0 0.302376171352075 0.19754016064257035 0.2987784471218206 0.19728915662650606 0.2971050870147256 0.19360776439089694 0.29844377510040165 0.19059571619812588 0.302710843373494 0.1895080321285141 0.30480254350736286 0.19210174029451144 0.3046352074966533 0.19553212851405627
0 0.30354752342704155 0.21594712182061584 0.29994979919678716 0.21644912985274437 0.2977744310575636 0.21343708165997327 0.29836010709504684 0.2104250334672022 0.30103748326639895 0.2080823293172691 0.30488621151271755 0.20900267737617137 0.30614123159303885 0.21310240963855426
0 0.2642446996466431 0.16353798586572438 0.26350853945818614 0.16928003533568908 0.2597541224970554 0.17310806831566553 0.2538648409893993 0.17237190812720848 0.25106743227326267 0.16994257950530037 0.24988957597173145 0.16486307420494703 0.25062573616018846 0.16029888103651355 0.25563162544169615 0.15705977620730271 0.26085836277974084 0.15882656065959955
0 0.28338486454652534 0.16979534746760896 0.2781581272084806 0.1717093639575972 0.27322585394581866 0.16994257950530037 0.2707965253239105 0.16478945818610127 0.2713118374558304 0.16147673733804477 0.27455094228504123 0.15691254416961134 0.281986160188457 0.15757508833922262 0.2852252650176679 0.1628754416961131 0.28485718492343937 0.16810217903415786
0 0.2993595406360424 0.16883833922261487 0.29626766784452296 0.16810217903415786 0.2939855712603062 0.16582008244994115 0.29332302709069497 0.16169758539458187 0.2958995877502945 0.15890017667844522 0.3000957008244994 0.15816401648998824 0.3029667255594818 0.1609614252061249 0.30414458186101295 0.16397968197879859 0.3027458775029446 0.16743963486454655
0 0.21238785369220153 0.19811076604554864 0.21182712215320915 0.20061249137336096 0.2100586611456177 0.2028985507246377 0.20760006901311254 0.20324361628709453 0.20514147688060733 0.2028985507246377 0.20320048309178745 0.2017339544513458 0.2025966183574879 0.19927536231884058 0.20281228433402348 0.19707556935817805 0.20440821256038652 0.19500517598343686 0.20824706694271916 0.19379744651483785 0.2107487922705314 0.1950914423740511
0 0.29795792079207917 0.14851485148514848 0.2948122937293729 0.14722566006600657 0.29285272277227725 0.14423473597359734 0.2931621287128713 0.1417079207920792 0.29491542904290424 0.13918110561056105 0.2973391089108911 0.13825288778877887 0.30089727722772275 0.13856229372937293 0.3027021452145215 0.14181105610561057 0.30218646864686466 0.14542079207920794
0 0.28857260726072603 0.14753506600660066 0.2857879537953795 0.14841171617161716 0.28248762376237624 0.14768976897689767 0.2807858910891089 0.14516295379537955 0.2803217821782178 0.1417079207920792 0.2821266501650165 0.13938737623762373 0.2851691419141914 0.13789191419141913 0.2888820132013201 0.13985148514851484 0.29063531353135313 0.14289397689768976 0.2900680693069307 0.14598803630363036
0 0.27470090759075905 0.1463490099009901 0.27217409240924095 0.14975247524752475 0.2663985148514852 0.14954620462046203 0.2645420792079208 0.14686468646864687 0.2642326732673267 0.1429971122112211 0.26603754125412543 0.14026402640264024 0.27026608910891087 0.13876856435643564 0.2741336633663366 0.1393358085808581 0.2757322607260726 0.14304867986798678
0 0.2047265288544358 0.16058354866494398 0.20327304048234277 0.1593453919035314 0.2020348837209302 0.15751507321274763 0.2023040482342808 0.1546619293712317 0.2042420327304048 0.15272394487510765 0.2073643410852713 0.15234711455641686 0.2093023255813953 0.1539082687338501 0.2101636520241171 0.15627691645133504 0.20887166236003443 0.15896856158484066 0.20666451335055985 0.16047588285960376
0 0.20639534883720928 0.14965546942291127 0.20408053402239446 0.1494401378122308 0.201442721791559 0.14739448751076656 0.20085055986218778 0.1452411714039621 0.2014965546942291 0.14238802756244615 0.2037575366063738 0.14061154177433247 0.2069336778639104 0.139911714039621 0.20994832041343667 0.14271102497846683 0.210109819121447 0.14674849267872522 0.20811800172265288 0.14900947459086994
0 0.1926725781845919 0.16135106788710904 0.19009820747520975 0.16044527078565976 0.18862032799389775 0.15806159420289853 0.1885249809305873 0.15563024408848208 0.19076563691838289 0.15334191456903126 0.19386441647597252 0.15358028222730738 0.19605739893211288 0.15524885583524026 0.19639111365369946 0.1583476353928299 0.19486556064073227 0.16068363844393593
0 0.18394832189168572 0.160492944317315 0.1813739511823036 0.16015922959572843 0.17965770404271547 0.15944412662090007 0.17884725400457663 0.15672673531655226 0.18003909229595724 0.15443840579710147 0.18342391304347824 0.15334191456903126 0.18556922196796335 0.15520118230358507 0.18614130434782608 0.15810926773455378
0 0.19252955758962623 0.14990942028985504 0.19038424866514111 0.14924199084668194 0.18804824561403508 0.1478594584286804 0.1876668573607933 0.14414092295957284 0.19005053394355453 0.1410421434019832 0.19334000762776507 0.14032704042715485 0.19581903127383674 0.14209096109839814 0.19682017543859648 0.1448560259344012 0.19558066361556062 0.14871758199847443
0 0.1984126984126984 0.1175976800976801 0.19978632478632477 0.11446886446886445 0.20314407814407814 0.11225579975579976 0.20818070818070816 0.11446886446886445 0.20955433455433456 0.11920024420024418 0.2077991452991453 0.12286324786324786 0.2045940170940171 0.12469474969474968 0.20054945054945056 0.12324481074481074 0.19810744810744813 0.12126068376068375
0 0.18826312576312573 0.12355006105006104 0.18353174603174605 0.12477106227106226 0.17994505494505494 0.12385531135531136 0.17780830280830281 0.1208028083028083 0.17757936507936506 0.1175976800976801 0.17895299145299143 0.11477411477411477 0.18231074481074483 0.11324786324786323 0.18696581196581197 0.1143925518925519 0.1891025641025641 0.11729242979242978
0 0.2026098901098901 0.10950854700854701 0.19993894993894992 0.1088980463980464 0.1972680097680098 0.1066086691086691 0.1965811965811966 0.1040140415140415 0.1971153846153846 0.100503663003663 0.19971001221001222 0.09836691086691085 0.20482295482295484 0.09775641025641024 0.20810439560439561 0.09989316239316239 0.2087912087912088 0.10470085470085469 0.20673076923076925 0.10805860805860805
0 0.18215811965811965 0.09455128205128205 0.17925824175824176 0.09378815628815627 0.17681623931623933 0.09188034188034187 0.1755952380952381 0.08905677655677655 0.17605311355311354 0.08569902319902319 0.17757936507936506 0.08340964590964592 0.18139499389499386 0.08279914529914531 0.18490537240537241 0.0840964590964591 0.18666056166056166 0.08829365079365079 0.18597374847374848 0.09188034188034187 0.18406593406593405 0.09340659340659341
0 0.20245726495726496 0.09447496947496946 0.19818376068376067 0.09386446886446885 0.1958943833943834 0.0905067155067155 0.19528388278388278 0.08806471306471307 0.19673382173382176 0.08379120879120878 0.20016788766788768 0.08195970695970696 0.2045177045177045 0.08279914529914531 0.20741758241758243 0.08447802197802197 0.2077991452991453 0.08936202686202686 0.20505189255189255 0.09439865689865688
0 0.1794684579439252 0.063327492211838 0.18326518691588783 0.0622566199376947 0.18657515576323988 0.06488512461059191 0.18774338006230526 0.06712422118380063 0.1867698598130841 0.07218652647975078 0.18083138629283488 0.07462032710280374 0.17722936137071651 0.07160241433021806 0.1762558411214953 0.06897390965732088
0 0.18292601495726496 0.05899439102564103 0.1803218482905983 0.059061164529914535 0.17731704059829062 0.05719150641025641 0.17611511752136755 0.053852831196581206 0.17684962606837606 0.05138221153846154 0.17825186965811965 0.0491786858974359 0.18132345085470086 0.0478432158119658 0.18553018162393162 0.04891159188034189 0.18739983974358973 0.0523838141025641 0.18646501068376067 0.05659054487179488
0 0.18159054487179488 0.04490518162393162 0.1787192841880342 0.04430422008547009 0.17671607905982906 0.042968749999999986 0.1753138354700855 0.040231036324786314 0.17611511752136755 0.03709268162393162 0.17818509615384617 0.03448851495726495 0.1819911858974359 0.033687232905982904 0.18452857905982906 0.03488915598290598 0.18606436965811965 0.0381610576923077 0.18599759615384617 0.0412994123931624 0.1845953525641026 0.04356971153846154
0 0.207164797008547 0.04290197649572648 0.20436030982905987 0.04397035256410257 0.20162259615384617 0.043235844017094 0.19868456196581197 0.040097489316239306 0.19955261752136755 0.0353565705128205 0.20209001068376067 0.03382077991452991 0.20643028846153844 0.03321981837606838 0.20823317307692307 0.03555689102564103 0.20963541666666666 0.040231036324786314
0 0.20663060897435898 0.05752537393162393 0.20275774572649571 0.05719150641025641 0.2003538995726496 0.05518830128205128 0.19915197649572652 0.05258413461538461 0.19981971153846156 0.05024706196581196 0.20148904914529916 0.048043536324786314 0.2055622329059829 0.04684161324786325 0.20950186965811965 0.049646100427350424 0.2101028311965812 0.053185096153846145 0.2087673611111111 0.05659054487179488
0 0.20616319444444442 0.07241586538461539 0.2022903311965812 0.07141426282051282 0.20002003205128205 0.06860977564102563 0.19955261752136755 0.06540464743589744 0.2010884081196581 0.06213274572649573 0.20582932692307693 0.060663728632478625 0.20870058760683763 0.062065972222222224 0.21050347222222224 0.06613915598290597 0.20870058760683763 0.06994524572649573
0 0.22813644688644685 0.10451007326007325 0.2247596153846154 0.10428113553113554 0.22258470695970695 0.1017628205128205 0.22201236263736263 0.09930173992673992 0.22264194139194135 0.09615384615384615 0.22567536630036628 0.0944940476190476 0.22899496336996336 0.09460851648351648 0.23145604395604394 0.09603937728937728 0.232257326007326 0.09924450549450549 0.23128434065934064 0.10164835164835165
0 0.22813644688644685 0.09105998168498167 0.225904304029304 0.09117445054945054 0.223385989010989 0.09065934065934064 0.22201236263736263 0.08894230769230768 0.22155448717948714 0.08699633699633699 0.2221268315018315 0.08430631868131867 0.22372939560439556 0.08201694139194138 0.2271062271062271 0.08058608058608058 0.23076923076923075 0.08150183150183149 0.2317994505494505 0.08510760073260072 0.23168498168498167 0.08836996336996338 0.22973901098901095 0.09088827838827838
0 0.2512112403100775 0.1111312984496124 0.2529675387596899 0.10998062015503876 0.25623788759689925 0.11064680232558138 0.2589631782945737 0.11373546511627908 0.25956879844961234 0.11906492248062016 0.25557170542635654 0.12160852713178294 0.25042393410852715 0.12088178294573643 0.24812257751937986 0.11827761627906976 0.24812257751937986 0.11373546511627908
0 0.2548449612403101 0.10664970930232559 0.250484496124031 0.10616521317829457 0.24848594961240308 0.10362160852713179 0.24745639534883718 0.10107800387596898 0.2486676356589147 0.09695978682170543 0.2519379844961241 0.09459786821705427 0.25623788759689925 0.09520348837209303 0.25926598837209297 0.09914001937984497 0.2584181201550388 0.1038032945736434
0 0.2533309108527132 0.0917514534883721 0.24872819767441864 0.09047965116279068 0.24691133720930233 0.08829941860465117 0.24685077519379842 0.0849079457364341 0.24848594961240308 0.08169815891472867 0.25145348837209297 0.0801235465116279 0.2566012596899225 0.08151647286821705 0.2585392441860465 0.08636143410852713 0.25605620155038766 0.09035852713178294
0 0.2841193656093489 0.11981775180856985 0.28140651085141904 0.11999165275459096 0.2778241513633834 0.1193308291597106 0.2761894824707846 0.11682665553700611 0.2761894824707846 0.114079020589872 0.2769894268224819 0.111957429048414 0.27911101836393987 0.11077490261547022 0.28182387312186974 0.11028797996661102 0.2840845854201447 0.11115748469671673 0.28575403450194764 0.11355731775180856 0.2855453533667223 0.11616583194212576
0 0.2988704819277108 0.12010542168674698 0.2959588353413654 0.12025602409638551 0.2925953815261044 0.1190512048192771 0.29053714859437746 0.1168925702811245 0.29023594377510037 0.11292670682730924 0.29154116465863456 0.11011546184738956 0.29460341365461845 0.1082078313253012 0.2984186746987952 0.10795682730923692 0.3016315261044177 0.11021586345381526 0.30348895582329316 0.11342871485943774 0.3024849397590361 0.11749497991967871
0 0.29117582897033156 0.10307591623036648 0.2891579406631762 0.10285776614310646 0.2868128272251309 0.10089441535776615 0.2855584642233857 0.09849476439790576 0.28626745200698084 0.09522251308900524 0.2888852530541012 0.09260471204188482 0.2927028795811519 0.09216841186736474 0.2954842931937173 0.0950589005235602 0.29668411867364747 0.09887652705061081 0.294175392670157 0.10209424083769633
0 0.2798320244328098 0.1031849912739965 0.27585078534031415 0.10274869109947644 0.27328752181500876 0.10111256544502617 0.2723058464223386 0.0982220767888307 0.27328752181500876 0.09467713787085515 0.2759053228621291 0.09304101221640489 0.27994109947643975 0.09325916230366493 0.2826679755671902 0.09544066317626526 0.28321335078534027 0.09860383944153578 0.28141361256544506 0.10258507853403141
0 0.27754996229260936 0.0902856334841629 0.2751461161387632 0.09023849924585219 0.2721766591251885 0.08882447209653091 0.2712811085972851 0.08576074660633486 0.27227092760180993 0.08279128959276019 0.2750989819004525 0.08038744343891405 0.2787283182503771 0.08057598039215685 0.2804722850678733 0.08199000754147813 0.28183917797888386 0.0854779411764706 0.2794824660633484 0.0896728883861237
0 0.47206536618754286 0.9576060917180015 0.47240759753593425 0.9606861738535251 0.471209787816564 0.963552361396304 0.46855749486652976 0.9646646132785762 0.46470739219712526 0.9642796030116358 0.4628678986995209 0.9616700889801507 0.4632529089664613 0.9588894592744694 0.46389459274469547 0.9568360711841205 0.46560574948665306 0.9555527036276523 0.4672313483915127 0.9549965776865161 0.46992642026009585 0.9556382614647502
0 0.47313483915126625 0.9384411362080766 0.47296372347707055 0.9419917864476387 0.47031143052703633 0.9443874058863793 0.4680869267624915 0.9446013004791238 0.465648528405202 0.9439596167008898 0.46419404517453805 0.9422484599589322 0.4637234770704997 0.9395106091718001 0.4644507186858316 0.9366872005475703 0.4678302532511978 0.9351471594798084 0.47082477754962354 0.9357888432580425 0.47236481861738533 0.9373716632443532
0 0.511821161048689 0.9748946629213483 0.5124063670411985 0.9767673220973783 0.5122893258426966 0.9792251872659176 0.5101825842696629 0.9802200374531835 0.5081343632958801 0.9791081460674157 0.5074906367041198 0.9777036516853932 0.5074906367041198 0.9755969101123596 0.5089536516853932 0.9746020599250935
0 0.5121137640449438 0.9700959737827716 0.5106507490636704 0.9706811797752808 0.5091292134831461 0.9706226591760299 0.5079588014981272 0.9697448501872659 0.5077832397003745 0.9679307116104868 0.5084854868913857 0.9663506554307116 0.5102411048689138 0.9652972846441946 0.5126989700374531 0.9661165730337079 0.5131086142322098 0.9682818352059924
0 0.49543539325842695 0.9737827715355805 0.49385533707865165 0.9746605805243445 0.4925093632958801 0.974250936329588 0.4914559925093633 0.9728464419475655 0.49139747191011235 0.9708567415730336 0.4920997191011236 0.9693937265917602 0.4950842696629213 0.9691596441947564 0.49695692883895126 0.9707982209737827 0.49643024344569286 0.9731390449438201
0 0.49582233948988563 0.9580584872471415 0.49582233948988563 0.9597075637642919 0.4945580474934037 0.9607519788918205 0.49224934036939316 0.9609718557607738 0.491424802110818 0.9601473175021986 0.4908201407211961 0.958608179419525 0.4920294635004398 0.9564094107299911 0.49351363236587514 0.9556948109058927 0.4952726473175022 0.956244503078276
0 0.49521767810026385 0.9539907651715039 0.49378847845206686 0.954320580474934 0.49224934036939316 0.9539357959542656 0.49131486367634125 0.9527814423922601 0.4913698328935796 0.9511873350923482 0.4921394019349164 0.9495932277924362 0.49461301671064206 0.9492084432717678 0.49631706244503077 0.9505826737027263 0.4962620932277924 0.9523416886543534
0 0.4945580474934037 0.947504397537379 0.4929089709762533 0.9474494283201407 0.49175461741424803 0.9462950747581353 0.4912598944591029 0.9440963060686014 0.49224934036939316 0.9428320140721195 0.4946679859278804 0.9423922603342128 0.49642700087950753 0.9438214599824097 0.49642700087950753 0.945745382585752
0 0.5019788918205805 0.9477792436235707 0.49967018469657 0.9475593667546173 0.4982409850483729 0.9460202286719437 0.4982409850483729 0.9438764291996481 0.49989006156552335 0.9427220756376429 0.5021987686895338 0.9429969217238345 0.5036829375549692 0.9448109058927 0.5031332453825857 0.9470646437994723
0 0.49560246262093227 0.9399736147757255 0.49351363236587514 0.940853122251539 0.49147977132805626 0.9385993843447669 0.491589709762533 0.9370052770448548 0.4931838170624451 0.9355211081794195 0.495547493403694 0.9353562005277045 0.4971965699208443 0.9375
0 0.5019239226033421 0.9406332453825856 0.5001649076517151 0.940358399296394 0.4990655233069481 0.9395888302550571 0.49835092348284965 0.9379397537379067 0.4992304309586632 0.9362906772207562 0.5017040457343888 0.9357959542656111 0.5031332453825857 0.9368953386103781 0.5034630606860159 0.9390941072999119
0 0.5015215355805244 0.8533941947565542 0.5018960674157303 0.8555477528089886 0.5015215355805244 0.8580290262172284 0.49978932584269664 0.8597144194756553 0.497869850187266 0.8597144194756553 0.4958567415730337 0.858824906367041 0.4945926966292135 0.8572799625468164 0.4946395131086142 0.8544241573033707 0.49576310861423223 0.8522705992509364 0.49819756554307115 0.852130149812734
0 0.512429775280899 0.8560159176029962 0.5121488764044945 0.8582162921348314 0.5102294007490636 0.8601357677902621 0.506999063670412 0.8598548689138575 0.5052668539325843 0.8584035580524344 0.5050327715355805 0.8560627340823969 0.505313670411985 0.8541432584269661 0.5078417602996255 0.8524578651685394 0.5102294007490636 0.8528323970037454 0.5121956928838951 0.854564606741573
0 0.5046114232209739 0.849508426966292 0.5023174157303371 0.8500234082397004 0.5001170411985019 0.8491807116104869 0.4992275280898877 0.84749531835206 0.4991338951310862 0.8457162921348316 0.5001170411985019 0.8439840823970037 0.5011938202247191 0.8426732209737828 0.5043305243445693 0.842626404494382 0.5063904494382023 0.8446395131086142 0.5068586142322098 0.8469803370786516 0.5062031835205993 0.848431647940075
0 0.4994616104868914 0.8410346441947565 0.4975889513108614 0.8408941947565544 0.49557584269662924 0.8388342696629213 0.49543539325842695 0.8360720973782771 0.49707397003745324 0.8340121722846443 0.4997425093632959 0.8337312734082397 0.5024578651685393 0.8354634831460673 0.5025514981273408 0.8377574906367041 0.5014279026217229 0.8402855805243445
0 0.601910348977136 0.6067238267148014 0.5995788206979543 0.6056708784596871 0.5982250300842359 0.6028880866425993 0.5995036101083032 0.5994283995186523 0.6030385078219014 0.5981498194945849 0.6058965102286402 0.6001805054151625 0.6060469314079423 0.6030385078219014 0.605069193742479 0.6056708784596871
0 0.5932611311672683 0.6040914560770158 0.58897412755716 0.6028128760529483 0.5880716004813478 0.6005565583634176 0.5885980746089049 0.5973977135980746 0.5909296028880866 0.5953670276774969 0.5946901323706378 0.5963447653429603 0.5960439229843563 0.5992027677496992 0.5950661853188929 0.6022864019253912
0 0.6030385078219014 0.5882972322503008 0.6001052948255114 0.5881468110709988 0.5978489771359808 0.5864169675090253 0.5973225030084236 0.5836341756919374 0.598676293622142 0.5810018050541517 0.6014590854392299 0.5801744885679904 0.6043922984356197 0.5813026474127557 0.6057460890493381 0.5842358604091457 0.6049187725631768 0.5870938628158845
0 0.6030385078219014 0.5779181708784598 0.6001805054151625 0.5776925391095066 0.5979993983152828 0.5765643802647413 0.5969464500601684 0.5739320096269555 0.5976233453670278 0.5716756919374248 0.5992027677496992 0.5697954271961493 0.602060770156438 0.5696450060168471 0.6047683513838749 0.5720517448856799 0.6046931407942238 0.5752105896510229
0 0.546875 0.565406976744186 0.546875 0.5691012596899224 0.5449975775193798 0.5714026162790697 0.5408187984496124 0.5713420542635659 0.5394258720930233 0.568859011627907 0.5390625 0.5663759689922482 0.5403343023255814 0.5637112403100776 0.5439074612403101 0.5627422480620156
0 0.5529312015503877 0.5680717054263567 0.5501453488372093 0.5673449612403101 0.548328488372093 0.5657703488372093 0.5478439922480621 0.5623183139534884 0.5500242248062016 0.5601986434108527 0.5534156976744187 0.5598958333333334 0.5550508720930233 0.5614704457364342 0.5558987403100776 0.5638323643410853 0.5555353682170543 0.5664365310077519
0 0.5614098837209303 0.5646196705426356 0.5593507751937985 0.5641957364341085 0.5577156007751938 0.5623788759689923 0.5572311046511629 0.5603803294573644 0.5572916666666666 0.5577761627906976 0.5593507751937985 0.5568071705426356 0.5626816860465116 0.5562621124031009 0.5641351744186047 0.55765503875969 0.5653464147286822 0.5606225775193798 0.564437984496124 0.5627422480620156
0 0.46652013251783897 0.5133473496432212 0.46371687054026495 0.5137933231396533 0.4614870030581039 0.5126465341488277 0.4602127930682976 0.5107989296636085 0.4611684505606524 0.5081867991845056 0.4624426605504588 0.5067214576962283 0.4655007645259938 0.5065940366972477 0.46792176350662584 0.5085690621814475
0 0.47856141692150855 0.5085690621814475 0.4763952599388379 0.5085690621814475 0.4746750764525994 0.5072311416921508 0.47461136595310904 0.5050649847094801 0.4765226809378186 0.5027076962283384 0.47951707441386343 0.5027714067278288 0.48110983690112125 0.5043641692150866 0.48142838939857296 0.5069762996941897
0 0.4974899598393575 0.5015896921017403 0.4946452476572959 0.5002510040160643 0.49364123159303885 0.4979082998661313 0.4943105756358769 0.49506358768406966 0.49740629183400276 0.49380856760374836 0.5000836680053548 0.49539825970548873 0.5007530120481928 0.498661311914324 0.49841030789825974 0.5015060240963856
0 0.5222556894243642 0.5043507362784472 0.5179886211512718 0.5038487282463187 0.5163989290495316 0.5025100401606427 0.5149765729585007 0.49907965194109777 0.5169009370816601 0.4955655957161982 0.5215863453815262 0.49497991967871496 0.524347389558233 0.4975736278447122 0.524682061579652 0.5012550200803214
0 0.4639041514041514 0.49290293040293043 0.4610042735042735 0.4942002442002443 0.4577228327228327 0.49358974358974367 0.4551282051282052 0.492063492063492 0.4543650793650793 0.489545177045177 0.45489926739926734 0.4858058608058608 0.4591727716727716 0.48290598290598286 0.4627594627594628 0.48267704517704524 0.4655067155067155 0.48588217338217343 0.4655067155067155 0.4901556776556777
0 0.4845848595848596 0.48550061050061044 0.4829822954822955 0.48611111111111105 0.4793192918192919 0.485576923076923 0.47672466422466414 0.4835164835164835 0.4761904761904761 0.4801587301587301 0.47664835164835173 0.4769536019536019 0.4823717948717948 0.4742826617826618 0.48656898656898645 0.4762667887667887 0.48771367521367515 0.4800061050061049 0.48748473748473753 0.4836691086691087
0 0.5095687984496124 0.4732921511627907 0.5074491279069768 0.47317102713178294 0.5055111434108527 0.47238372093023256 0.5039970930232558 0.47099079457364346 0.5036942829457364 0.46850775193798455 0.5047843992248062 0.46517684108527135 0.5089631782945737 0.4637839147286822 0.5129602713178295 0.46650920542635665 0.5129602713178295 0.47002180232558144 0.5114462209302326 0.4732315891472869
0 0.5561131386861313 0.4879866180048662 0.5528436739659367 0.48760644768856454 0.548889902676399 0.48464111922141123 0.548433698296837 0.4806873479318735 0.5507147201946472 0.4774178832116789 0.5548205596107055 0.4755930656934307 0.559610705596107 0.4780261557177616 0.5605231143552312 0.4819799270072993 0.5593065693430657 0.48638990267639903
0 0.5425790754257908 0.4907998783454988 0.5390054744525548 0.49156021897810215 0.5364203163017032 0.49064781021897813 0.5348996350364964 0.48699817518248173 0.5371806569343065 0.48456508515815083 0.5409823600973236 0.4838047445255474 0.5431873479318735 0.486161800486618
0 0.46164965986394557 0.42763605442176866 0.4607993197278912 0.43154761904761907 0.45612244897959187 0.4344387755102041 0.45127551020408163 0.43384353741496595 0.4476190476190476 0.43061224489795913 0.44753401360544215 0.4256802721088435 0.44880952380952377 0.42261904761904756 0.4526360544217687 0.4199829931972789 0.4578231292517007 0.4206632653061224 0.46156462585034014 0.42457482993197276
0 0.4608843537414966 0.39804421768707476 0.4601190476190476 0.40204081632653055 0.4581632653061225 0.4061224489795918 0.45323129251700683 0.40671768707482986 0.4483843537414966 0.4055272108843537 0.4464285714285714 0.4007653061224489 0.44744897959183677 0.39583333333333326 0.4526360544217687 0.39260204081632644 0.4578231292517007 0.39370748299319724
0 0.45612244897959187 0.38052721088435365 0.4508503401360544 0.38044217687074827 0.4465986394557823 0.37882653061224486 0.4451530612244898 0.3759353741496598 0.44600340136054417 0.36947278911564624 0.45025510204081637 0.3664965986394558 0.4547619047619047 0.36598639455782306 0.45807823129251696 0.36862244897959184 0.46003401360544216 0.3738945578231292 0.4590136054421769 0.378656462585034
0 0.6487873134328358 0.36997305140961867 0.6480617744610282 0.3757773631840796 0.6429830016583749 0.38199626865671643 0.6357276119402985 0.38375829187396354 0.6279539800995024 0.38199626865671643 0.6250518242122719 0.3763992537313433 0.6238080431177446 0.36997305140961867 0.6263992537313433 0.3628213101160863 0.6318926202321724 0.35877902155887237 0.6380078772802653 0.3573279436152571 0.6444340796019901 0.3590899668325042 0.6488909618573798 0.36624170812603657
0 0.6655613612004287 0.37891881028938906 0.6621449624866025 0.37483252947481244 0.661341103965702 0.3700763665594855 0.6620109860664523 0.3643823687031083 0.6670351018220794 0.35868837084673105 0.6725951232583065 0.35687968917470525 0.6801647909967846 0.358755359056806 0.6850549303322615 0.3645163451232583 0.686260718113612 0.37168408360128624 0.6836481779206861 0.37670819935691324 0.6794279206859593 0.3809284565916398 0.6719252411575563 0.38200026795284026
0 0.6490977112676057 0.31503080985915494 0.6469703638497654 0.3227332746478873 0.6418353873239437 0.3270613262910798 0.6357467723004695 0.3280883215962442 0.630024941314554 0.32610768779342725 0.6253301056338029 0.32177963615023475 0.6237896126760564 0.3135636737089202 0.6263571009389672 0.30703491784037557 0.6313453638497654 0.30314700704225356 0.6394879694835681 0.30219336854460094 0.6466769366197184 0.3068882042253521
0 0.6735255281690141 0.3251540492957747 0.6668500586854461 0.3238336267605634 0.6613482981220659 0.3206792840375587 0.6582673122065728 0.3134169600938967 0.6598078051643194 0.30637470657277 0.6636957159624414 0.3019732981220657 0.66912411971831 0.2994791666666667 0.6758729460093897 0.3001393779342723 0.6815214201877935 0.3038805751173709 0.6843823356807512 0.3096757629107981 0.6835020539906105 0.31730487089201875 0.6794674295774649 0.3222197769953052
0 0.6156904186795491 0.2840680354267311 0.6119665861513688 0.2827596618357488 0.6094504830917875 0.279237117552335 0.6095511272141707 0.27611714975845414 0.6125704508856683 0.27239331723027377 0.6177033011272142 0.2714875201288245 0.6209239130434784 0.2750100644122383 0.6211252012882449 0.28004227053140096
0 0.665006038647343 0.27833132045088566 0.6570551529790661 0.27903582930756843 0.6507145732689211 0.27521135265700486 0.6480978260869565 0.27027979066022545 0.6473933172302738 0.26363727858293073 0.6509158615136876 0.2586050724637681 0.6545390499194848 0.2547805958132045 0.6615841384863125 0.25427737520128824 0.6671195652173914 0.25578703703703703 0.6716485507246377 0.26263083735909826 0.6723530595813204 0.26987721417069244 0.6686292270531401 0.2777274557165862
0 0.6847322866344605 0.23636272141706927 0.6769826892109502 0.23525563607085345 0.671346618357488 0.22901570048309183 0.6700382447665056 0.22197061191626408 0.6726549919484702 0.2147242351046699 0.6775865539452497 0.2101952495974235 0.6879528985507247 0.21029589371980678 0.6928844605475041 0.21422101449275363 0.6950986312399355 0.22358091787439616 0.6932870370370371 0.23082729468599036
0 0.5494791666666666 0.19845281862745107 0.5467218137254902 0.19730392156862753 0.5445772058823529 0.19561887254901966 0.5439644607843137 0.1920955882352942 0.5458026960784313 0.18903186274509812 0.5495557598039216 0.18803615196078438 0.5533854166666666 0.18964460784313733 0.5543045343137255 0.19454656862745107
0 0.5503982843137255 0.21093750000000006 0.5471813725490197 0.21055453431372556 0.5454197303921569 0.20818014705882362 0.5449601715686274 0.20572916666666677 0.5452665441176471 0.20289522058823536 0.5482536764705882 0.20067401960784317 0.5529258578431373 0.20143995098039222 0.5548406862745098 0.20389093137254907 0.5546875 0.20833333333333337 0.551547181372549 0.21047794117647067
0 0.5526194852941176 0.2237285539215687 0.5481770833333334 0.22280943627450986 0.5449601715686274 0.21989889705882362 0.5448069852941176 0.21629901960784317 0.5488664215686274 0.21338848039215697 0.5537683823529411 0.21400122549019612 0.5559895833333334 0.21721813725490202 0.5543811274509803 0.22181372549019612
0 0.5520067401960784 0.2362898284313726 0.5485600490196079 0.23537071078431382 0.546109068627451 0.2323835784313726 0.5463388480392156 0.22878370098039222 0.5487898284313726 0.22648590686274517 0.5530024509803921 0.22610294117647067 0.5562959558823529 0.22909007352941183 0.5563725490196079 0.23406862745098048
0 0.5724385245901639 0.22168715846994538 0.5703210382513662 0.2223019125683061 0.5664959016393442 0.2213456284153006 0.5656079234972677 0.21950136612021864 0.5655396174863387 0.21656420765027326 0.5677254098360656 0.21451502732240443 0.5710040983606557 0.21410519125683067 0.5733948087431693 0.2172472677595629 0.5735314207650273 0.2204576502732241
0 0.5712090163934427 0.23357240437158477 0.5682718579234972 0.23288934426229513 0.5664959016393442 0.23063524590163942 0.5663592896174863 0.22803961748633886 0.5680669398907103 0.2257855191256831 0.5711407103825136 0.22476092896174868 0.573872950819672 0.22667349726775962 0.5747609289617486 0.23002049180327874 0.5731898907103825 0.23282103825136616
0 0.5802254098360655 0.2298838797814208 0.5768784153005464 0.22824453551912574 0.5761953551912569 0.22585382513661206 0.5766734972677596 0.22332650273224047 0.5789275956284153 0.22175546448087435 0.5822062841530055 0.22175546448087435 0.5843920765027323 0.22359972677595635 0.5852117486338797 0.22619535519125686 0.5837090163934426 0.2289959016393443
0 0.5803620218579235 0.21929644808743173 0.5783128415300546 0.21895491803278694 0.5762636612021858 0.2172472677595629 0.5753756830601093 0.21499316939890714 0.5764685792349726 0.21239754098360664 0.5784494535519126 0.21055327868852464 0.5826161202185792 0.21109972677595634 0.5841188524590164 0.21342213114754102 0.5835040983606558 0.21731557377049185
0 0.5930669398907104 0.22646857923497274 0.5906762295081966 0.22605874316939895 0.5890368852459016 0.2238729508196722 0.5893784153005464 0.2210040983606558 0.5918374316939891 0.2199112021857924 0.5948428961748633 0.2201161202185793 0.5961407103825136 0.2238729508196722 0.5949795081967213 0.22585382513661206
0 0.5914275956284153 0.2183401639344263 0.5888319672131147 0.2179986338797815 0.5864412568306011 0.2164959016393443 0.586577868852459 0.21410519125683067 0.5880806010928962 0.21123633879781428 0.5920423497267759 0.21130464480874322 0.5940915300546448 0.21424180327868858 0.5921106557377048 0.21820355191256838
0 0.4246669278996866 0.1598419540229885 0.42179336468129575 0.16062565308254964 0.4186585684430512 0.1599725705329154 0.41578500522466044 0.15807863113897597 0.41558908045977017 0.15370297805642635 0.41774425287356326 0.1507641065830721 0.42133620689655177 0.14847831765935215 0.4250587774294671 0.1497844827586207 0.42701802507836994 0.1533111285266458 0.42636494252873564 0.1586010971786834
0 0.4411246081504702 0.16082157784743994 0.43779388714733547 0.1602991118077325 0.43478970741901773 0.15873171368861028 0.4340713166144201 0.15533568443051204 0.43518155694879834 0.15141718913270638 0.438185736677116 0.1490007836990596 0.44308385579937304 0.149066091954023 0.4455002612330199 0.15272335423197494 0.4446512539184953 0.15709900731452459
0 0.4222505224660397 0.14364550679205854 0.41878918495297807 0.1428618077324974 0.4155237722048067 0.14070663531870434 0.41526253918495304 0.13659221525600837 0.4170258620689655 0.13319618599791014 0.421074973876698 0.13169409613375133 0.4251240856844305 0.13509012539184956 0.42623432601880884 0.13855146290491122 0.4244056948798328 0.14214341692789972
0 0.44373693834900735 0.1431230407523511 0.4381204284221526 0.14344958202716826 0.4343325496342738 0.14044540229885058 0.4342672413793104 0.13522074190177638 0.43733672936259144 0.13169409613375133 0.4423001567398119 0.1316287878787879 0.44563087774294674 0.13515543364681298 0.445369644723093 0.14083725182863116
