0 0.25128472222222226 0.8332986111111111 0.25128472222222226 0.8393402777777778 0.24788194444444447 0.8455208333333333 0.24114583333333334 0.8478124999999999 0.2321875 0.8448263888888888 0.22961805555555556 0.8405208333333333 0.2298263888888889 0.8351041666666665 0.2316319444444445 0.8301736111111111 0.23489583333333333 0.8265624999999999 0.24322916666666666 0.8246180555555556 0.24836805555555558 0.8289930555555555
0 0.2803819444444445 0.8371874999999999 0.28003472222222225 0.8446874999999999 0.2746875 0.8501736111111111 0.26440972222222225 0.8505208333333333 0.25927083333333334 0.8455208333333333 0.2582291666666667 0.8376736111111112 0.2621875 0.8317708333333332 0.26885416666666667 0.8294097222222222 0.27579861111111115 0.8305902777777778
0 0.30768034825870655 0.8373237976782753 0.30985696517412936 0.8446828358208955 0.30778399668325046 0.8522491708126037 0.3024979270315092 0.8549440298507462 0.29254767827529027 0.8541148424543947 0.2890236318407961 0.8493470149253731 0.28746890547263687 0.8414697346600332 0.2903710613598674 0.8364946102819237 0.2979373963515755 0.8323486733001658 0.3051927860696518 0.833903399668325
0 0.33794568822553905 0.8411587893864013 0.33898217247097845 0.8489324212271974 0.3346289386401327 0.8567060530679934 0.326233416252073 0.8584680762852405 0.31814883913764513 0.8549440298507462 0.31607587064676623 0.8475849917081261 0.31980721393034833 0.8389821724709784 0.3290319237147596 0.83587271973466 0.33493988391376456 0.8385675787728026
0 0.2980410447761194 0.8040526533996684 0.2993884742951908 0.8099606135986732 0.3005286069651742 0.8169050580431176 0.2958644278606966 0.8211546434494197 0.28912728026534 0.8232276119402985 0.2842558043117745 0.8216728855721392 0.27928067993366507 0.8184597844112769 0.2777259535655059 0.81224087893864 0.27948797678275294 0.8058146766169153 0.2858105306799337 0.8015650912106135 0.2920294361525705 0.7999067164179103
0 0.3206364013266999 0.806643864013267 0.32208747927031517 0.814210199004975 0.31897802653399676 0.8192889718076285 0.3129664179104478 0.8209473466003316 0.30716210613598677 0.8182524875621892 0.30560737976782754 0.8124481757877281 0.30768034825870655 0.8055037313432835 0.3185634328358209 0.8033271144278608
0 0.3093780019212296 0.7829010566762727 0.31039865513928916 0.7863232468780019 0.3099183477425552 0.7904658981748318 0.30703650336215177 0.7917267050912584 0.3025336215177714 0.7911863592699326 0.3007324687800192 0.788784822286263 0.3004322766570605 0.785362632084534 0.3022934678194044 0.7822406340057636 0.30547550432276654 0.7811599423631124
0 0.31928434197886646 0.7699327569644571 0.319164265129683 0.7732949087415946 0.31664265129683 0.7765369836695484 0.31243996157540826 0.777137367915466 0.3093780019212296 0.7755163304514888 0.3075168107588857 0.7730547550432276 0.3076969260326609 0.7691522574447646 0.30943804034582134 0.7659702209414024 0.31526176753122 0.765129682997118 0.3180835734870317 0.7665105667627281
0 0.32210614793467823 0.7856628242074928 0.32312680115273773 0.7886647454370795 0.3225864553314121 0.7912463976945244 0.32042507204610954 0.7930475504322767 0.31784341978866476 0.7933477425552353 0.3150816522574448 0.7925072046109508 0.3129202689721422 0.7900456292026896 0.31352065321805955 0.7858429394812679 0.3173631123919309 0.7833813640730067
0 0.33399375600384246 0.769512487992315 0.33441402497598466 0.7750960614793466 0.332252641690682 0.7774375600384246 0.32931075888568684 0.7790585975024015 0.3246277617675312 0.7780979827089337 0.32222622478386165 0.7744956772334294 0.3227065321805956 0.7704731027857827 0.32576849183477424 0.7675312199807875 0.33075168107588854 0.7670509125840537
0 0.3341138328530259 0.7866234390009605 0.33531460134486074 0.7893251681075887 0.3353746397694524 0.7926873198847262 0.33267291066282423 0.7948487031700288 0.3297910662824207 0.7947286263208452 0.32817002881844376 0.7943683957732948 0.325828530259366 0.7918467819404417 0.3256484149855908 0.7878842459173871 0.32877041306436117 0.7852425552353506 0.33315321805955816 0.7848222862632085
0 0.3508045148895293 0.7693924111431315 0.3509245917387128 0.7731147934678193 0.3481628242074928 0.7764769452449568 0.34486071085494713 0.7768972142170989 0.3402377521613833 0.7756964457252642 0.3393371757925072 0.772754562920269 0.33915706051873196 0.7686719500480307 0.3423991354466859 0.7664505283381363 0.3465417867435159 0.7654298751200768 0.34936359269932754 0.7673511047070124
0 0.3484029779058598 0.7852425552353506 0.3490033621517772 0.7886047070124879 0.3481628242074928 0.7922070124879922 0.34390009606147937 0.7925072046109508 0.34041786743515845 0.7913664745437079 0.3393371757925072 0.789265129682997 0.3398174831892411 0.7857829010566763 0.3432396733909702 0.7830211335254562 0.34738232468780017 0.7838016330451488
0 0.3637728146013448 0.7725744476464936 0.3634726224783862 0.7764169068203649 0.3598102785782901 0.7777377521613832 0.3571085494716619 0.7774975984630162 0.35470701248799236 0.7754562920268971 0.3540465898174832 0.7716738712776176 0.3560278578290106 0.7687920268972142 0.3601104707012488 0.7681916426512967 0.3628722382324688 0.7705931796349662
0 0.36257204610951005 0.7878842459173871 0.36101104707012494 0.7924471661863592 0.3580091258405379 0.7947286263208452 0.35410662824207495 0.7943683957732948 0.3517651296829971 0.7923871277617676 0.3518852065321806 0.788124399615754 0.3535662824207492 0.7856628242074928 0.3562680115273775 0.7844020172910662 0.3595701248799232 0.7846421709894331
0 0.37175792507204614 0.7901657060518732 0.3715778097982709 0.7932877041306434 0.36977665706051877 0.7946685878962536 0.36575408261287223 0.7947886647454371 0.3643731988472622 0.7926272814601344 0.3637728146013448 0.7893852065321806 0.36677473583093173 0.787223823246878 0.3700768491834774 0.7869236311239192
0 0.38136407300672426 0.7910062439961575 0.381424111431316 0.7949087415946205 0.37776176753122 0.7963496637848221 0.37512007684918347 0.7955691642651297 0.37415946205571565 0.7932276657060519 0.3740393852065322 0.7901056676272813 0.3757204610951008 0.7883645533141209 0.3790225744476465 0.7880043227665704
0 0.3742795389048992 0.774795869356388 0.37421950048030744 0.7782180595581172 0.36917627281460136 0.7788784822286263 0.3661143131604227 0.7765369836695484 0.36665465898174837 0.772754562920269 0.37025696445725265 0.7705931796349662 0.37325888568683957 0.7715537944284342
0 0.3843059558117195 0.7761167146974063 0.38190441882805 0.7796589817483189 0.37812199807877034 0.7801993275696446 0.3759606147934678 0.7779779058597501 0.37608069164265134 0.7755163304514888 0.3772214217098943 0.7724543707973102 0.38046349663784823 0.7719740634005764 0.3831652257444765 0.7737151777137368
0 0.3154518619436876 0.7471616712079927 0.31505449591280654 0.7513056312443234 0.3120458673932788 0.7540304268846504 0.305858310626703 0.7540871934604905 0.30330381471389645 0.7520435967302451 0.3029632152588556 0.7476158038147139 0.3045526793823797 0.7435853769300635 0.30858310626703 0.7418823796548591 0.31170526793823794 0.7422229791099
0 0.32356948228882837 0.7401793823796549 0.3196525885558583 0.7402361489554949 0.3157356948228883 0.7381357856494096 0.314827429609446 0.7339918256130791 0.31613306085376935 0.7296207992733877 0.3198796548592189 0.7284287011807448 0.32419391462306996 0.728542234332425 0.32618074477747505 0.7324023614895548 0.3266348773841962 0.7355812897366031 0.3257266121707538 0.7384196185286104
0 0.32839464123524065 0.7501135331516803 0.3267484105358765 0.7540871934604905 0.3230018165304269 0.7553928247048137 0.31959582198001824 0.7544845594913715 0.3178928247048138 0.7513056312443234 0.319141689373297 0.7461966394187103 0.3224341507720254 0.7450613079019074 0.3258969118982743 0.7452316076294278
0 0.3543369663941871 0.7519300635785648 0.3520095367847411 0.7549386920980926 0.3472979109900091 0.7540871934604905 0.34440281562216163 0.7522138964577656 0.34440281562216163 0.7484673024523161 0.3467870118074477 0.7447774750227066 0.35178247048138056 0.7451180744777475 0.35439373297002724 0.7484105358764759
0 0.3535422343324251 0.7405767484105359 0.3491712079927338 0.7397820163487738 0.3466734786557674 0.7367733878292462 0.3462193460490463 0.732799727520436 0.34860354223433243 0.7295640326975477 0.35303133514986373 0.7293369663941871 0.3559831970935513 0.7326294277929155 0.35621026339691186 0.7361489554950045 0.3547910990009082 0.7388169845594913
0 0.3635004125412541 0.7463902640264026 0.3664913366336634 0.7490202145214522 0.3662850660066007 0.7542285478547855 0.3638098184818482 0.755569306930693 0.35968440594059403 0.7563428217821783 0.35782797029702973 0.7546410891089109 0.35664191419141916 0.7521658415841583 0.35664191419141916 0.7491233498349834 0.3597359735973597 0.746802805280528
0 0.3682962046204621 0.7341687293729372 0.36865717821782173 0.7371596534653465 0.36674917491749176 0.7402537128712872 0.36313943894389433 0.7410272277227722 0.3599422442244224 0.7394801980198019 0.35865305280528054 0.7370049504950494 0.3588077557755775 0.7337046204620462 0.3616955445544554 0.7311262376237625 0.3654599834983498 0.7306105610561056
0 0.37876443894389433 0.7354063531353134 0.37876443894389433 0.739944306930693 0.3755156765676568 0.7416460396039604 0.3728341584158416 0.7407693894389439 0.37128712871287123 0.7381394389438943 0.37133869636963696 0.7347359735973596 0.3746390264026403 0.7331373762376238
0 0.3883044554455445 0.73819100660066 0.3876856435643565 0.741233498349835 0.3841274752475248 0.7430383663366337 0.3816006600660066 0.7414913366336634 0.380569306930693 0.7385519801980198 0.3814975247524752 0.7353547854785478 0.3838180693069307 0.7344781353135313 0.3877372112211221 0.7354063531353134
0 0.3773721122112211 0.7517017326732673 0.37665016501650167 0.7555177392739273 0.3723700495049505 0.7569616336633663 0.36927599009900985 0.7552083333333334 0.36927599009900985 0.7520111386138613 0.3702557755775578 0.7495358910891089 0.3742264851485148 0.7481951320132013
0 0.38433374587458746 0.7577351485148516 0.3814975247524752 0.7577351485148516 0.37964108910891087 0.7561365511551155 0.37860973597359737 0.7527330858085808 0.38134282178217827 0.7497421617161716 0.38515882838283827 0.7503609735973596 0.3864480198019802 0.7529393564356436 0.38624174917491755 0.7554661716171616
0 0.50390625 0.8015252976190477 0.5098586309523809 0.8022693452380952 0.5119667658730158 0.8078497023809523 0.5098586309523809 0.8133060515873015 0.5034102182539683 0.8151661706349206 0.4991939484126984 0.8118179563492063 0.49894593253968256 0.8073536706349206 0.5004340277777777 0.8042534722222222
0 0.5096106150793651 0.8004092261904762 0.50390625 0.798921130952381 0.5010540674603174 0.7954489087301587 0.5009300595238095 0.7901165674603173 0.5047743055555555 0.7854042658730159 0.5110987103174603 0.7856522817460319 0.5144469246031746 0.791108630952381 0.5135788690476191 0.7959449404761905
0 0.49510168650793646 0.8129340277777778 0.4890252976190476 0.8121899801587302 0.4855530753968254 0.8108258928571429 0.4835689484126984 0.8068576388888888 0.48480902777777773 0.8012772817460319 0.4908854166666667 0.7991691468253969 0.49584573412698413 0.8005332341269841
0 0.49435763888888884 0.7981770833333333 0.4884052579365079 0.796937003968254 0.48654513888888884 0.7937127976190477 0.48542906746031744 0.7885044642857143 0.48766121031746035 0.7850322420634921 0.49423363095238093 0.7841641865079364 0.49832589285714285 0.7877604166666665 0.4972098214285714 0.7934647817460319
0 0.4813368055555555 0.8083457341269841 0.47488839285714285 0.8099578373015872 0.47203621031746035 0.8078497023809523 0.47092013888888884 0.8040054563492063 0.47166418650793646 0.8009052579365079 0.47426835317460314 0.798797123015873 0.47997271825396826 0.7992931547619048 0.48183283730158727 0.804873511904762
0 0.4800967261904762 0.794828869047619 0.4763764880952381 0.7945808531746031 0.4734002976190476 0.7922247023809523 0.47265625 0.7883804563492063 0.4737723214285714 0.7850322420634921 0.4773685515873016 0.7830481150793651 0.48245287698412703 0.7852802579365079 0.4829489087301587 0.7881324404761905
0 0.46831232492997193 0.7994281045751633 0.4684873949579831 0.8035130718954249 0.46732026143790845 0.8067226890756303 0.4641106442577031 0.807422969187675 0.46020074696545277 0.8067810457516339 0.45868347338935567 0.803454715219421 0.4592086834733893 0.7989028944911297 0.4634103641456583 0.7967436974789917
0 0.47076330532212884 0.7904995331465918 0.4669117647058823 0.7923085901027078 0.4635270774976656 0.7919000933706817 0.4609010270774975 0.7896825396825398 0.4599089635854341 0.7864729225023342 0.46148459383753504 0.7828548085901027 0.46551120448179273 0.7816293183940243 0.4699463118580765 0.7837885154061625 0.47093837535014 0.7881652661064427
0 0.45576563958916894 0.8024042950513539 0.4547152194211018 0.8041549953314658 0.45243930905695606 0.8047385620915033 0.45045518207282914 0.8043300653594772 0.44864612511671337 0.8021708683473389 0.4487628384687207 0.7991363211951447 0.45092203548085896 0.7967436974789917 0.45477357609710545 0.7972105508870214 0.4565826330532212 0.8005368814192343
0 0.4553571428571428 0.7910830999066294 0.4507469654528478 0.7907329598506069 0.4474789915966386 0.7862394957983194 0.4485294117647059 0.7818043884220354 0.4534313725490195 0.7800536881419234 0.4568744164332399 0.7826213818860877 0.4571078431372549 0.7857726423902894 0.45664098972922507 0.7895658263305323
0 0.44561157796451917 0.8025210084033614 0.44234360410831 0.8038048552754435 0.43942577030812324 0.8022875816993464 0.43890056022408963 0.7994864612511672 0.43977591036414554 0.7963352007469655 0.44286881419234364 0.7956349206349207 0.44572829131652647 0.7966853408029878 0.44660364145658266 0.8003034547152194
0 0.4453781512605042 0.7863562091503267 0.4428104575163398 0.7879901960784313 0.43890056022408963 0.7876984126984127 0.43790849673202614 0.7849556489262371 0.4387838468720821 0.7809873949579833 0.44105975723622787 0.7797619047619048 0.4446195144724555 0.7813375350140056 0.4454948646125117 0.7841970121381886
0 0.509170819490587 0.7642234219269103 0.5136004983388704 0.7647771317829457 0.5160229789590254 0.7687915282392026 0.5151924141749723 0.7739825581395349 0.510970376522702 0.7776508859357696 0.5055717054263565 0.775297619047619 0.5037721483942414 0.77093715393134 0.5035645071982281 0.7680993909191584
0 0.5134620708748615 0.7622162236987818 0.5066099114064231 0.7591016057585825 0.5059177740863787 0.7546027131782945 0.5072328349944629 0.7510728128460686 0.5120085825027686 0.749204042081949 0.5157461240310077 0.74968853820598 0.5179609634551495 0.7535645071982281 0.5180301771871539 0.7571636212624585
0 0.500795957918051 0.7669919712070875 0.4999653931339978 0.7729443521594683 0.49671234772978956 0.7750207641196013 0.49131367663344405 0.7745362679955702 0.48861434108527135 0.7716985049833887 0.4884759136212624 0.7686531007751938 0.48868355481727577 0.7662306201550387 0.4915905315614618 0.7631160022148393 0.4980274086378737 0.7630467884828349
0 0.49871954595791806 0.759032392026578 0.4947743632336655 0.7595861018826136 0.4911060354374308 0.7568867663344407 0.4904138981173865 0.753702934662237 0.49096760797342187 0.750173034330011 0.49276716500553713 0.7480966223698782 0.4983734772978959 0.7468507751937984 0.5017649501661129 0.7490656146179401 0.5024570874861573 0.7521802325581395 0.502733942414175 0.7547411406423034 0.5007267441860466 0.7584786821705426 0.4989271871539313 0.7597245293466224
0 0.4861226467331119 0.7701065891472868 0.4834925249169435 0.7716985049833887 0.47906284606866006 0.7716985049833887 0.47650193798449614 0.7691375968992248 0.47594822812846066 0.7647771317829457 0.47899363233665565 0.7620085825027686 0.4841154485049834 0.762077796234773 0.4862610741971207 0.7647771317829457
0 0.48605343300110737 0.7555024916943521 0.48238510520487266 0.7563330564784053 0.47864756367663347 0.7549487818383167 0.4776785714285714 0.7519033776301217 0.4783014950166113 0.7485119047619048 0.480031838316722 0.747266057585825 0.48321566998892584 0.7463662790697674 0.4868147840531561 0.7478889811738649 0.48785299003322263 0.750795957918051 0.4872992801771871 0.7547411406423034
0 0.47324889258028796 0.7683762458471761 0.47006506090808414 0.7698989479512736 0.46695044296788485 0.7701758028792912 0.4645279623477298 0.7683070321151717 0.46321290143964566 0.764500276854928 0.46508167220376523 0.7610395902547065 0.4693037098560354 0.76000138427464 0.472625968992248 0.762562292358804 0.4737333887043189 0.7663690476190476
0 0.4717954042081949 0.7546027131782945 0.4681270764119601 0.754187430786268 0.46584302325581395 0.7528723698781838 0.4649432447397564 0.7487887596899224 0.4661198781838317 0.7458817829457364 0.47048034330011074 0.7442898671096345 0.47470238095238093 0.7467123477297896 0.4750484496124031 0.7507267441860465 0.47394102990033216 0.7534952934662237
0 0.4594753599114064 0.7668535437430786 0.457468161683278 0.7675456810631229 0.45469961240310075 0.7665074750830564 0.4533153377630122 0.7629775747508305 0.45421511627906974 0.7599321705426356 0.4587832225913621 0.7601398117386489 0.46099806201550386 0.7630467884828349
0 0.45151578073089704 0.7635312846068659 0.44853959025470647 0.7670611849390919 0.44355620155038766 0.7652616279069767 0.4427256367663345 0.7608319490586932 0.44514811738648946 0.758547895902547 0.44930094130675524 0.758547895902547
0 0.4606519933554818 0.7534952934662237 0.45670681063122925 0.753702934662237 0.4540766888150609 0.7519725913621261 0.4524155592469546 0.7491348283499446 0.45276162790697677 0.7453280730897011 0.4568452380952381 0.7432516611295681 0.46169019933554817 0.7451204318936877 0.46272840531561465 0.74968853820598
0 0.44999307862679955 0.7496193244739756 0.4463939645625692 0.7505883167220376 0.44410991140642303 0.7498269656699889 0.44300249169435213 0.7467123477297896 0.4438330564784053 0.7434593023255813 0.4476398117386489 0.7424903100775194 0.4494393687707641 0.7446359357696567
